800
399
400
343
768
367
970
524
121
253
711
24
320
233
1332
1589
1499
550
1522
117
1277
1222
246
1038
231
331
164
1526
1141
1093
498
1116
1000
802
336
1483
1314
1386
232
433
1269
936
293
1064
988
879
179
514
998
1358
157
835
434
81
1069
41
1408
1535
1323
1292
1001
1191
197
211
273
1588
453
1066
5
115
1328
963
1430
1369
614
88
765
704
1533
793
1496
265
480
1150
939
413
255
1456
429
375
1368
530
250
495
1234
1515
201
647
1048
729
896
1195
1080
865
687
1129
394
1460
1338
119
1089
1264
168
431
890
659
790
11
1311
352
1258
971
181
1220
1525
752
289
1094
1088
563
10
74
1014
582
196
682
1346
1050
776
740
442
27
1537
1082
192
1316
1004
717
230
186
178
1549
348
317
987
1573
1287
1590
1172
1144
569
994
259
185
795
1337
1439
1124
462
628
862
664
316
54
840
723
1551
934
746
400
579
586
692
1176
834
536
468
189
1196
346
1016
930
571
1524
591
1095
1283
107
1596
861
1053
228
449
251
925
556
1046
177
279
457
555
1444
972
1248
60
221
565
1
1366
1022
491
1342
309
481
1538
598
120
1580
785
1288
368
286
1447
1594
281
1434
173
1422
811
977
718
1541
1487
927
674
109
22
736
824
599
809
143
657
122
262
144
128
28
341
288
597
771
844
1185
891
769
1504
1566
515
1464
1105
424
1162
639
1468
772
1572
1587
95
847
1151
295
756
187
345
38
1355
709
868
1501
508
99
773
1577
1494
1333
1020
58
412
329
552
416
489
332
222
949
828
415
1416
160
1217
788
688
985
1372
502
1329
997
1414
1146
652
1059
694
568
864
1512
93
355
1451
979
1002
1384
1457
600
325
479
193
1023
964
1278
540
677
821
954
398
444
129
483
243
1295
722
488
170
404
784
640
307
592
149
242
1203
1259
137
382
942
1133
588
783
726
1025
371
956
175
1040
715
1290
323
1307
1554
1309
280
623
525
62
370
829
452
258
1193
1182
399
1112
716
337
154
1404
620
458
1388
1547
1227
182
359
369
247
737
322
236
1261
731
713
534
78
1106
1411
539
504
152
733
1115
365
663
1509
1214
241
958
1345
1224
1231
583
661
791
174
423
1210
505
1058
1103
1582
626
799
1472
203
83
762
136
838
126
992
1035
1376
1074
869
800
1458
1523
649
624
738
1165
391
807
321
991
1275
69
206
935
1237
397
575
878
1500
406
1539
1435
603
1186
71
596
314
681
64
755
39
1097
1003
1276
689
1381
1209
220
1491
1574
209
1204
975
863
770
1138
1042
946
75
933
448
475
1123
1213
1232
912
1385
176
951
284
1249
1110
900
470
881
1063
1432
447
1429
961
163
1192
374
551
606
710
1267
1412
1179
148
712
796
1520
1581
653
1127
918
158
1122
669
426
439
1584
244
1302
578
817
239
333
842
1199
1286
544
7
532
895
1169
804
1304
1544
342
643
353
294
744
1272
1568
190
1301
1321
171
1319
1086
53
851
86
553
635
1215
290
1084
1175
527
1415
1555
1343
561
572
338
1043
1247
1009
1565
151
986
818
16
1075
1413
1229
832
460
978
1510
349
787
1324
728
165
801
1576
1361
1197
17
330
1083
1583
1407
465
302
1598
131
1395
46
761
567
780
408
385
1433
831
719
1362
1532
268
1330
1382
108
1006
428
962
1397
870
1359
909
1516
79
1420
1244
1073
703
1056
967
816
1556
1375
906
1591
1402
1569
1437
159
1440
1530
913
754
732
908
914
521
585
690
1387
1030
1476
1560
1190
1034
1380
872
1479
57
779
225
116
1377
310
123
395
31
277
1340
651
213
112
1370
130
380
520
1454
1032
33
1441
351
1339
278
1392
1140
874
953
20
1139
1049
125
1519
224
1128
30
113
1529
1391
326
880
402
1409
377
1238
102
625
40
593
645
207
414
1364
513
263
455
274
1268
1070
141
1153
980
68
1378
318
275
9
1206
798
743
1239
306
1427
1079
833
1266
473
658
184
1282
893
519
311
1057
576
1536
153
1480
1349
14
1431
237
443
360
200
92
968
1170
188
48
135
644
1161
1178
492
195
1383
882
697
1513
147
819
916
362
127
256
305
383
671
1542
1354
169
566
1481
1113
735
587
1159
450
296
1360
1289
873
1298
512
1394
276
205
1251
501
421
1438
670
922
1553
59
134
1017
826
1293
1426
1108
1155
852
497
616
1145
1201
1158
162
932
1119
82
1421
969
61
97
202
1390
763
693
546
229
1495
1135
70
384
410
227
1011
52
905
172
1400
49
1453
860
1068
1279
494
931
208
1240
381
437
1065
778
594
750
363
36
714
1334
1550
822
1493
1061
29
354
1081
1253
1019
347
537
357
432
1208
340
456
210
1071
1317
915
315
499
249
608
139
1567
364
549
1312
672
686
1280
240
493
1313
183
685
1007
1502
547
1474
1202
684
812
843
1570
1200
1564
509
1353
1225
1389
469
204
1475
830
506
1072
655
358
441
264
1255
467
984
216
324
1085
680
1041
721
1347
612
707
1167
1484
180
899
1445
1465
548
1327
12
610
350
995
215
634
1218
1198
1099
854
388
1557
292
617
430
1396
590
420
451
989
823
1357
774
1219
1398
1233
1371
1101
1552
98
646
1012
427
706
1508
965
894
142
727
1592
751
373
510
982
1322
695
542
611
1188
917
1348
485
1461
32
641
214
1015
1470
940
1393
1452
866
633
463
1148
1363
1341
1284
775
1212
1548
1296
1077
618
760
621
789
96
753
1450
1163
1090
559
858
885
1160
604
167
1488
454
679
855
1120
459
1243
90
35
1147
73
665
300
667
841
1320
21
1235
461
1274
361
490
631
1559
1297
523
1265
1205
584
1308
589
806
272
1164
219
487
2
573
1326
1018
1463
132
973
1181
1294
66
923
820
283
386
267
581
390
947
156
145
378
1152
892
1008
1137
1156
702
407
580
601
777
1216
1052
271
1505
1459
983
1443
993
605
1356
1350
1514
759
3
500
1183
708
18
562
871
827
794
570
1379
1125
303
238
1351
319
805
1473
198
223
857
1521
1344
334
887
440
950
1091
1543
1187
1033
438
676
630
291
387
1595
696
797
111
507
84
999
898
904
474
748
1546
1485
1031
1531
100
422
478
1130
245
417
1055
1252
782
739
1534
781
191
1111
150
1449
297
1060
850
529
859
1045
944
845
1478
1528
1561
902
1299
496
558
511
235
466
766
1047
379
15
1335
50
1062
1076
1246
990
814
1104
1315
815
1121
627
486
976
87
1352
533
1078
839
724
678
1174
945
1471
1173
996
810
1540
974
1490
648
1027
1126
700
1109
1100
901
517
642
1325
376
560
327
637
1257
234
538
464
285
339
528
1029
948
1250
522
91
1399
1506
1271
133
867
65
1067
393
1336
1469
745
1184
0
929
1597
405
446
1273
636
372
1310
1054
166
4
67
26
1306
957
1401
518
1044
146
660
89
803
1171
1263
675
875
609
312
1417
1575
1579
554
757
911
1036
301
1318
252
1132
1477
155
418
477
825
409
1423
1254
435
926
919
705
1373
792
848
876
1489
1166
938
1424
37
270
63
389
1010
19
1098
1092
199
638
595
1436
836
1518
1136
741
1096
1511
1405
910
47
535
928
403
282
44
883
56
344
960
114
101
629
1226
110
335
51
1374
298
1305
1517
981
1331
1586
482
1281
1578
952
1406
1446
103
622
1291
516
1005
1154
650
72
1593
574
1102
673
666
837
308
392
218
212
1466
257
1482
1221
42
564
889
1410
1194
877
1497
1462
401
691
1498
1207
34
476
105
856
1189
662
1021
668
1177
1503
607
366
299
619
1270
1241
1107
445
897
730
764
266
124
656
1428
884
1262
85
1024
1558
471
80
425
118
1527
615
886
545
1365
1114
1285
758
1585
138
1442
920
543
734
1260
104
254
1492
13
1028
1571
1425
1013
194
937
269
45
1037
419
1168
699
1563
1507
6
1142
1403
888
742
749
654
526
632
813
531
1131
1303
226
907
396
1448
683
356
1562
106
1143
1300
8
577
966
701
55
261
541
1256
924
698
77
287
484
1236
1039
25
808
94
955
1418
1419
1467
849
1117
725
943
436
140
786
720
1026
1134
1545
1230
260
602
903
76
959
1245
304
23
472
613
1242
767
328
1118
1211
1087
1157
503
1228
313
941
411
747
43
1149
217
846
1051
557
921
853
1223
1486
1455
1180
248
1367
161
