800
399
400
1555
1024
178
1427
758
433
1539
811
1152
246
797
1566
1374
922
19
1350
311
531
125
838
160
1124
227
925
1356
85
1307
1358
263
357
606
1317
777
615
664
440
436
767
962
1135
1060
341
909
634
1398
841
248
1130
1067
914
477
276
1325
964
365
1490
234
987
1193
1330
122
1206
1585
781
986
1229
395
1591
1097
1554
466
563
1291
368
614
694
351
1141
1344
1410
330
1399
829
999
1362
1079
1517
733
1440
1033
832
828
59
88
1343
542
880
866
1466
112
188
1334
732
972
1083
928
1197
1101
127
769
1002
508
1072
1383
358
1272
720
1335
690
685
608
1389
1157
443
1580
1434
86
996
801
874
617
295
1210
1506
57
1049
582
1238
1377
1287
1463
380
721
292
1234
649
839
835
342
1302
64
245
1217
584
907
434
902
137
258
872
435
643
541
684
911
56
520
665
1209
1050
1347
202
467
1195
831
498
268
605
338
1164
297
1185
1400
1047
1471
372
711
264
472
318
946
1181
1492
1530
489
479
77
632
1360
515
458
668
1448
399
1280
898
201
1211
459
1113
941
1251
1497
764
1469
678
740
1178
493
759
1386
1123
1137
1310
1045
1568
506
1008
329
756
538
965
446
578
363
346
322
425
414
1532
303
65
1247
932
280
1296
275
270
386
1059
1430
158
1394
290
814
152
1378
1511
1226
1007
403
1046
1261
1163
262
844
237
1154
864
1286
469
887
321
548
511
353
404
1245
681
108
648
566
210
250
1323
332
305
851
279
1379
1579
1487
364
784
613
84
354
219
235
128
314
1420
388
209
73
847
155
78
5
1333
1403
530
90
1263
687
259
1297
1322
879
45
1324
581
1009
387
889
181
1507
114
1172
978
1572
743
765
607
339
172
176
917
145
1230
666
705
529
579
1546
1095
218
955
34
1078
247
521
870
51
1598
1233
858
655
875
1122
1107
212
815
449
805
692
240
1452
652
439
979
398
712
725
244
293
46
1084
1473
958
559
1142
659
1177
1162
1282
1363
610
1538
724
488
761
252
79
22
528
868
603
74
278
923
1508
1365
1221
391
522
989
312
809
309
313
992
1189
1180
1348
1222
616
406
1548
736
30
48
1382
1481
826
1179
208
1480
1553
1369
1120
1501
674
91
249
1549
1201
589
333
1184
1375
484
15
575
1016
408
174
1438
798
823
119
1053
843
726
695
1270
225
921
1271
910
334
871
1390
55
1258
534
750
594
933
567
1169
83
771
1544
938
1278
966
11
1000
281
1027
14
1293
675
1225
1540
936
1312
1308
149
1220
441
700
1515
1176
40
1114
644
273
775
1099
1138
982
195
1292
337
1392
766
1412
1040
328
81
205
1354
673
697
543
1243
804
3
437
641
545
878
63
751
983
100
444
136
1484
926
877
362
106
585
1565
214
220
1090
833
558
856
686
497
370
837
352
842
1567
97
716
1596
596
142
1005
382
490
1436
307
424
173
1581
808
653
727
1019
1182
1388
203
109
948
592
891
421
680
571
1088
867
1284
507
789
271
1022
1478
1364
707
165
1011
492
1038
1336
846
609
1042
825
1100
1147
1128
913
265
853
857
4
468
526
300
1406
822
1001
167
416
67
961
863
696
573
1519
1455
340
31
1503
1105
1160
413
934
206
904
1236
124
920
465
1408
943
185
1498
162
385
1443
968
53
754
1048
345
977
1442
1464
1337
906
229
557
1171
442
523
1518
42
419
1318
682
12
319
561
600
940
299
1168
1200
18
554
1208
1240
1003
200
770
146
470
604
1559
1367
1457
786
1020
461
1055
1175
80
960
453
471
640
1202
546
793
1482
1213
1309
253
689
407
735
1145
1190
1557
1422
795
1140
1196
177
1295
595
967
912
1419
1034
975
1404
1472
802
456
752
620
356
1166
272
869
1435
1051
1013
799
1541
1573
123
61
1237
1148
1085
379
1577
1509
1528
836
612
375
570
412
1082
95
1345
121
930
509
549
369
58
1368
447
478
852
994
1413
850
49
1331
918
1303
753
289
956
1283
1276
1531
133
1316
569
1036
560
261
976
656
514
1465
670
1299
1524
552
410
883
1153
800
182
1405
1219
551
327
1227
892
111
396
1414
1125
486
1597
1116
1504
68
87
661
862
1111
715
742
517
1032
947
93
215
153
1523
1570
324
21
485
140
574
984
623
304
1273
691
1357
779
1516
217
1583
1257
1592
981
347
1052
625
647
1041
885
1080
1183
1397
301
980
183
286
405
796
76
266
367
1551
361
464
420
611
94
207
564
1495
1351
423
1264
288
452
583
780
1015
706
1281
899
1266
348
897
848
376
1327
1326
1418
475
533
1104
1474
1373
1342
1239
505
190
1407
1026
1520
1593
1491
455
1102
1417
102
480
1194
755
166
69
924
905
1500
1250
392
274
954
1433
942
1156
627
147
296
1574
882
915
903
381
1447
397
1277
512
1493
1372
501
450
667
1117
43
196
282
1416
654
772
1560
993
553
1589
760
170
890
995
621
243
473
650
317
445
204
254
390
1159
38
223
555
840
944
1199
536
702
454
881
169
8
75
179
803
1004
1174
103
1584
1030
495
1505
374
745
1300
969
1311
806
1525
151
139
1366
415
812
460
1044
1449
287
722
320
963
1537
896
787
132
1077
677
1070
1235
10
547
1571
20
230
619
1074
1289
377
572
1352
513
1341
1451
587
790
1514
1496
1066
159
593
631
527
1319
335
757
1254
1346
602
663
1355
970
714
819
952
1459
1062
1290
1089
135
156
719
639
1395
60
723
1259
701
1267
224
1057
1260
1353
1460
1396
157
1510
257
129
953
131
1543
1485
635
646
66
1432
774
997
98
1476
29
1547
1121
105
709
504
901
1094
47
194
394
1129
624
859
1064
703
180
820
855
776
1242
1126
1320
221
1578
7
70
645
298
17
438
115
510
629
118
1475
1594
1096
13
1170
1119
1249
491
193
0
1228
1205
974
576
824
658
428
213
626
1371
991
198
92
849
1428
267
845
1037
1381
792
1232
143
371
834
1558
315
568
1132
1590
1445
1526
535
120
708
418
1384
429
748
1191
937
104
1582
1425
1380
734
187
1069
710
746
72
107
679
96
1315
255
660
782
1294
950
1477
1192
693
1359
1207
1006
1244
768
1468
228
929
873
302
150
28
1017
163
1288
630
25
744
308
277
816
1186
134
1035
251
389
1203
741
738
957
598
1542
54
99
411
971
672
1527
773
1387
417
1087
1328
1321
256
861
316
1218
1361
1437
462
325
651
37
1012
41
1253
148
676
1086
222
189
562
1569
1301
951
1329
431
597
588
1068
1092
637
1536
1332
749
336
373
539
1513
168
175
818
101
550
476
32
1248
35
729
236
622
1061
1265
503
238
1198
409
544
704
1431
1393
1131
1139
1212
1241
283
949
1187
1423
1521
211
1385
1426
117
116
291
1021
1054
192
284
1173
1269
126
821
401
1274
1552
959
669
487
33
1285
154
1110
366
1298
1043
113
144
599
662
1529
1564
1224
1402
52
1073
939
642
164
349
1093
294
1305
1556
378
1215
1136
430
1025
1109
269
355
830
945
1522
1444
161
718
973
1563
16
1275
1306
1415
1421
1340
1470
1065
1304
474
908
763
350
1349
9
731
633
1075
233
762
451
1411
1231
985
326
785
580
500
1376
590
1010
1456
935
323
82
1018
1562
1545
1188
931
494
359
1535
827
1338
739
1103
1158
1461
1446
1262
1146
1595
1165
860
577
1588
130
1391
788
1028
900
1458
1279
1056
813
1150
260
1039
916
1576
519
807
1494
184
1134
817
1118
1550
525
747
1561
618
427
1450
1512
1076
1161
216
2
1575
1453
638
191
39
402
1081
1314
197
895
393
657
628
1499
426
1127
1143
730
1429
888
1489
26
232
518
516
778
884
1029
717
400
71
1058
1441
27
344
1112
499
1502
990
1031
141
1108
199
36
728
89
1534
457
1063
481
496
1246
1586
699
636
894
537
876
688
138
23
1223
50
44
1255
591
791
1
384
927
1133
794
483
783
1091
698
1439
532
601
556
171
524
1486
1424
1533
226
62
242
683
886
306
186
893
1488
310
919
360
1115
565
671
1151
1479
713
865
502
331
1409
1098
448
1144
383
1339
988
1071
285
1023
432
6
110
343
1454
737
1256
1149
1370
1467
854
1106
1587
1214
1483
239
810
422
1252
1167
540
463
24
1462
482
231
1313
998
1204
1155
1216
1014
586
1268
1401
241
