800
399
400
495
675
62
1447
1006
449
149
276
1237
959
1163
987
1305
1031
520
1287
1490
17
686
1407
213
1012
970
1276
845
1483
601
97
1283
1360
23
927
153
1014
257
290
1594
1139
875
1578
53
1557
1495
764
223
191
641
145
618
843
515
24
1492
210
505
1431
354
940
1106
168
1439
1228
251
342
1361
572
1002
930
1566
837
130
464
810
995
527
247
839
879
200
1382
503
828
103
1250
1001
708
278
439
391
1254
1245
214
399
723
115
1235
1184
1391
1213
653
916
851
116
1166
1231
1582
616
1484
814
1048
478
1296
463
1063
1499
900
367
714
295
766
1152
1297
31
786
1
1393
364
1336
806
1468
1321
351
160
477
1256
1463
372
848
1539
202
629
1301
237
1396
594
1437
19
1288
824
447
1251
45
700
1197
1214
780
482
950
872
721
421
1236
898
1333
266
488
1422
1159
501
833
61
781
311
1087
1016
919
1368
1482
811
268
1485
1144
1335
293
832
704
1558
1330
808
1191
484
1597
1282
1487
141
493
491
880
1138
67
343
998
688
294
79
1148
349
260
1029
457
565
1080
558
543
787
1102
834
1168
614
812
406
892
939
1334
121
136
888
1511
184
760
695
877
1015
1083
864
1548
326
22
486
902
469
793
1319
366
1179
165
458
789
703
1373
831
631
119
615
873
1449
819
1537
858
312
1503
1079
981
1553
3
525
419
846
308
517
1108
51
1010
1355
435
1324
861
593
847
1358
680
104
1073
207
948
1410
993
85
211
209
109
1442
590
1298
1041
1554
581
885
1588
77
854
403
1182
672
1021
621
221
943
150
494
227
1356
1359
289
862
1104
405
999
16
1530
667
82
1248
1306
1543
401
1481
1232
111
1412
1037
1022
1520
1265
475
1057
204
1054
1505
271
1415
883
719
1438
772
117
1310
592
42
1314
1570
280
1084
1175
509
1420
550
219
985
54
1328
1011
98
803
1247
195
972
712
1217
624
1529
1500
316
380
1259
345
639
4
28
146
659
1226
1089
128
239
857
430
415
217
106
668
546
571
461
1595
180
731
86
1155
459
161
297
63
1121
1409
562
530
979
258
1423
66
598
1488
370
956
842
34
1279
761
1357
511
1028
937
1024
897
273
170
1568
526
105
129
298
1308
412
522
1477
542
164
1384
1132
974
698
539
1257
1580
1453
325
1327
591
158
272
606
181
1399
1204
1071
1366
76
1000
229
637
148
727
425
1406
1070
1033
1598
37
666
926
1273
1045
453
72
48
120
557
1376
728
177
1027
1367
344
1215
528
1515
844
199
140
1114
215
936
910
131
783
1339
1249
1290
502
205
1387
934
1458
512
1425
882
246
96
1189
232
1260
1311
236
518
1035
921
156
1451
647
378
1017
1153
1046
1141
1131
986
1394
587
1293
745
1161
225
648
838
244
1460
1125
309
404
1486
1230
534
329
6
1202
805
1227
759
1093
697
673
1291
1170
1316
1383
60
938
676
471
657
817
1112
318
315
944
913
55
1255
1266
300
687
1532
1535
262
397
361
1268
1150
1164
933
1526
1416
742
186
189
866
1086
1575
474
201
393
1185
1531
724
1489
1098
1331
821
757
514
713
1013
124
303
1258
1576
1313
324
978
1386
1205
118
1466
1354
992
754
323
850
402
860
410
577
1320
455
835
582
815
75
1518
1493
1352
716
804
1207
1218
187
409
1172
218
1536
1560
496
59
825
584
481
1512
650
348
390
216
465
722
36
942
1538
915
1300
552
671
1470
876
802
1540
917
1194
460
949
433
143
1105
1101
249
720
564
826
694
711
1315
508
395
1441
707
524
1593
960
982
605
80
613
1072
1581
643
373
607
176
782
1261
1018
1564
1461
894
988
955
1459
8
820
99
1436
827
763
744
899
304
1433
275
1183
452
1541
44
1082
583
126
599
1562
336
946
125
1221
1240
1199
574
1569
50
734
1193
163
914
1584
1171
1413
252
770
467
1572
147
663
107
693
267
1450
856
585
1008
1224
1400
1065
1219
352
1120
360
1067
212
1167
332
65
451
350
40
88
41
256
1585
1385
579
869
47
1501
159
699
1417
1209
1343
664
871
429
230
928
741
1590
863
248
1411
1592
442
263
151
559
1507
445
1448
633
73
89
1533
779
656
705
609
567
347
1326
68
1285
185
733
1128
1375
1556
1243
328
1056
1274
456
904
1225
813
954
1275
498
1419
1509
623
1149
1596
1180
750
71
758
110
101
1146
1444
580
1365
319
1456
1289
282
775
18
1009
1239
198
737
1004
677
1565
654
92
963
1064
1088
901
1051
389
718
796
338
537
691
394
183
1096
1440
314
962
747
929
1042
536
58
1066
1309
540
755
1542
556
994
413
1025
25
279
912
242
95
773
523
193
35
1053
740
769
1591
1551
321
1143
1555
644
1528
822
1318
980
1078
1060
10
563
489
38
39
1052
1307
932
333
418
57
521
144
1117
363
487
466
441
250
7
809
14
43
1527
1504
849
1201
681
1142
784
1178
1074
1369
1222
973
1023
706
990
1238
589
427
365
1346
569
1127
679
945
113
33
1269
1246
683
224
179
1061
341
1408
1467
339
1424
1242
823
1378
1392
983
638
588
818
1494
15
302
561
729
966
32
1196
935
432
1445
407
331
1154
620
1341
1521
254
234
46
1586
830
753
785
1284
752
500
551
277
1223
617
702
628
91
1252
2
1119
1403
799
1364
649
1516
797
1549
190
625
855
1292
135
173
233
794
968
655
340
78
100
795
662
1123
288
619
1137
953
1547
238
357
776
74
1496
1506
472
346
1304
756
1091
1173
907
490
133
292
504
1475
64
1545
334
997
1206
440
192
269
771
1472
1169
961
231
1094
778
1508
1390
235
1398
286
307
400
1345
448
1034
174
792
516
532
1428
1559
1160
479
81
735
112
886
1140
255
1464
535
1534
386
840
1479
692
20
123
612
622
717
1176
958
371
220
444
1344
920
11
291
1322
1162
476
1294
1454
1156
608
874
1465
1574
1418
1151
259
941
554
596
748
226
356
1362
1583
762
1280
1076
682
358
909
531
417
602
1421
1457
658
1455
895
203
13
513
1020
1124
743
1519
991
696
674
1510
1381
1514
379
108
1478
575
424
154
1546
906
197
1430
1095
884
265
426
975
69
1216
1395
1055
1116
1563
240
1329
1525
162
841
322
634
1272
1188
9
918
1587
431
1233
1426
1323
287
52
30
381
1513
548
887
387
891
1353
1039
1130
178
127
573
816
908
1038
870
665
305
1347
317
375
285
661
547
1186
29
768
188
1177
359
1523
1003
1068
774
701
384
1579
791
1077
951
1069
1229
1005
1270
603
1115
392
670
881
353
56
1491
1099
1107
1374
1241
335
243
545
385
611
157
368
264
462
1432
1081
374
1498
1181
1476
480
283
182
1286
1473
868
411
627
715
437
725
1109
142
90
1192
911
0
166
1371
610
732
736
971
965
652
1429
1502
1281
1234
492
1110
889
1370
1474
1522
1299
228
977
807
555
749
529
414
83
1075
893
651
878
1550
1036
473
1040
1338
1471
301
1446
12
544
1244
576
853
730
957
1434
296
560
138
468
996
1571
1405
632
274
1118
70
600
1402
369
137
1200
245
93
1030
1135
1092
710
1187
777
1303
1277
330
566
570
196
1134
1136
1085
905
645
362
1443
989
1032
434
852
450
299
398
422
595
1198
538
87
867
152
969
669
923
1462
423
167
446
1544
1295
1158
1435
739
1524
684
767
1340
859
1388
1325
1342
313
924
1401
829
1043
253
376
1253
1263
1317
382
922
1212
1211
642
1157
1062
925
1278
1452
420
636
964
1111
1100
483
438
1165
1190
241
485
1480
1103
436
709
506
84
1129
327
1049
976
270
1126
208
1195
470
1561
510
169
49
967
396
1090
685
1567
646
1348
21
1349
896
1312
1267
377
388
952
134
578
172
553
1577
1414
1497
678
171
443
1044
1350
408
1262
139
836
428
947
1133
1380
383
1174
1389
1019
801
306
790
640
1552
261
626
1147
788
765
519
1271
1210
1469
1145
1332
320
1397
1026
454
114
26
890
751
635
1589
102
1208
122
533
630
416
1058
597
865
1377
132
903
1122
222
310
798
726
1264
281
27
175
507
541
499
586
931
1372
549
497
1427
1007
568
1050
1113
738
5
284
1379
1097
1337
206
94
1404
355
1302
337
1363
660
984
604
800
155
1517
1047
689
1220
1203
690
1573
1059
194
1351
746
