800
399
400
950
1150
491
452
282
647
1390
1571
1222
300
963
465
753
1542
1595
1126
1007
785
973
122
105
1041
259
1444
581
1171
1215
517
750
1415
1142
38
1195
1023
1021
987
1396
62
1586
496
1513
936
947
1521
562
483
1160
524
1544
322
361
835
860
1234
98
104
1014
1389
1296
353
194
1276
615
1269
1176
1377
313
666
215
719
1178
743
283
717
916
635
745
1465
959
220
236
867
99
1096
1590
306
1446
39
806
1570
349
217
1077
1497
671
292
881
457
1485
1471
100
116
1525
1565
1297
1295
408
726
9
1015
277
293
1110
25
412
673
1280
1557
704
962
934
1508
1220
1435
1487
1247
1034
1102
497
891
1124
790
331
571
284
1341
40
655
422
1443
1321
701
1273
1060
380
543
1104
1035
1299
1125
511
355
20
1209
975
1134
741
1101
472
1196
1410
688
537
1436
731
1440
49
677
1519
512
1186
1330
359
345
1354
5
1000
933
347
1264
1391
1248
1344
1253
82
877
102
1121
627
516
761
1103
261
545
1434
87
662
140
1580
1249
92
1185
51
200
1236
845
1581
972
1538
396
620
897
388
1445
882
789
197
1452
1002
1009
1325
873
1055
1259
166
1083
971
1449
889
1402
414
546
1062
1226
44
1422
573
1582
342
956
1447
852
1467
1534
53
258
774
404
119
773
1279
1081
1270
343
255
1480
540
556
837
1046
1326
1161
294
1182
930
861
415
884
161
1159
1364
1118
1151
1549
796
1575
1361
1406
1262
692
1138
420
377
776
1306
446
8
256
849
201
1532
142
909
616
1464
1250
1136
1473
113
443
1358
66
461
838
384
424
903
1574
1147
1539
1084
241
240
1144
609
482
920
670
1401
1098
1558
57
682
22
363
1346
940
1099
189
265
827
634
1313
1224
136
1439
1498
128
988
679
455
938
486
1180
505
621
42
6
1583
500
1474
815
585
1488
1093
1018
1529
1300
1237
722
369
1481
94
575
16
1217
454
96
350
1350
1540
1342
407
550
1267
925
1197
629
263
437
712
646
862
1563
467
112
605
668
1414
1128
1177
561
1065
535
334
1192
335
1061
1441
129
1420
799
451
213
1139
247
320
149
110
633
1505
1597
544
160
147
830
819
1225
1122
202
821
176
88
923
733
212
910
1462
834
758
60
1442
890
1510
274
392
1438
660
4
600
314
1111
1388
955
75
351
223
578
1212
932
1431
328
19
271
681
1561
684
730
124
146
1577
1087
366
1416
982
93
1168
459
410
1591
447
1331
931
905
97
518
302
1056
298
179
1153
1304
907
218
1506
1106
106
686
1551
1493
1132
1120
937
1303
1423
603
341
831
1545
1559
826
656
1051
1437
233
339
1058
29
1560
1175
921
174
1495
1537
397
319
1417
591
498
1395
624
675
171
1454
1133
478
1057
1184
1430
1207
739
691
1365
370
1394
1219
699
706
1322
509
904
944
1359
1426
597
150
118
492
1348
244
56
187
14
77
456
1504
1418
628
1317
893
854
641
1490
718
1475
403
649
358
321
568
614
231
1518
1458
374
159
17
1082
1235
1090
1076
680
1520
1188
133
470
1470
1199
818
1169
1294
151
371
1091
356
965
1202
1003
942
1027
198
715
519
645
657
1223
262
1353
798
1163
182
1309
1432
981
1351
683
1246
207
1181
279
268
1005
21
648
1479
290
1200
1129
115
185
1463
547
1238
1228
1291
1526
1257
735
324
26
170
856
270
969
24
1277
239
193
1466
471
208
253
892
672
1362
148
131
663
1413
876
389
1255
1400
1307
742
30
167
1004
144
746
246
272
425
69
1455
214
163
416
604
84
35
589
10
1187
1088
34
878
1166
434
1338
1522
1397
618
922
1369
1086
980
723
767
769
736
135
853
870
906
1115
848
1068
1562
132
1421
783
126
549
225
368
514
462
137
448
522
216
134
709
64
1203
1596
1336
1033
307
1547
1172
1094
1469
1135
529
479
968
569
1524
538
209
759
1579
1242
65
1541
896
1382
0
1340
724
1191
488
809
1011
180
430
674
725
1448
436
485
83
419
1293
1162
463
1256
1482
406
1107
63
1109
808
523
299
460
841
1598
885
801
1503
638
387
1315
1472
765
169
276
1456
700
11
1069
652
275
333
901
186
640
1592
1409
823
602
178
1145
654
81
583
997
1137
705
1268
631
1042
1375
1008
1152
317
787
157
1281
429
844
532
1492
344
400
107
1049
565
260
468
1211
1552
73
1372
364
450
824
395
1206
1233
794
393
1017
949
1097
379
1141
1113
58
1588
1241
1451
1572
592
1496
766
899
417
1404
1064
385
224
880
653
1143
917
1028
1499
330
1334
1514
18
1221
1428
1548
1546
749
752
86
587
763
1050
1343
287
338
433
985
1516
563
248
895
803
1231
1328
1032
727
1030
992
278
1013
267
469
1356
1301
957
713
1483
1381
833
242
426
427
439
1305
1213
590
599
793
566
606
117
269
551
548
1278
327
125
1230
869
1282
487
732
928
221
123
285
391
888
1502
817
445
953
1399
235
362
1386
976
1193
536
195
770
832
986
421
310
1366
458
1012
828
337
1337
694
1059
526
1052
637
251
762
734
61
1393
528
552
792
966
1468
1208
315
199
1117
254
1010
489
210
411
205
41
175
188
929
507
974
795
156
755
172
661
777
1198
1286
941
1302
1019
480
541
499
1489
79
779
2
130
1190
1071
521
843
1314
71
72
595
760
596
555
1140
501
1227
914
228
227
1038
1478
665
1512
495
165
1324
46
506
1156
226
630
1263
1066
418
659
607
1550
994
667
1112
1319
145
85
924
232
703
1425
778
229
1384
1119
74
879
101
636
687
1105
958
1240
1047
354
1170
1363
13
1078
807
257
1044
1284
1433
1357
76
191
1517
1210
304
617
474
520
584
383
768
863
1367
375
999
1569
952
579
438
31
1407
515
1429
36
716
431
697
642
977
696
1408
423
234
1543
289
1349
1494
490
23
1587
50
967
1555
658
27
1484
840
669
689
1507
1036
800
155
1567
1243
1204
610
612
329
865
1584
1116
222
281
48
580
1450
1345
1258
154
1501
1310
1576
1108
871
989
1080
250
1427
1578
737
1158
935
757
902
594
444
886
1154
820
751
601
1500
1239
1037
484
230
1333
608
43
428
690
1566
1419
1564
121
1179
1476
473
441
829
346
1531
1486
707
780
954
747
1536
1312
1412
979
542
728
1072
164
1585
1424
1045
858
78
1288
108
964
504
623
851
291
273
109
797
37
360
1335
951
508
1379
296
1053
1194
510
1073
90
534
1554
52
557
47
598
738
286
678
55
120
1089
45
325
1039
386
1006
1266
1131
252
1174
12
67
1298
177
381
1085
323
141
960
1329
435
1398
1459
577
33
1114
15
301
868
295
1290
1029
332
54
970
502
449
1001
622
1252
913
382
872
1218
114
1405
1318
842
1020
588
527
983
357
1040
586
184
1283
1157
1515
1285
553
264
846
464
1016
554
309
855
1527
1031
978
711
243
3
802
1275
883
857
1
1251
95
1320
1387
714
390
1146
775
192
183
729
1123
748
533
303
316
791
894
348
948
564
1092
1167
1556
127
398
721
89
805
28
866
702
1127
1054
998
308
1380
685
625
771
1216
1075
442
401
1205
574
926
249
168
1165
1385
816
593
559
676
1509
1530
280
720
139
1593
1189
305
1347
1373
91
850
813
32
1260
822
613
1352
619
494
1100
782
572
1164
912
1374
945
1148
245
70
152
626
378
744
1022
1149
639
1201
288
1355
898
1316
927
784
990
708
365
1074
153
103
367
1368
402
204
984
1287
1323
373
961
312
558
887
352
754
162
59
1311
68
1079
80
1553
874
1376
664
1568
1594
643
1244
567
1589
196
326
1411
764
237
1533
1229
1025
211
405
756
1070
513
1271
1523
525
1370
804
943
825
206
1371
413
1214
336
786
915
493
477
394
440
376
481
908
399
1067
476
1477
814
1292
996
1308
918
644
1155
693
7
297
939
409
875
1232
839
698
946
173
531
1130
911
311
995
466
1453
539
1457
1024
1043
576
611
859
1173
651
1491
1339
772
650
1261
1460
181
570
1378
453
900
1332
340
190
1026
238
1511
372
318
1392
811
1327
812
1254
1535
1289
836
266
993
788
810
203
695
1573
1183
503
1461
1274
432
530
1063
710
781
158
582
919
1265
1245
740
138
1048
560
1360
1383
1528
1095
991
219
864
1403
111
1272
847
475
632
143
