800
399
400
622
1435
891
427
165
79
829
786
1291
1448
1265
1198
587
276
1486
742
1109
1076
821
528
1325
1205
1356
339
240
758
680
166
174
1385
1496
37
1193
401
1429
1295
673
479
973
27
690
1342
218
1400
539
164
1588
58
582
756
274
96
1554
1360
152
839
1406
800
1267
603
85
1301
84
1266
1528
1556
42
1011
845
233
397
105
171
1523
34
1397
1334
304
783
935
705
1282
234
449
1008
1180
1372
1286
97
1117
671
1087
1410
87
1204
1153
1135
1064
453
1190
424
136
224
1412
394
877
442
413
641
1215
1145
1548
101
226
746
1477
471
573
1156
1497
1590
1371
1419
313
1127
32
905
922
1244
0
102
199
175
635
172
968
465
1287
865
128
1182
1033
543
302
510
1239
1274
931
376
374
732
1316
1365
176
184
1247
1509
170
15
388
898
926
541
1557
451
624
1092
475
590
201
798
1333
423
1
1107
545
1427
1346
314
775
1417
963
652
1433
1495
133
1279
1422
438
351
942
937
430
1075
266
1079
1160
1583
1405
1166
1110
1563
859
432
544
338
1461
473
257
761
76
273
1130
1118
1261
1245
254
1330
676
1597
1093
520
936
817
904
1061
1259
127
265
1455
1015
854
279
446
955
1487
1432
1401
1039
951
792
947
1336
534
41
509
1505
988
526
653
663
418
768
787
1184
178
275
160
1139
334
358
914
1154
1074
982
957
322
532
633
1567
766
751
380
188
888
803
737
348
1315
1338
333
197
767
21
729
886
837
644
511
686
1068
1560
399
1278
280
483
744
1211
851
113
342
377
1283
120
890
1462
896
1125
28
1023
1549
68
306
139
1381
944
64
36
212
63
392
123
245
805
974
1007
971
163
138
1443
745
236
822
1042
998
842
1067
365
145
695
1391
1413
292
382
503
1284
1119
791
1115
196
43
901
86
1055
1402
321
1526
1246
1566
874
1483
497
437
1123
323
74
1476
580
659
1358
667
1321
16
843
679
806
645
1196
616
1138
1470
1569
156
328
1053
1444
422
1157
319
1232
1040
109
584
99
835
981
1506
1212
1241
1234
794
750
933
1594
938
1299
29
330
1111
1578
1216
1296
447
1341
78
59
576
1143
861
1250
778
1328
211
30
969
1465
1357
1314
910
235
1036
643
1392
802
1084
359
1575
801
326
433
841
2
299
1359
1524
206
1379
834
1572
1229
923
1131
764
425
870
626
1452
977
135
769
1271
779
1344
1573
331
1025
456
1252
472
1095
1306
130
1116
1085
19
887
540
457
1544
718
1481
698
577
1275
954
284
597
1238
736
647
867
620
1516
579
693
1537
20
1585
1312
743
999
98
1318
131
8
372
1097
104
1158
825
1555
1088
1148
1209
153
919
1206
1571
219
747
959
1276
1551
1368
192
221
18
300
443
657
1370
1170
562
1502
238
460
574
45
244
1219
765
866
1133
106
193
601
986
1273
734
847
378
721
1163
712
570
1223
523
10
180
489
700
697
1482
39
675
463
252
599
929
1199
1162
809
1188
1035
918
270
583
1254
815
992
482
436
207
384
1073
795
884
222
706
357
469
60
1384
785
439
784
907
1331
243
1134
4
1589
1441
691
1069
623
1065
876
108
1012
1390
863
1326
1518
381
61
799
1508
848
317
720
1309
814
1240
157
607
880
309
1377
239
324
1022
602
1098
117
474
563
1181
772
148
1474
983
183
1582
1595
1235
1167
1530
1293
210
1016
1407
1499
347
1409
126
823
1178
385
229
393
666
519
208
44
1404
1263
513
689
1512
1102
271
824
354
269
5
1046
344
1440
1192
362
804
560
31
1438
435
1581
496
168
873
909
1108
407
948
894
403
588
1514
650
1375
1327
1500
512
1231
1541
434
754
1217
1393
147
1362
664
549
604
807
551
485
484
289
312
651
781
716
1091
137
595
1540
352
617
1493
1568
752
232
826
1364
186
1559
1434
527
200
308
237
608
760
1120
1471
1414
94
797
1546
246
1213
662
327
17
714
830
636
1112
831
1168
288
578
1096
838
1525
906
33
980
502
777
1302
1408
1520
1010
1456
1152
1564
107
1048
161
1466
1195
701
468
1161
1058
110
1009
1248
491
387
853
65
412
871
1451
111
985
864
565
1373
1348
1300
958
177
1398
1114
1521
173
1002
1418
684
420
1147
731
1026
343
1210
116
637
1056
1140
702
681
1277
349
704
191
967
780
158
668
812
699
389
40
431
924
1177
23
557
441
1552
521
492
258
103
833
414
478
1218
1185
1260
448
827
228
770
862
598
1457
1388
1071
713
773
774
1339
7
892
1498
1149
575
614
335
1137
353
881
685
1580
846
458
1288
119
1249
1343
1264
315
1484
547
1021
1423
730
375
373
50
553
1159
93
722
209
361
341
73
1049
591
295
1386
92
248
535
1463
1142
1354
507
1337
950
154
1077
638
112
1083
223
1004
1024
1014
1535
307
505
1513
708
564
57
1396
538
253
1172
694
247
696
1579
408
1565
1269
621
1101
1001
159
287
1225
613
390
1086
1105
1189
1584
162
1303
536
1227
1431
71
897
301
296
1534
1151
398
1290
627
1186
1367
486
1070
217
889
129
146
445
1080
1051
429
404
1242
1510
836
1501
203
11
1027
941
875
256
1395
612
1593
1063
1099
1570
82
297
1176
832
719
1426
72
124
518
190
1468
1450
820
1445
198
402
26
1191
979
415
725
1062
182
677
340
278
1355
594
151
500
383
640
1179
1221
204
1003
150
525
355
1005
298
940
231
1251
493
1298
739
508
1100
421
286
724
816
1255
325
970
885
345
411
852
12
1350
1237
762
717
517
692
1323
916
498
961
808
688
255
928
185
939
1598
9
454
1447
925
395
310
1522
3
683
1256
1183
1415
514
1294
62
263
38
416
554
283
452
290
125
1403
857
213
369
1553
1382
1150
1529
956
1228
1311
618
1542
908
1491
738
964
88
763
1257
464
1515
1596
1504
66
740
912
46
1029
1201
1018
1164
91
470
1037
1424
426
1591
477
476
868
1000
1363
1324
1174
268
1106
710
1449
962
1104
1562
631
1503
1236
893
1485
242
748
1013
1369
261
1421
1480
95
1577
366
1032
1078
661
1319
262
561
943
1090
1547
1052
1308
1380
989
49
529
272
1280
54
391
1207
350
586
1507
214
1320
1469
899
672
878
1394
1383
1545
1214
90
1034
466
225
581
368
169
515
813
749
707
70
1489
649
567
1494
250
1292
524
1351
934
419
167
440
405
291
320
462
1539
1460
1307
665
6
1103
48
654
1243
900
24
329
230
337
1587
585
13
367
410
311
75
646
735
1478
467
370
1353
1044
869
25
682
593
1340
625
932
346
972
630
1322
895
142
379
1128
628
1089
47
1132
1454
149
56
615
267
609
571
1060
1543
251
1558
670
949
1527
1285
1203
428
1532
1028
1082
481
703
642
100
1464
409
1043
1317
1233
771
356
371
537
67
1054
316
1533
966
1030
336
55
550
566
1122
1081
115
978
1165
634
883
1511
1017
1113
997
118
828
945
1576
134
249
1045
121
600
782
1335
1492
1550
318
53
1416
81
882
1561
1305
227
179
687
155
1230
917
277
902
903
202
658
144
987
1446
52
132
1428
855
1038
1141
589
531
723
1272
1479
506
205
215
569
22
1072
555
480
1262
495
776
660
1439
294
1175
715
1329
927
1202
860
793
1094
1488
629
656
592
80
360
559
1047
632
655
996
122
264
1458
610
1006
558
788
711
733
504
1586
1019
1297
1129
396
1197
450
522
976
487
1126
282
1268
726
993
1041
1310
953
1531
965
293
850
1453
1420
1538
332
1374
1194
757
872
1313
1304
648
639
920
499
406
187
195
533
259
1208
844
400
114
1289
305
189
1437
546
819
1349
1173
455
849
552
990
810
364
913
596
1270
1411
35
1574
818
1472
1171
220
1057
1378
1031
759
143
1332
930
991
1442
856
542
530
1155
1066
1253
216
1399
363
1226
501
1222
1220
1347
1389
1376
1050
1430
811
141
1459
1281
709
1592
83
1345
669
548
1519
140
1517
1146
611
1352
51
386
858
753
1169
952
89
444
1059
796
194
1224
727
995
619
605
1436
1536
674
77
915
461
572
1020
1467
1200
494
840
490
1387
1473
285
946
1187
994
789
459
1366
1361
303
260
568
241
911
1425
1490
516
1136
921
181
960
1121
606
755
741
1258
1124
281
790
1475
984
728
69
556
417
488
678
1144
14
879
975
