1292
646
646
0
2
3
4
5
7
8
11
17
19
20
21
22
23
27
28
30
31
33
34
37
38
42
43
44
47
48
52
54
56
57
59
60
61
62
63
64
65
67
69
71
72
73
75
76
77
78
81
82
84
85
86
87
88
89
90
91
92
93
95
97
101
104
105
108
109
110
111
113
115
116
117
123
125
126
128
132
133
134
136
137
139
141
143
146
147
149
150
151
153
156
157
159
160
162
165
166
167
168
169
171
174
175
176
177
181
182
185
186
187
188
189
191
192
193
194
199
202
206
209
210
212
213
215
217
222
223
227
229
230
234
238
241
244
247
248
249
252
253
254
255
260
263
265
266
268
269
271
272
274
276
277
278
279
280
283
284
285
287
289
290
291
294
298
299
300
301
309
310
311
313
315
318
323
325
326
327
328
332
335
337
339
340
341
344
346
348
349
353
354
355
356
358
359
361
362
363
366
367
368
373
374
376
377
378
379
380
381
382
384
388
389
390
392
393
394
395
397
398
399
400
405
406
408
410
411
412
413
414
415
417
418
420
424
425
426
427
430
433
434
435
436
437
438
442
443
444
445
447
449
450
452
453
454
456
460
462
466
467
468
471
472
474
476
477
479
480
481
484
485
486
490
493
494
495
496
498
499
500
503
505
507
508
509
511
515
516
517
519
522
523
526
528
532
535
537
543
544
545
547
548
549
550
553
554
556
559
561
563
564
569
571
573
577
578
579
581
582
584
586
590
593
595
597
598
599
601
604
606
608
613
614
618
620
621
622
623
626
627
628
629
632
634
635
639
645
648
649
650
651
654
655
659
661
662
663
665
666
667
669
670
671
672
675
676
678
679
682
683
685
687
689
691
695
696
697
698
701
703
708
710
711
712
713
714
720
724
725
729
733
734
735
736
737
739
741
742
743
744
748
749
750
751
753
755
756
758
762
763
766
767
769
773
778
780
781
782
783
785
786
789
790
792
793
794
795
796
799
801
803
806
807
808
810
811
813
814
815
816
817
818
820
821
822
823
824
827
832
833
834
838
840
841
842
843
844
845
846
847
849
852
857
858
861
862
864
865
866
868
872
873
874
877
878
880
881
884
888
889
891
892
894
895
896
898
901
905
906
907
908
909
912
914
915
917
918
928
929
932
934
936
937
938
940
943
946
947
950
951
954
958
966
967
969
970
971
973
974
975
978
980
981
982
984
985
986
987
988
989
990
991
992
993
994
996
997
1004
1006
1007
1015
1016
1017
1020
1025
1032
1034
1037
1038
1040
1041
1044
1045
1046
1047
1048
1049
1051
1052
1055
1056
1059
1060
1061
1062
1064
1065
1066
1067
1069
1070
1071
1072
1073
1077
1079
1081
1083
1084
1085
1086
1087
1089
1090
1091
1095
1103
1105
1109
1116
1118
1120
1121
1122
1125
1126
1130
1131
1133
1136
1140
1142
1144
1148
1151
1152
1153
1157
1159
1160
1165
1167
1168
1170
1171
1174
1176
1177
1178
1181
1182
1185
1187
1188
1189
1190
1191
1193
1196
1197
1199
1200
1201
1204
1205
1207
1209
1210
1212
1213
1217
1218
1219
1220
1223
1224
1225
1227
1230
1231
1233
1237
1241
1242
1245
1250
1251
1253
1254
1256
1257
1259
1260
1261
1262
1264
1266
1268
1271
1272
1273
1274
1275
1276
1282
1285
1288
1291
1292
1293
1294
1295
1297
1300
1302
1303
1304
1305
1306
1307
1308
1309
1310
1312
1314
1315
1317
1321
1322
1327
1328
1332
1334
1342
1343
1344
1346
1348
1350
1351
1352
1354
1355
1364
1368
1372
1374
1377
1379
1381
1382
1384
1386
1388
1389
1391
1394
1395
1398
1400
1402
1403
1404
1405
1406
1407
1408
1413
1415
1418
1421
1422
1425
1427
1430
1432
1436
1437
1439
1440
1441
1444
1445
1448
1449
1450
1451
1452
1454
1455
1456
1457
1460
1461
1462
1463
1464
1468
1469
1472
1473
1476
1477
1478
1480
1482
1483
1484
1485
1486
1487
1491
1493
1495
1496
1498
1499
1504
1505
1506
1508
1512
1516
1519
1521
1522
1524
1525
1526
1528
1529
1531
1534
1535
1538
1544
1546
1547
1549
1553
1555
1556
1557
1558
1560
1561
1568
1571
1572
1574
1579
1581
1584
1585
1586
1588
1589
1591
1601
1602
1603
1605
1606
1612
1614
1615
1617
1618
1619
1620
1621
1623
1631
1632
1633
1635
1636
1638
1640
1642
1644
1649
1651
1652
1653
1655
1656
1659
1666
1667
1668
1670
1671
1673
1675
1677
1678
1680
1682
1683
1684
1685
1686
1689
1690
1692
1698
1699
1700
1705
1707
1714
1715
1717
1718
1723
1725
1726
1727
1728
1730
1731
1733
1734
1735
1737
1738
1739
1741
1742
1743
1745
1746
1748
1749
1752
1755
1758
1760
1764
1765
1770
1772
1779
1781
1785
1788
1789
1790
1791
1793
1796
1797
1808
1809
1810
1812
1813
1814
1815
1816
1818
1820
1821
1823
1828
1829
1833
1835
1838
1841
1842
1844
1845
1846
1851
1852
1855
1856
1859
1861
1862
1863
1865
1868
1869
1871
1872
1874
1875
1876
1881
1884
1885
1886
1888
1891
1895
1901
1902
1903
1904
1905
1906
1911
1915
1917
1918
1921
1923
1926
1929
1930
1931
1932
1934
1938
1940
1944
1946
1947
1948
1950
1951
1952
1953
1956
1960
1961
1962
1965
1967
1970
1973
1974
1975
1977
1978
1979
1982
1983
1986
1989
1990
1992
1994
1996
1999
2002
2004
2005
2006
2007
2011
2012
2014
2015
2016
2019
2024
2026
2027
2030
2037
2038
2039
2040
2042
2043
2046
2052
2053
2055
2057
2059
2066
2069
2070
2071
2072
2073
2074
2075
2077
2082
2084
2086
2088
2089
2090
2091
2093
2095
2096
2102
2103
2104
2105
2108
2113
2114
2117
2118
2120
2121
2122
2124
2134
2137
2139
2140
2142
2145
2148
2149
2151
2154
2156
2157
2159
2163
2164
2165
2167
2168
2174
2175
2176
2180
2181
2183
2185
2186
2187
2193
2196
2201
2202
2204
2207
2208
2210
2212
2216
2219
2220
2222
2223
2224
2228
2229
2232
2235
2238
2239
2240
2241
2242
2243
2244
2245
2246
2250
2256
2257
2258
2259
2261
2263
2265
2266
2267
2270
2271
2272
2276
2277
2278
2280
2283
2286
2289
2292
2296
2302
2303
2308
2309
2310
2312
2314
2316
2317
2318
2319
2321
2323
2324
2325
2327
2329
2331
2334
2337
2338
2339
2342
2343
2344
2347
2348
2349
2350
2351
2352
2354
2355
2357
2358
2359
2361
2368
2370
2373
2374
2375
2376
2377
2384
2385
2386
2387
2393
2394
2397
2398
2400
2403
2409
2410
2414
2416
2420
2421
2423
2424
2426
2428
2429
2430
2431
2433
2442
2453
2454
2456
2459
2460
2462
2465
2466
2468
2470
2471
2473
2475
2476
2477
2481
2482
2483
2484
2485
2491
2493
2495
2497
2501
2504
2505
2508
2514
2515
2516
2518
2519
2521
2522
2523
2524
2525
2528
2529
2534
2536
2538
2539
2540
2542
2543
2544
2547
2548
2549
2551
2552
2553
2554
2555
2556
2559
2560
2561
2564
2565
2566
2568
2570
2573
2574
2576
2579
2582
1
6
9
13
15
16
18
26
29
32
39
41
45
46
51
58
74
98
100
102
103
107
122
127
131
138
142
144
148
161
164
170
172
173
180
183
195
196
197
198
200
201
204
207
219
224
228
231
232
239
242
243
250
251
257
264
267
270
281
288
292
293
295
297
306
312
314
321
322
324
329
330
336
338
342
343
347
351
352
369
371
375
383
385
386
404
409
419
422
428
441
446
451
455
457
459
461
463
478
483
487
488
489
497
501
504
506
510
512
524
525
527
530
531
533
534
538
539
540
541
546
551
555
558
568
570
585
587
589
591
596
603
607
611
612
624
625
630
636
640
641
643
653
657
660
668
677
680
686
692
693
704
705
706
709
716
717
721
723
726
727
730
738
745
746
747
752
754
757
759
760
768
772
775
776
777
779
787
788
797
798
802
804
805
809
825
826
828
831
835
836
839
850
863
867
869
870
875
876
882
883
886
893
897
904
910
911
916
920
922
924
930
933
935
941
944
945
949
952
953
956
957
959
960
964
965
968
972
998
1000
1002
1008
1009
1010
1012
1013
1014
1019
1022
1023
1026
1027
1029
1030
1033
1042
1043
1050
1054
1057
1058
1078
1082
1093
1097
1099
1100
1101
1102
1104
1111
1112
1114
1123
1124
1132
1134
1137
1138
1139
1145
1149
1150
1156
1158
1161
1162
1163
1164
1175
1179
1183
1184
1186
1194
1195
1198
1203
1208
1211
1214
1215
1222
1228
1229
1235
1236
1243
1244
1246
1247
1249
1255
1265
1269
1280
1283
1284
1286
1299
1301
1311
1316
1319
1324
1326
1329
1333
1336
1338
1341
1353
1357
1358
1359
1360
1361
1362
1363
1365
1366
1370
1371
1375
1376
1380
1399
1412
1414
1416
1417
1419
1423
1426
1429
1431
1433
1434
1435
1438
1442
1447
1453
1467
1471
1474
1475
1481
1488
1494
1497
1501
1502
1503
1507
1513
1517
1520
1523
1530
1532
1536
1540
1541
1543
1548
1552
1559
1563
1565
1566
1567
1569
1570
1573
1575
1576
1582
1590
1592
1594
1595
1596
1598
1604
1607
1625
1627
1629
1630
1634
1639
1645
1646
1654
1657
1660
1661
1672
1674
1676
1693
1697
1701
1703
1708
1709
1711
1712
1716
1719
1721
1722
1740
1744
1750
1757
1759
1763
1766
1771
1773
1774
1780
1784
1786
1795
1800
1802
1803
1804
1807
1817
1822
1826
1830
1831
1832
1834
1836
1839
1843
1847
1849
1854
1858
1860
1867
1870
1879
1882
1883
1887
1889
1890
1892
1908
1909
1924
1925
1939
1941
1943
1949
1954
1957
1958
1959
1964
1968
1969
1976
1980
1981
1984
1985
1987
1993
1995
1997
2000
2001
2003
2010
2020
2021
2022
2025
2029
2034
2035
2041
2045
2047
2048
2049
2050
2061
2063
2065
2067
2068
2076
2078
2097
2101
2110
2112
2115
2125
2129
2133
2135
2136
2138
2141
2146
2150
2152
2153
2155
2160
2161
2166
2170
2173
2177
2178
2179
2182
2189
2190
2191
2192
2195
2197
2200
2206
2209
2211
2213
2214
2225
2227
2231
2233
2234
2236
2248
2251
2252
2254
2255
2262
2264
2268
2269
2273
2274
2282
2285
2290
2291
2297
2299
2305
2307
2315
2320
2326
2332
2335
2340
2353
2360
2362
2363
2364
2366
2367
2369
2371
2372
2381
2382
2383
2388
2389
2390
2391
2392
2395
2399
2406
2407
2411
2412
2417
2422
2434
2436
2437
2439
2443
2445
2447
2448
2450
2451
2457
2461
2467
2469
2472
2474
2489
2492
2494
2496
2499
2502
2507
2527
2530
2531
2532
2535
2537
2545
2557
2558
2567
2569
2571
2575
2577
10
12
14
24
25
35
36
40
49
50
53
55
66
68
70
79
80
83
94
96
99
106
112
114
118
119
120
121
124
129
130
135
140
145
152
154
155
158
163
178
179
184
190
203
205
208
211
214
216
218
220
221
225
226
233
235
236
237
240
245
246
256
258
259
261
262
273
275
282
286
296
302
303
304
305
307
308
316
317
319
320
331
333
334
345
350
357
360
364
365
370
372
387
391
396
401
402
403
407
416
421
423
429
431
432
439
440
448
458
464
465
469
470
473
475
482
491
492
502
513
514
518
520
521
529
536
542
552
557
560
562
565
566
567
572
574
575
576
580
583
588
592
594
600
602
605
609
610
615
616
617
619
631
633
637
638
642
644
646
647
652
656
658
664
673
674
681
684
688
690
694
699
700
702
707
715
718
719
722
728
731
732
740
761
764
765
770
771
774
784
791
800
812
819
829
830
837
848
851
853
854
855
856
859
860
871
879
885
887
890
899
900
902
903
913
919
921
923
925
926
927
931
939
942
948
955
961
962
963
976
977
979
983
995
999
1001
1003
1005
1011
1018
1021
1024
1028
1031
1035
1036
1039
1053
1063
1068
1074
1075
1076
1080
1088
1092
1094
1096
1098
1106
1107
1108
1110
1113
1115
1117
1119
1127
1128
1129
1135
1141
1143
1146
1147
1154
1155
1166
1169
1172
1173
1180
1192
1202
1206
1216
1221
1226
1232
1234
1238
1239
1240
1248
1252
1258
1263
1267
1270
1277
1278
1279
1281
1287
1289
1290
1296
1298
1313
1318
1320
1323
1325
1330
1331
1335
1337
1339
1340
1345
1347
1349
1356
1367
1369
1373
1378
1383
1385
1387
1390
1392
1393
1396
1397
1401
1409
1410
1411
1420
1424
1428
1443
1446
1458
1459
1465
1466
1470
1479
1489
1490
1492
1500
1509
1510
1511
1514
1515
1518
1527
1533
1537
1539
1542
1545
1550
1551
1554
1562
1564
1577
1578
1580
1583
1587
1593
1597
1599
1600
1608
1609
1610
1611
1613
1616
1622
1624
1626
1628
1637
1641
1643
1647
1648
1650
1658
1662
1663
1664
1665
1669
1679
1681
1687
1688
1691
1694
1695
1696
1702
1704
1706
1710
1713
1720
1724
1729
1732
1736
1747
1751
1753
1754
1756
1761
1762
1767
1768
1769
1775
1776
1777
1778
1782
1783
1787
1792
1794
1798
1799
1801
1805
1806
1811
1819
1824
1825
1827
1837
1840
1848
1850
1853
1857
1864
1866
1873
1877
1878
1880
1893
1894
1896
1897
1898
1899
1900
1907
1910
1912
1913
1914
1916
1919
1920
1922
1927
1928
1933
1935
1936
1937
1942
1945
1955
1963
1966
1971
1972
1988
1991
1998
2008
2009
2013
2017
2018
2023
2028
2031
2032
2033
2036
2044
2051
2054
2056
2058
2060
2062
2064
2079
2080
2081
2083
2085
2087
2092
2094
2098
2099
2100
2106
2107
2109
2111
2116
2119
2123
2126
2127
2128
2130
2131
2132
2143
2144
2147
2158
2162
2169
2171
2172
2184
2188
2194
2198
2199
2203
2205
2215
2217
2218
2221
2226
2230
2237
2247
2249
2253
2260
2275
2279
2281
2284
2287
2288
2293
2294
2295
2298
2300
2301
2304
2306
2311
2313
2322
2328
2330
2333
2336
2341
2345
2346
2356
2365
2378
2379
2380
2396
2401
2402
2404
2405
2408
2413
2415
2418
2419
2425
2427
2432
2435
2438
2440
2441
2444
2446
2449
2452
2455
2458
2463
2464
2478
2479
2480
2486
2487
2488
2490
2498
2500
2503
2506
2509
2510
2511
2512
2513
2517
2520
2526
2533
2541
2546
2550
2562
2563
2572
2578
2580
2581
2583
