1292
646
646
1
4
8
9
11
13
14
16
20
21
22
23
24
26
27
29
30
31
33
34
35
38
40
43
44
45
48
52
53
54
55
58
61
62
66
71
73
76
78
79
85
86
87
89
91
93
94
97
99
102
103
104
105
106
109
112
114
116
118
119
120
123
124
125
128
130
133
138
140
141
144
145
146
149
153
158
160
161
162
163
166
169
172
173
174
175
176
178
179
183
184
185
186
188
195
196
197
200
201
206
207
208
212
214
215
218
220
221
222
224
225
227
228
232
234
236
237
238
239
242
243
244
245
249
251
252
253
254
258
259
260
263
264
269
271
273
274
275
278
279
280
281
286
287
288
290
291
296
297
300
304
306
308
311
312
313
314
316
317
318
319
322
323
324
325
326
328
332
334
337
338
342
343
345
350
351
354
356
357
358
359
360
361
364
365
367
376
378
383
384
386
388
389
390
391
392
393
394
397
398
401
403
405
407
408
410
411
414
415
417
418
420
421
423
424
425
426
427
428
430
433
434
437
442
453
455
456
457
460
462
464
465
466
467
468
470
476
477
478
481
482
488
493
496
498
499
500
501
505
507
508
509
510
511
512
514
515
516
517
519
520
521
525
526
528
529
530
531
532
539
540
542
544
546
548
550
553
555
556
557
560
564
566
568
569
572
573
574
576
577
578
581
582
586
587
588
590
591
593
594
596
597
598
599
601
602
605
606
608
611
616
617
618
619
620
622
624
627
629
631
632
640
642
645
647
648
655
657
658
660
661
662
663
664
665
666
667
669
670
672
674
675
679
680
681
687
688
689
691
693
694
698
699
700
701
705
706
709
710
711
712
713
720
721
722
723
724
727
728
729
730
733
734
736
739
740
741
743
744
746
747
749
750
751
752
753
754
755
759
767
770
771
772
778
779
784
785
789
791
792
793
796
797
798
801
802
803
805
808
809
811
817
819
820
823
824
825
826
828
831
832
833
836
837
839
841
842
843
844
849
850
852
854
856
857
860
861
862
866
868
870
876
878
880
881
884
886
887
888
889
890
893
894
897
902
905
907
909
911
912
914
915
917
918
919
920
922
923
926
928
929
930
933
935
939
940
941
942
943
945
947
950
951
952
953
955
956
957
958
959
961
963
964
965
969
970
971
972
975
976
977
978
980
981
982
983
985
986
987
989
994
996
1000
1002
1003
1004
1005
1008
1009
1010
1011
1012
1013
1015
1016
1020
1021
1024
1025
1027
1028
1030
1034
1035
1036
1040
1041
1044
1046
1048
1050
1053
1055
1056
1059
1062
1063
1064
1065
1066
1070
1073
1075
1076
1082
1083
1086
1087
1088
1089
1090
1091
1092
1093
1095
1099
1101
1103
1107
1110
1111
1113
1118
1119
1122
1125
1127
1130
1131
1132
1133
1135
1136
1137
1143
1146
1148
1149
1150
1152
1157
1160
1161
1163
1164
1165
1168
1169
1170
1172
1174
1175
1176
1177
1180
1181
1184
1186
1187
1188
1190
1191
1193
1194
1196
1197
1198
1200
1202
1203
1205
1208
1215
1217
1218
1219
1222
1223
1224
1227
1229
1230
1234
1235
1236
1237
1238
1243
1244
1250
1252
1258
1262
1265
1266
1268
1270
1271
1276
1279
1280
1281
1283
1286
1287
1289
1291
1293
1294
1295
1296
1300
1302
1303
1304
1307
1308
1311
1313
1315
1316
1318
1320
1323
1324
1325
1327
1328
1329
1331
1332
1334
1336
1338
1339
1341
1342
1343
1344
1352
1354
1359
1360
1361
1362
1363
1367
1370
1373
1374
1376
1378
1380
1382
1384
1385
1386
1388
1391
1400
1401
1402
1403
1405
1406
1407
1411
1412
1413
1416
1417
1418
1419
1424
1425
1427
1428
1430
1433
1434
1436
1441
1442
1446
1447
1448
1449
1450
1452
1453
1457
1463
1466
1467
1470
1471
1472
1473
1474
1475
1476
1479
1480
1485
1488
1489
1490
1491
1492
1497
1499
1502
1506
1507
1509
1512
1515
1519
1520
1522
1524
1525
1527
1528
1534
1536
1537
1538
1544
1545
1546
1549
1554
1556
1564
1566
1569
1570
1571
1572
1576
1580
1581
1584
1585
1586
1589
1590
1591
1592
1593
1595
1596
1598
1601
1602
1603
1605
1606
1607
1610
1611
1612
1614
1616
1617
1618
1619
1622
1627
1629
1631
1633
1634
1635
1640
1644
1645
1649
1651
1653
1654
1655
1658
1659
1661
1663
1665
1667
1670
1673
1674
1676
1678
1680
1681
1682
1685
1691
1692
1695
1696
1698
1701
1702
1705
1706
1708
1712
1713
1714
1716
1717
1719
1720
1723
1724
1725
1726
1728
1731
1732
1733
1736
1739
1741
1742
1744
1745
1746
1747
1748
1750
1751
1752
1760
1761
1762
1763
1769
1770
1774
1775
1780
1782
1785
1787
1788
1789
1792
1795
1796
1798
1800
1802
1803
1804
1806
1807
1809
1812
1814
1815
1817
1819
1820
1821
1822
1823
1825
1827
1828
1830
1834
1835
1836
1837
1841
1842
1845
1848
1849
1851
1852
1853
1854
1857
1861
1862
1863
1864
1865
1868
1869
1871
1872
1874
1875
1876
1877
1880
1883
1884
1885
1886
1887
1889
1891
1892
1893
1895
1896
1897
1906
1908
1910
1913
1914
1915
1917
1919
1921
1923
1925
1926
1928
1930
1932
1933
1935
1936
1938
1940
1941
1942
1943
1945
1947
1948
1949
1950
1951
1952
1953
1956
1960
1961
1966
1967
1971
1972
1973
1976
1977
1978
1980
1981
1982
1984
1987
1988
1990
1993
1994
1995
1996
1997
1998
2000
2003
2004
2009
2010
2012
2015
2016
2017
2019
2021
2023
2024
2025
2026
2029
2032
2033
2036
2039
2042
2043
2044
2045
2048
2049
2053
2054
2055
2056
2057
2058
2060
2062
2063
2064
2067
2069
2071
2075
2076
2077
2080
2085
2087
2088
2091
2092
2094
2097
2098
2099
2100
2101
2103
2104
2105
2107
2110
2112
2114
2117
2119
2121
2124
2125
2126
2133
2137
2138
2139
2142
2143
2146
2150
2152
2154
2157
2160
2161
2163
2165
2167
2169
2170
2174
2175
2176
2180
2183
2184
2186
2188
2190
2192
2194
2197
2199
2201
2206
2207
2208
2210
2211
2213
2214
2215
2217
2218
2220
2223
2229
2231
2238
2239
2240
2241
2242
2243
2244
2245
2246
2249
2253
2256
2257
2259
2261
2263
2267
2268
2269
2275
2276
2277
2287
2288
2292
2296
2298
2303
2305
2306
2308
2313
2315
2316
2317
2323
2325
2326
2327
2328
2329
2332
2333
2336
2337
2338
2340
2342
2345
2347
2348
2349
2350
2352
2361
2363
2367
2368
2369
2370
2373
2375
2377
2378
2380
2382
2383
2385
2387
2389
2395
2398
2400
2401
2404
2407
2408
2410
2411
2415
2417
2420
2421
2423
2425
2426
2428
2429
2431
2435
2436
2438
2444
2446
2447
2452
2455
2456
2458
2459
2460
2462
2463
2465
2466
2471
2472
2473
2474
2475
2477
2478
2479
2480
2484
2485
2488
2489
2490
2491
2493
2495
2498
2502
2503
2504
2505
2506
2507
2511
2514
2516
2517
2520
2521
2524
2525
2526
2527
2531
2536
2544
2546
2548
2549
2552
2553
2555
2557
2558
2562
2565
2566
2567
2569
2572
2573
2574
2581
2582
2583
3
5
7
12
18
19
25
32
36
39
42
46
59
60
64
67
70
77
81
84
90
92
100
101
110
113
115
122
126
127
134
136
142
143
155
156
157
159
168
170
177
181
189
190
194
202
203
205
216
217
219
226
233
235
241
248
250
255
256
262
267
268
282
283
289
294
298
301
302
307
320
321
329
341
349
353
369
371
372
374
375
377
379
380
382
385
387
399
404
409
413
419
422
432
436
439
440
441
443
444
445
446
450
451
454
458
469
471
472
473
479
484
485
486
490
491
494
495
497
502
513
523
524
527
533
534
535
537
543
547
549
552
554
558
559
561
563
567
570
571
579
580
585
595
600
607
615
625
633
634
636
646
649
651
652
653
656
659
668
671
673
678
682
683
684
685
692
696
702
704
707
714
715
716
717
718
726
731
738
757
760
763
765
773
774
775
776
783
787
788
795
799
806
807
814
815
816
822
827
830
834
835
838
845
855
863
864
865
869
872
873
874
877
879
882
885
891
895
896
901
913
916
921
924
925
931
948
949
960
967
968
973
974
979
984
990
992
993
995
997
1001
1006
1018
1023
1026
1031
1032
1037
1039
1042
1043
1045
1047
1054
1058
1060
1061
1074
1077
1084
1094
1096
1097
1098
1102
1105
1112
1114
1115
1116
1121
1123
1126
1128
1129
1138
1140
1142
1144
1145
1151
1153
1156
1158
1159
1162
1167
1171
1173
1179
1182
1183
1192
1199
1201
1204
1206
1209
1214
1220
1221
1225
1231
1233
1240
1241
1242
1247
1249
1251
1253
1255
1256
1257
1259
1260
1261
1269
1273
1274
1285
1288
1290
1297
1310
1312
1317
1319
1321
1322
1330
1337
1345
1347
1355
1357
1364
1371
1372
1379
1387
1389
1390
1392
1393
1395
1397
1404
1408
1409
1420
1421
1429
1435
1440
1444
1445
1460
1461
1464
1465
1468
1477
1483
1484
1486
1487
1494
1496
1500
1501
1510
1511
1513
1514
1517
1526
1531
1532
1539
1540
1542
1543
1553
1555
1557
1558
1559
1562
1565
1567
1568
1573
1575
1577
1579
1582
1587
1599
1608
1609
1613
1621
1624
1626
1630
1632
1637
1638
1639
1641
1642
1647
1652
1660
1664
1666
1671
1672
1684
1688
1689
1693
1697
1710
1721
1722
1729
1730
1734
1743
1749
1755
1758
1759
1764
1766
1767
1768
1772
1773
1776
1777
1778
1784
1786
1791
1793
1794
1797
1799
1805
1810
1811
1813
1816
1818
1824
1829
1831
1833
1838
1840
1846
1847
1850
1855
1858
1859
1867
1870
1879
1881
1890
1899
1902
1903
1924
1927
1929
1937
1944
1955
1957
1959
1962
1964
1969
1970
1979
1985
1986
1992
1999
2002
2005
2006
2007
2013
2020
2022
2030
2034
2035
2037
2040
2041
2047
2051
2059
2072
2074
2078
2079
2081
2083
2084
2090
2095
2102
2106
2108
2111
2116
2120
2128
2131
2132
2134
2136
2144
2148
2153
2156
2158
2162
2168
2171
2173
2177
2182
2189
2195
2196
2200
2209
2225
2226
2230
2233
2236
2237
2247
2248
2250
2255
2258
2260
2264
2265
2274
2280
2283
2285
2286
2289
2290
2293
2299
2304
2310
2311
2312
2320
2321
2334
2335
2351
2353
2354
2358
2359
2360
2362
2364
2372
2374
2376
2379
2381
2384
2388
2390
2393
2394
2396
2405
2409
2412
2414
2418
2419
2424
2427
2432
2434
2437
2440
2442
2443
2445
2448
2450
2451
2453
2454
2457
2464
2468
2470
2481
2483
2486
2487
2492
2494
2499
2508
2509
2510
2513
2519
2533
2534
2542
2543
2545
2547
2551
2556
2561
2563
2564
2571
2576
2578
0
2
6
10
15
17
28
37
41
47
49
50
51
56
57
63
65
68
69
72
74
75
80
82
83
88
95
96
98
107
108
111
117
121
129
131
132
135
137
139
147
148
150
151
152
154
164
165
167
171
180
182
187
191
192
193
198
199
204
209
210
211
213
223
229
230
231
240
246
247
257
261
265
266
270
272
276
277
284
285
292
293
295
299
303
305
309
310
315
327
330
331
333
335
336
339
340
344
346
347
348
352
355
362
363
366
368
370
373
381
395
396
400
402
406
412
416
429
431
435
438
447
448
449
452
459
461
463
474
475
480
483
487
489
492
503
504
506
518
522
536
538
541
545
551
562
565
575
583
584
589
592
603
604
609
610
612
613
614
621
623
626
628
630
635
637
638
639
641
643
644
650
654
676
677
686
690
695
697
703
708
719
725
732
735
737
742
745
748
756
758
761
762
764
766
768
769
777
780
781
782
786
790
794
800
804
810
812
813
818
821
829
840
846
847
848
851
853
858
859
867
871
875
883
892
898
899
900
903
904
906
908
910
927
932
934
936
937
938
944
946
954
962
966
988
991
998
999
1007
1014
1017
1019
1022
1029
1033
1038
1049
1051
1052
1057
1067
1068
1069
1071
1072
1078
1079
1080
1081
1085
1100
1104
1106
1108
1109
1117
1120
1124
1134
1139
1141
1147
1154
1155
1166
1178
1185
1189
1195
1207
1210
1211
1212
1213
1216
1226
1228
1232
1239
1245
1246
1248
1254
1263
1264
1267
1272
1275
1277
1278
1282
1284
1292
1298
1299
1301
1305
1306
1309
1314
1326
1333
1335
1340
1346
1348
1349
1350
1351
1353
1356
1358
1365
1366
1368
1369
1375
1377
1381
1383
1394
1396
1398
1399
1410
1414
1415
1422
1423
1426
1431
1432
1437
1438
1439
1443
1451
1454
1455
1456
1458
1459
1462
1469
1478
1481
1482
1493
1495
1498
1503
1504
1505
1508
1516
1518
1521
1523
1529
1530
1533
1535
1541
1547
1548
1550
1551
1552
1560
1561
1563
1574
1578
1583
1588
1594
1597
1600
1604
1615
1620
1623
1625
1628
1636
1643
1646
1648
1650
1656
1657
1662
1668
1669
1675
1677
1679
1683
1686
1687
1690
1694
1699
1700
1703
1704
1707
1709
1711
1715
1718
1727
1735
1737
1738
1740
1753
1754
1756
1757
1765
1771
1779
1781
1783
1790
1801
1808
1826
1832
1839
1843
1844
1856
1860
1866
1873
1878
1882
1888
1894
1898
1900
1901
1904
1905
1907
1909
1911
1912
1916
1918
1920
1922
1931
1934
1939
1946
1954
1958
1963
1965
1968
1974
1975
1983
1989
1991
2001
2008
2011
2014
2018
2027
2028
2031
2038
2046
2050
2052
2061
2065
2066
2068
2070
2073
2082
2086
2089
2093
2096
2109
2113
2115
2118
2122
2123
2127
2129
2130
2135
2140
2141
2145
2147
2149
2151
2155
2159
2164
2166
2172
2178
2179
2181
2185
2187
2191
2193
2198
2202
2203
2204
2205
2212
2216
2219
2221
2222
2224
2227
2228
2232
2234
2235
2251
2252
2254
2262
2266
2270
2271
2272
2273
2278
2279
2281
2282
2284
2291
2294
2295
2297
2300
2301
2302
2307
2309
2314
2318
2319
2322
2324
2330
2331
2339
2341
2343
2344
2346
2355
2356
2357
2365
2366
2371
2386
2391
2392
2397
2399
2402
2403
2406
2413
2416
2422
2430
2433
2439
2441
2449
2461
2467
2469
2476
2482
2496
2497
2500
2501
2512
2515
2518
2522
2523
2528
2529
2530
2532
2535
2537
2538
2539
2540
2541
2550
2554
2559
2560
2568
2570
2575
2577
2579
2580
