1292
646
646
2
3
11
12
16
19
22
24
26
30
31
32
34
35
36
37
40
41
43
46
47
48
51
54
55
56
57
63
64
65
67
69
70
71
74
75
76
79
81
84
86
87
88
97
98
102
107
109
110
111
112
114
115
116
117
118
121
122
123
125
127
128
132
135
136
139
143
144
145
147
148
153
154
157
158
160
161
162
163
164
167
169
170
172
174
175
177
181
182
186
187
189
190
192
193
194
196
197
198
199
201
205
208
210
212
214
215
216
220
221
224
226
228
230
231
235
236
237
240
243
244
247
250
251
254
260
264
266
267
270
274
275
277
278
280
282
283
284
285
286
287
292
293
298
299
301
302
309
310
312
316
317
318
321
322
324
325
326
329
330
331
332
333
334
336
337
341
343
346
347
351
354
355
356
357
358
359
361
363
364
365
368
369
370
373
374
375
376
378
379
380
381
383
384
386
387
388
389
390
391
392
393
394
397
398
400
402
406
407
410
411
414
415
416
417
420
422
424
426
427
428
432
433
436
437
438
439
440
441
442
443
445
446
447
450
451
452
454
456
457
460
461
462
465
469
472
474
478
480
483
484
485
489
490
491
493
497
500
503
505
506
509
510
513
514
516
517
519
520
523
526
528
532
533
534
536
538
541
542
543
544
545
549
553
557
558
560
561
564
565
566
568
569
570
571
574
576
579
580
582
583
585
587
591
592
593
595
596
599
600
601
602
607
608
609
612
616
617
618
619
620
624
626
630
632
634
635
639
642
644
646
648
651
654
656
659
661
662
664
670
671
672
674
676
678
682
685
687
690
691
693
696
699
700
701
703
704
705
708
709
711
712
713
714
715
719
722
723
726
727
728
729
730
732
733
734
736
739
741
742
744
746
748
749
752
754
755
756
761
763
764
765
768
771
772
773
774
778
780
781
782
784
785
787
788
791
794
795
796
797
800
802
809
812
813
814
815
816
819
820
825
826
828
829
830
832
835
836
841
843
845
846
849
850
854
856
857
863
864
865
866
867
868
871
872
873
876
879
880
881
882
883
884
887
889
890
892
894
896
897
898
901
902
903
904
905
906
907
908
909
914
916
917
918
919
920
922
926
930
931
934
936
939
943
944
945
946
949
952
953
958
959
966
967
968
969
970
971
973
974
975
977
980
983
984
987
989
991
992
993
995
996
1002
1003
1004
1005
1007
1009
1010
1013
1014
1015
1016
1020
1021
1024
1026
1027
1031
1032
1034
1035
1038
1039
1040
1041
1042
1043
1044
1046
1051
1052
1054
1055
1056
1058
1061
1063
1067
1069
1072
1073
1074
1075
1077
1079
1080
1081
1083
1084
1085
1089
1090
1091
1092
1093
1094
1096
1097
1099
1100
1101
1102
1105
1106
1108
1110
1112
1113
1115
1116
1121
1125
1126
1127
1129
1131
1132
1134
1135
1137
1142
1148
1150
1151
1153
1157
1158
1160
1161
1163
1164
1165
1166
1168
1169
1170
1172
1173
1174
1175
1176
1178
1179
1183
1184
1188
1194
1195
1196
1197
1203
1204
1205
1210
1215
1219
1222
1223
1224
1227
1228
1229
1231
1232
1233
1234
1237
1238
1245
1247
1250
1251
1252
1254
1255
1256
1259
1260
1261
1262
1264
1265
1266
1268
1271
1274
1276
1277
1280
1282
1284
1285
1287
1291
1292
1293
1294
1301
1304
1307
1311
1313
1316
1317
1318
1321
1325
1327
1328
1331
1332
1333
1335
1338
1339
1341
1343
1345
1348
1351
1352
1355
1357
1363
1367
1370
1372
1373
1376
1377
1378
1380
1381
1382
1383
1394
1397
1400
1401
1406
1407
1408
1411
1412
1419
1420
1422
1425
1427
1428
1431
1432
1433
1439
1440
1441
1442
1443
1446
1448
1449
1453
1454
1455
1457
1458
1461
1465
1467
1469
1470
1471
1472
1473
1474
1475
1478
1479
1480
1482
1484
1486
1487
1489
1493
1495
1497
1499
1500
1501
1502
1503
1507
1509
1511
1516
1518
1522
1523
1525
1527
1530
1531
1532
1534
1536
1537
1538
1539
1541
1542
1543
1546
1547
1553
1555
1559
1560
1561
1562
1564
1565
1566
1568
1570
1572
1573
1575
1577
1579
1584
1585
1586
1587
1591
1592
1594
1596
1597
1598
1599
1600
1601
1602
1603
1605
1607
1615
1616
1617
1620
1621
1622
1624
1626
1630
1632
1633
1635
1638
1641
1643
1644
1646
1647
1650
1658
1659
1661
1662
1664
1665
1666
1667
1671
1675
1676
1677
1679
1680
1681
1682
1685
1686
1688
1690
1693
1695
1698
1699
1700
1701
1702
1706
1707
1709
1711
1719
1720
1722
1724
1725
1726
1728
1729
1730
1731
1733
1737
1741
1743
1744
1746
1749
1750
1751
1753
1754
1756
1758
1763
1765
1769
1772
1773
1776
1778
1780
1783
1785
1789
1800
1801
1802
1803
1806
1808
1809
1810
1811
1814
1815
1816
1817
1819
1820
1823
1824
1829
1830
1831
1838
1839
1841
1842
1843
1844
1845
1846
1849
1852
1853
1854
1857
1858
1859
1864
1866
1869
1870
1871
1874
1877
1879
1880
1881
1889
1892
1893
1896
1899
1900
1906
1907
1909
1912
1913
1914
1918
1920
1921
1925
1931
1932
1933
1939
1940
1942
1943
1945
1946
1947
1951
1952
1953
1955
1957
1959
1963
1965
1966
1969
1973
1977
1979
1983
1986
1988
1996
2001
2003
2005
2011
2012
2013
2014
2018
2019
2020
2021
2027
2028
2029
2030
2032
2039
2041
2044
2046
2052
2053
2054
2055
2056
2057
2062
2065
2066
2073
2074
2076
2077
2078
2083
2084
2087
2089
2094
2096
2098
2099
2100
2101
2103
2105
2106
2107
2108
2109
2110
2111
2112
2113
2116
2117
2118
2119
2121
2122
2123
2125
2128
2129
2133
2135
2138
2139
2140
2141
2142
2143
2148
2150
2154
2155
2156
2157
2159
2160
2161
2163
2165
2166
2167
2169
2171
2173
2174
2178
2183
2192
2194
2195
2196
2199
2200
2202
2203
2207
2208
2210
2212
2218
2219
2221
2224
2225
2227
2229
2231
2232
2233
2234
2236
2237
2239
2240
2242
2244
2251
2252
2253
2254
2255
2256
2257
2260
2262
2265
2266
2273
2274
2275
2276
2279
2281
2285
2287
2288
2289
2290
2292
2294
2296
2297
2298
2302
2303
2305
2307
2309
2310
2312
2313
2314
2315
2318
2319
2320
2324
2326
2328
2330
2333
2337
2338
2341
2342
2343
2344
2346
2348
2350
2351
2353
2354
2358
2360
2361
2362
2365
2367
2368
2369
2370
2371
2375
2376
2377
2378
2379
2381
2382
2383
2384
2385
2386
2389
2391
2394
2395
2398
2399
2400
2401
2402
2404
2406
2407
2408
2409
2410
2411
2414
2415
2416
2417
2419
2420
2426
2428
2429
2430
2433
2436
2437
2441
2443
2444
2445
2446
2447
2449
2450
2452
2453
2456
2458
2459
2461
2462
2463
2464
2465
2466
2472
2473
2474
2480
2489
2490
2491
2494
2499
2500
2502
2503
2508
2512
2513
2514
2515
2516
2519
2520
2522
2523
2526
2527
2528
2529
2531
2532
2533
2535
2537
2539
2542
2544
2546
2547
2549
2550
2552
2553
2555
2558
2561
2562
2563
2564
2565
2566
2567
2568
2570
2572
2573
2574
2576
2583
7
10
13
14
17
18
28
33
39
42
50
53
58
59
61
66
68
72
73
83
85
89
90
92
93
96
101
103
104
105
106
108
119
124
129
131
133
138
141
142
146
150
155
159
171
173
179
180
183
185
188
191
200
206
209
211
217
218
219
222
225
229
232
234
238
241
242
246
249
252
253
257
259
261
263
265
269
272
273
289
290
291
294
295
296
300
303
304
305
306
307
311
313
315
320
339
350
353
360
362
366
377
382
385
396
399
403
404
405
413
418
419
421
423
425
430
463
464
466
467
468
476
481
487
494
495
496
499
501
502
504
507
512
515
522
525
531
540
548
550
551
552
559
567
575
577
578
589
594
603
605
606
610
613
623
625
629
633
636
638
640
641
655
657
658
660
663
666
669
677
680
684
686
695
697
706
710
716
720
751
757
758
760
762
770
775
776
777
779
783
786
793
801
805
806
807
808
810
811
822
824
837
839
840
847
848
851
852
860
862
869
870
874
875
877
885
891
895
900
911
913
921
924
927
928
929
933
940
948
950
956
963
978
979
982
985
988
990
997
1000
1001
1011
1025
1037
1049
1050
1053
1060
1062
1064
1066
1076
1078
1086
1087
1103
1107
1109
1114
1119
1122
1128
1130
1136
1138
1140
1141
1143
1145
1146
1149
1152
1155
1159
1167
1180
1185
1186
1187
1192
1193
1199
1201
1202
1206
1207
1208
1211
1213
1214
1216
1217
1218
1220
1221
1230
1236
1239
1241
1244
1246
1249
1263
1269
1270
1272
1273
1279
1281
1288
1289
1290
1300
1306
1308
1320
1322
1324
1329
1330
1334
1336
1350
1353
1356
1358
1359
1360
1362
1365
1366
1368
1369
1384
1385
1387
1389
1393
1402
1403
1404
1410
1413
1417
1421
1423
1426
1429
1430
1434
1437
1438
1444
1445
1452
1459
1460
1464
1468
1477
1485
1492
1494
1504
1508
1513
1514
1515
1519
1521
1528
1529
1533
1535
1540
1545
1548
1549
1551
1552
1558
1569
1571
1574
1576
1578
1580
1581
1582
1583
1588
1590
1595
1604
1606
1612
1614
1619
1625
1627
1629
1631
1636
1639
1640
1642
1648
1649
1655
1656
1657
1660
1668
1669
1670
1673
1674
1684
1691
1692
1696
1697
1703
1704
1705
1708
1713
1716
1721
1727
1735
1736
1739
1740
1745
1755
1757
1760
1761
1762
1767
1768
1775
1779
1782
1784
1786
1787
1794
1795
1798
1799
1804
1805
1813
1822
1825
1826
1827
1828
1833
1835
1836
1840
1850
1855
1856
1861
1862
1865
1872
1873
1883
1885
1895
1897
1898
1902
1903
1905
1910
1911
1926
1928
1930
1935
1936
1938
1948
1950
1956
1958
1964
1967
1971
1975
1978
1981
1982
1985
1991
1992
1994
1997
1998
1999
2000
2007
2008
2016
2022
2024
2025
2031
2033
2034
2037
2038
2042
2043
2047
2058
2060
2063
2064
2071
2072
2075
2079
2080
2085
2088
2090
2092
2104
2114
2124
2127
2132
2136
2137
2146
2147
2149
2152
2153
2164
2175
2186
2187
2188
2190
2201
2205
2209
2211
2213
2217
2220
2222
2223
2226
2228
2230
2235
2241
2243
2246
2259
2261
2270
2272
2277
2278
2283
2291
2299
2300
2304
2306
2311
2316
2317
2321
2322
2323
2325
2329
2332
2334
2335
2339
2347
2349
2357
2359
2363
2372
2387
2397
2403
2413
2418
2421
2422
2423
2424
2425
2427
2431
2434
2435
2440
2454
2457
2467
2470
2475
2476
2477
2478
2479
2483
2486
2495
2498
2504
2505
2506
2509
2510
2521
2524
2530
2534
2540
2541
2543
2554
2556
2557
2560
2575
2577
2579
2581
0
1
4
5
6
8
9
15
20
21
23
25
27
29
38
44
45
49
52
60
62
77
78
80
82
91
94
95
99
100
113
120
126
130
134
137
140
149
151
152
156
165
166
168
176
178
184
195
202
203
204
207
213
223
227
233
239
245
248
255
256
258
262
268
271
276
279
281
288
297
308
314
319
323
327
328
335
338
340
342
344
345
348
349
352
367
371
372
395
401
408
409
412
429
431
434
435
444
448
449
453
455
458
459
470
471
473
475
477
479
482
486
488
492
498
508
511
518
521
524
527
529
530
535
537
539
546
547
554
555
556
562
563
572
573
581
584
586
588
590
597
598
604
611
614
615
621
622
627
628
631
637
643
645
647
649
650
652
653
665
667
668
673
675
679
681
683
688
689
692
694
698
702
707
717
718
721
724
725
731
735
737
738
740
743
745
747
750
753
759
766
767
769
789
790
792
798
799
803
804
817
818
821
823
827
831
833
834
838
842
844
853
855
858
859
861
878
886
888
893
899
910
912
915
923
925
932
935
937
938
941
942
947
951
954
955
957
960
961
962
964
965
972
976
981
986
994
998
999
1006
1008
1012
1017
1018
1019
1022
1023
1028
1029
1030
1033
1036
1045
1047
1048
1057
1059
1065
1068
1070
1071
1082
1088
1095
1098
1104
1111
1117
1118
1120
1123
1124
1133
1139
1144
1147
1154
1156
1162
1171
1177
1181
1182
1189
1190
1191
1198
1200
1209
1212
1225
1226
1235
1240
1242
1243
1248
1253
1257
1258
1267
1275
1278
1283
1286
1295
1296
1297
1298
1299
1302
1303
1305
1309
1310
1312
1314
1315
1319
1323
1326
1337
1340
1342
1344
1346
1347
1349
1354
1361
1364
1371
1374
1375
1379
1386
1388
1390
1391
1392
1395
1396
1398
1399
1405
1409
1414
1415
1416
1418
1424
1435
1436
1447
1450
1451
1456
1462
1463
1466
1476
1481
1483
1488
1490
1491
1496
1498
1505
1506
1510
1512
1517
1520
1524
1526
1544
1550
1554
1556
1557
1563
1567
1589
1593
1608
1609
1610
1611
1613
1618
1623
1628
1634
1637
1645
1651
1652
1653
1654
1663
1672
1678
1683
1687
1689
1694
1710
1712
1714
1715
1717
1718
1723
1732
1734
1738
1742
1747
1748
1752
1759
1764
1766
1770
1771
1774
1777
1781
1788
1790
1791
1792
1793
1796
1797
1807
1812
1818
1821
1832
1834
1837
1847
1848
1851
1860
1863
1867
1868
1875
1876
1878
1882
1884
1886
1887
1888
1890
1891
1894
1901
1904
1908
1915
1916
1917
1919
1922
1923
1924
1927
1929
1934
1937
1941
1944
1949
1954
1960
1961
1962
1968
1970
1972
1974
1976
1980
1984
1987
1989
1990
1993
1995
2002
2004
2006
2009
2010
2015
2017
2023
2026
2035
2036
2040
2045
2048
2049
2050
2051
2059
2061
2067
2068
2069
2070
2081
2082
2086
2091
2093
2095
2097
2102
2115
2120
2126
2130
2131
2134
2144
2145
2151
2158
2162
2168
2170
2172
2176
2177
2179
2180
2181
2182
2184
2185
2189
2191
2193
2197
2198
2204
2206
2214
2215
2216
2238
2245
2247
2248
2249
2250
2258
2263
2264
2267
2268
2269
2271
2280
2282
2284
2286
2293
2295
2301
2308
2327
2331
2336
2340
2345
2352
2355
2356
2364
2366
2373
2374
2380
2388
2390
2392
2393
2396
2405
2412
2432
2438
2439
2442
2448
2451
2455
2460
2468
2469
2471
2481
2482
2484
2485
2487
2488
2492
2493
2496
2497
2501
2507
2511
2517
2518
2525
2536
2538
2545
2548
2551
2559
2569
2571
2578
2580
2582
