1292
646
646
1
4
5
6
7
8
9
17
18
19
22
24
25
29
31
32
34
35
36
38
39
40
42
51
52
56
57
58
61
66
67
69
70
72
75
80
81
82
83
87
88
90
91
93
94
96
98
99
100
102
104
106
107
108
110
111
112
113
115
120
122
123
124
125
127
128
131
133
134
139
143
146
147
151
155
156
158
160
163
166
169
170
171
173
175
176
177
179
181
183
185
186
191
195
196
198
199
200
201
203
204
205
206
207
215
216
217
221
222
225
229
230
231
236
237
238
241
244
247
249
250
256
258
260
261
264
265
271
277
282
283
284
285
286
287
289
290
293
294
296
299
301
302
303
304
309
311
317
318
321
322
323
324
326
329
330
331
335
336
337
338
340
341
342
344
348
349
352
353
355
359
360
362
364
373
375
376
378
380
382
383
384
385
386
388
389
394
398
399
400
401
402
403
408
410
411
412
413
415
420
423
424
426
427
433
434
435
438
442
443
444
445
446
448
449
452
458
460
461
465
466
467
472
474
475
478
479
480
483
485
486
487
488
489
493
494
495
499
504
505
509
510
513
514
515
518
520
521
522
523
524
525
530
531
533
534
535
536
538
539
540
542
543
549
551
552
555
556
557
559
562
563
564
577
578
580
583
585
586
588
589
590
591
592
595
596
598
601
603
604
605
606
609
610
614
616
620
622
623
626
628
630
631
632
633
636
637
640
641
642
643
647
648
650
651
660
661
662
667
668
669
670
675
679
680
681
682
684
685
694
696
697
699
704
710
712
714
716
717
719
724
725
726
729
730
731
735
736
738
741
742
743
749
750
751
754
756
758
759
760
763
764
766
768
772
775
779
780
781
782
783
785
786
788
790
793
794
795
796
797
798
799
800
802
803
805
809
811
812
813
816
818
819
821
828
831
833
837
838
841
844
845
848
849
850
851
853
854
860
866
867
868
869
870
872
875
876
877
878
880
881
882
885
889
891
892
896
897
899
900
902
903
905
906
907
908
909
910
912
913
916
917
918
920
921
922
923
925
927
928
929
930
934
938
940
941
946
947
948
950
951
952
953
954
955
959
960
962
964
965
966
967
970
971
972
973
976
978
980
981
984
985
987
992
995
998
1000
1001
1003
1004
1012
1014
1015
1016
1017
1018
1019
1021
1029
1031
1033
1035
1037
1039
1040
1044
1049
1051
1054
1057
1058
1060
1061
1063
1064
1069
1070
1072
1073
1076
1078
1080
1081
1082
1083
1084
1085
1086
1087
1088
1089
1091
1092
1094
1095
1096
1097
1102
1103
1104
1106
1107
1109
1112
1113
1116
1117
1118
1119
1121
1123
1124
1126
1127
1128
1129
1133
1135
1137
1138
1142
1143
1150
1151
1152
1153
1157
1160
1161
1164
1168
1170
1173
1174
1176
1177
1179
1183
1184
1186
1188
1190
1192
1193
1195
1196
1197
1198
1199
1202
1204
1209
1213
1216
1217
1218
1220
1222
1223
1224
1226
1228
1229
1231
1232
1234
1237
1238
1241
1242
1243
1245
1247
1249
1250
1251
1252
1256
1258
1260
1264
1265
1266
1268
1271
1272
1275
1277
1280
1281
1286
1288
1291
1295
1296
1297
1298
1301
1303
1304
1306
1309
1310
1312
1313
1314
1317
1321
1322
1324
1328
1332
1333
1334
1335
1343
1344
1346
1350
1351
1353
1354
1359
1361
1362
1363
1365
1367
1369
1370
1372
1373
1374
1376
1377
1380
1381
1383
1385
1386
1387
1391
1392
1393
1394
1400
1402
1403
1405
1407
1409
1410
1411
1412
1413
1416
1417
1418
1419
1420
1421
1422
1423
1424
1425
1429
1430
1431
1433
1434
1435
1436
1438
1440
1443
1445
1446
1447
1448
1450
1451
1453
1454
1455
1456
1457
1460
1464
1466
1467
1468
1469
1470
1472
1473
1474
1476
1477
1479
1483
1485
1487
1488
1491
1493
1494
1495
1499
1500
1501
1503
1504
1505
1507
1508
1510
1516
1517
1518
1519
1521
1522
1523
1524
1526
1527
1535
1536
1537
1538
1540
1541
1542
1543
1544
1545
1546
1547
1551
1552
1555
1557
1559
1560
1561
1562
1564
1566
1567
1568
1570
1574
1576
1579
1581
1584
1595
1597
1600
1602
1603
1606
1607
1610
1612
1614
1617
1618
1619
1624
1625
1627
1628
1631
1632
1635
1637
1638
1641
1642
1644
1645
1646
1648
1651
1657
1660
1661
1662
1663
1665
1668
1670
1671
1673
1674
1675
1677
1678
1679
1680
1681
1682
1686
1688
1691
1692
1694
1696
1701
1702
1704
1705
1706
1709
1712
1714
1717
1723
1726
1727
1728
1729
1730
1736
1738
1741
1743
1744
1746
1747
1748
1750
1757
1758
1759
1761
1763
1764
1766
1770
1771
1772
1773
1777
1778
1780
1785
1789
1790
1791
1792
1793
1795
1796
1797
1804
1806
1807
1808
1809
1814
1817
1818
1819
1821
1823
1825
1830
1832
1834
1836
1838
1841
1842
1845
1846
1848
1850
1853
1855
1857
1859
1860
1861
1862
1863
1864
1865
1866
1870
1873
1874
1877
1879
1880
1882
1884
1887
1890
1891
1893
1894
1897
1898
1902
1903
1908
1909
1912
1913
1914
1916
1918
1921
1923
1924
1925
1928
1929
1930
1932
1934
1935
1937
1938
1939
1940
1941
1942
1943
1946
1947
1949
1950
1952
1953
1954
1955
1956
1958
1959
1961
1962
1966
1968
1969
1970
1971
1973
1974
1976
1978
1979
1980
1981
1984
1986
1987
1988
1991
1993
1994
2001
2004
2005
2007
2008
2011
2013
2014
2015
2016
2018
2019
2020
2021
2022
2024
2025
2028
2033
2037
2043
2047
2048
2049
2050
2052
2054
2055
2056
2057
2061
2062
2065
2071
2072
2074
2075
2076
2079
2081
2082
2083
2086
2088
2090
2095
2096
2097
2098
2105
2106
2108
2109
2110
2111
2112
2114
2115
2118
2119
2120
2121
2125
2126
2129
2133
2134
2137
2138
2143
2146
2147
2148
2149
2152
2156
2157
2159
2160
2162
2165
2166
2169
2170
2172
2173
2177
2180
2183
2184
2188
2191
2193
2194
2195
2196
2197
2199
2200
2201
2202
2203
2204
2206
2208
2209
2210
2211
2215
2217
2218
2219
2221
2226
2227
2228
2229
2230
2231
2233
2234
2235
2238
2239
2240
2241
2242
2245
2247
2250
2252
2254
2255
2256
2257
2258
2260
2261
2263
2265
2268
2269
2270
2272
2273
2276
2277
2279
2283
2287
2288
2289
2290
2296
2297
2299
2300
2301
2302
2305
2307
2309
2312
2313
2317
2319
2320
2323
2324
2325
2326
2329
2331
2332
2335
2336
2337
2338
2340
2342
2343
2345
2346
2352
2353
2356
2360
2362
2366
2367
2368
2369
2370
2371
2375
2376
2378
2379
2380
2381
2383
2391
2392
2394
2396
2397
2399
2403
2405
2412
2418
2419
2421
2423
2426
2433
2434
2436
2437
2438
2439
2440
2441
2443
2445
2449
2450
2451
2452
2454
2455
2459
2461
2463
2466
2467
2472
2474
2475
2477
2479
2481
2483
2486
2487
2492
2493
2494
2495
2497
2498
2499
2502
2504
2505
2508
2509
2514
2516
2517
2519
2521
2522
2523
2526
2528
2529
2532
2534
2536
2537
2541
2546
2548
2549
2550
2553
2554
2557
2559
2564
2565
2566
2567
2569
2571
2577
2579
2581
3
10
12
15
16
23
26
30
37
41
43
46
48
49
50
53
54
55
64
65
74
84
86
97
101
103
105
109
116
126
129
135
136
138
144
145
150
152
153
157
161
164
167
172
174
178
182
187
189
193
194
197
209
210
211
212
213
223
233
239
242
245
246
253
259
262
267
269
274
278
279
280
288
295
297
300
306
307
314
325
327
332
339
343
345
346
354
357
365
371
372
379
391
392
393
396
404
407
416
419
421
425
429
430
432
437
439
440
447
450
451
453
457
459
468
469
471
473
476
482
490
496
498
502
508
512
517
528
532
550
553
554
558
560
561
565
568
569
571
572
573
574
575
581
584
597
600
607
608
611
612
615
617
619
621
625
627
629
635
645
649
653
654
656
657
659
663
664
666
673
677
687
691
692
693
695
700
701
705
707
708
711
715
721
722
723
727
733
734
737
745
748
753
757
761
771
773
776
777
784
792
807
810
814
820
822
825
826
829
840
843
846
847
855
856
857
861
863
865
874
886
887
888
893
898
901
904
911
926
931
932
933
935
939
943
944
945
957
958
963
968
969
974
975
977
983
986
989
994
996
997
1002
1006
1007
1020
1022
1026
1027
1028
1030
1034
1036
1038
1041
1042
1043
1046
1048
1050
1055
1062
1067
1098
1099
1100
1105
1108
1110
1122
1125
1134
1145
1154
1155
1156
1162
1163
1166
1181
1182
1187
1194
1200
1201
1203
1206
1207
1208
1210
1215
1219
1227
1235
1239
1240
1248
1253
1255
1257
1259
1262
1263
1267
1270
1273
1274
1276
1278
1282
1283
1284
1285
1287
1292
1294
1299
1300
1302
1311
1316
1318
1319
1323
1326
1327
1336
1338
1340
1342
1345
1347
1349
1355
1356
1357
1360
1382
1384
1388
1389
1395
1396
1398
1401
1404
1406
1414
1426
1427
1432
1442
1444
1449
1458
1459
1463
1475
1478
1481
1489
1497
1498
1502
1506
1513
1529
1530
1531
1532
1533
1534
1539
1548
1549
1550
1553
1554
1563
1571
1572
1575
1582
1583
1585
1586
1587
1588
1589
1590
1594
1599
1601
1604
1605
1615
1620
1621
1626
1630
1633
1634
1636
1643
1647
1649
1652
1653
1658
1683
1685
1687
1689
1690
1693
1697
1698
1707
1710
1713
1715
1716
1718
1719
1720
1722
1724
1725
1731
1734
1739
1752
1753
1754
1755
1756
1768
1769
1774
1782
1783
1786
1787
1794
1799
1803
1805
1811
1812
1813
1816
1820
1822
1826
1833
1837
1840
1843
1849
1852
1854
1856
1858
1868
1872
1876
1881
1883
1886
1888
1896
1899
1901
1904
1905
1906
1907
1915
1917
1920
1931
1933
1945
1957
1963
1965
1967
1977
1982
1985
1989
1990
1995
1998
2002
2006
2023
2026
2031
2036
2038
2041
2042
2044
2046
2053
2060
2063
2066
2073
2080
2084
2085
2087
2089
2091
2093
2094
2100
2107
2116
2124
2127
2128
2130
2131
2132
2136
2139
2140
2144
2150
2154
2155
2161
2167
2168
2175
2181
2182
2186
2187
2190
2192
2207
2213
2214
2216
2220
2222
2224
2225
2232
2244
2248
2251
2259
2267
2275
2278
2281
2282
2284
2285
2292
2298
2311
2321
2328
2333
2339
2341
2344
2350
2351
2355
2357
2359
2361
2372
2382
2384
2385
2386
2388
2393
2400
2404
2410
2420
2422
2425
2427
2429
2431
2442
2444
2446
2448
2458
2460
2465
2470
2476
2480
2482
2484
2488
2490
2496
2500
2501
2503
2506
2507
2512
2515
2518
2520
2524
2538
2540
2547
2551
2552
2555
2558
2560
2561
2562
2568
2573
2574
2575
2578
2580
2583
0
2
11
13
14
20
21
27
28
33
44
45
47
59
60
62
63
68
71
73
76
77
78
79
85
89
92
95
114
117
118
119
121
130
132
137
140
141
142
148
149
154
159
162
165
168
180
184
188
190
192
202
208
214
218
219
220
224
226
227
228
232
234
235
240
243
248
251
252
254
255
257
263
266
268
270
272
273
275
276
281
291
292
298
305
308
310
312
313
315
316
319
320
328
333
334
347
350
351
356
358
361
363
366
367
368
369
370
374
377
381
387
390
395
397
405
406
409
414
417
418
422
428
431
436
441
454
455
456
462
463
464
470
477
481
484
491
492
497
500
501
503
506
507
511
516
519
526
527
529
537
541
544
545
546
547
548
566
567
570
576
579
582
587
593
594
599
602
613
618
624
634
638
639
644
646
652
655
658
665
671
672
674
676
678
683
686
688
689
690
698
702
703
706
709
713
718
720
728
732
739
740
744
746
747
752
755
762
765
767
769
770
774
778
787
789
791
801
804
806
808
815
817
823
824
827
830
832
834
835
836
839
842
852
858
859
862
864
871
873
879
883
884
890
894
895
914
915
919
924
936
937
942
949
956
961
979
982
988
990
991
993
999
1005
1008
1009
1010
1011
1013
1023
1024
1025
1032
1045
1047
1052
1053
1056
1059
1065
1066
1068
1071
1074
1075
1077
1079
1090
1093
1101
1111
1114
1115
1120
1130
1131
1132
1136
1139
1140
1141
1144
1146
1147
1148
1149
1158
1159
1165
1167
1169
1171
1172
1175
1178
1180
1185
1189
1191
1205
1211
1212
1214
1221
1225
1230
1233
1236
1244
1246
1254
1261
1269
1279
1289
1290
1293
1305
1307
1308
1315
1320
1325
1329
1330
1331
1337
1339
1341
1348
1352
1358
1364
1366
1368
1371
1375
1378
1379
1390
1397
1399
1408
1415
1428
1437
1439
1441
1452
1461
1462
1465
1471
1480
1482
1484
1486
1490
1492
1496
1509
1511
1512
1514
1515
1520
1525
1528
1556
1558
1565
1569
1573
1577
1578
1580
1591
1592
1593
1596
1598
1608
1609
1611
1613
1616
1622
1623
1629
1639
1640
1650
1654
1655
1656
1659
1664
1666
1667
1669
1672
1676
1684
1695
1699
1700
1703
1708
1711
1721
1732
1733
1735
1737
1740
1742
1745
1749
1751
1760
1762
1765
1767
1775
1776
1779
1781
1784
1788
1798
1800
1801
1802
1810
1815
1824
1827
1828
1829
1831
1835
1839
1844
1847
1851
1867
1869
1871
1875
1878
1885
1889
1892
1895
1900
1910
1911
1919
1922
1926
1927
1936
1944
1948
1951
1960
1964
1972
1975
1983
1992
1996
1997
1999
2000
2003
2009
2010
2012
2017
2027
2029
2030
2032
2034
2035
2039
2040
2045
2051
2058
2059
2064
2067
2068
2069
2070
2077
2078
2092
2099
2101
2102
2103
2104
2113
2117
2122
2123
2135
2141
2142
2145
2151
2153
2158
2163
2164
2171
2174
2176
2178
2179
2185
2189
2198
2205
2212
2223
2236
2237
2243
2246
2249
2253
2262
2264
2266
2271
2274
2280
2286
2291
2293
2294
2295
2303
2304
2306
2308
2310
2314
2315
2316
2318
2322
2327
2330
2334
2347
2348
2349
2354
2358
2363
2364
2365
2373
2374
2377
2387
2389
2390
2395
2398
2401
2402
2406
2407
2408
2409
2411
2413
2414
2415
2416
2417
2424
2428
2430
2432
2435
2447
2453
2456
2457
2462
2464
2468
2469
2471
2473
2478
2485
2489
2491
2510
2511
2513
2525
2527
2530
2531
2533
2535
2539
2542
2543
2544
2545
2556
2563
2570
2572
2576
2582
