1292
646
646
2
5
6
8
13
15
16
19
29
30
31
32
34
35
36
38
42
43
44
45
47
49
51
54
55
56
59
60
61
62
64
65
66
68
71
72
73
75
77
78
79
80
81
82
83
85
87
88
89
92
95
96
97
101
102
103
106
108
110
111
114
118
119
120
122
123
127
129
131
134
139
140
141
142
143
144
147
150
152
154
155
158
159
161
165
169
170
171
173
175
177
178
181
183
184
185
186
187
188
190
193
198
202
203
205
208
210
211
212
213
214
218
219
222
223
226
227
228
230
231
233
234
235
236
238
239
240
241
243
244
247
249
250
253
254
255
258
260
261
262
263
265
267
268
269
270
272
278
279
283
285
287
290
293
294
295
298
299
300
308
309
310
312
313
315
316
318
319
328
332
335
336
338
339
340
341
342
345
346
347
349
352
354
355
356
358
359
360
362
363
364
366
367
369
370
371
372
374
376
377
378
380
381
382
383
386
389
393
394
395
396
397
401
403
406
408
410
412
413
415
416
417
420
426
431
432
434
435
439
444
445
448
450
455
456
458
459
461
463
464
466
467
468
471
472
473
474
475
476
479
481
483
484
485
488
491
492
493
494
495
496
498
499
500
502
503
506
507
510
511
512
513
514
516
517
519
520
521
522
523
524
526
528
529
531
532
533
534
535
539
540
541
542
546
548
549
551
552
553
554
559
564
566
570
571
572
574
576
580
583
585
588
589
590
592
593
596
598
599
600
601
608
611
613
620
625
626
628
629
631
632
633
635
636
642
643
644
645
648
649
651
654
655
656
657
658
660
661
662
663
665
668
669
670
675
677
678
679
681
685
689
690
693
695
697
701
704
706
717
718
719
721
724
725
726
727
729
733
735
737
740
742
744
750
751
752
759
760
761
765
766
768
769
771
772
773
775
779
781
782
783
784
785
787
788
790
791
793
794
796
798
799
801
803
806
808
810
811
813
814
818
819
823
824
825
826
829
832
833
836
839
844
846
849
850
853
856
858
861
862
863
864
866
867
871
874
875
877
879
881
882
883
884
886
887
889
890
893
895
897
899
901
904
905
907
911
912
913
916
917
918
919
930
934
937
938
939
940
942
943
944
946
947
948
953
955
957
958
959
960
962
963
965
968
969
970
974
977
978
982
983
984
985
987
989
992
993
994
996
997
999
1000
1001
1002
1003
1005
1008
1009
1010
1014
1016
1019
1021
1024
1025
1026
1027
1029
1031
1034
1035
1037
1039
1043
1044
1049
1050
1051
1054
1057
1059
1060
1061
1064
1065
1067
1069
1070
1073
1075
1076
1078
1079
1080
1084
1086
1088
1089
1094
1098
1100
1101
1102
1103
1105
1108
1110
1115
1116
1117
1118
1120
1121
1123
1124
1125
1128
1132
1135
1137
1138
1143
1145
1146
1148
1154
1156
1158
1161
1164
1165
1166
1168
1169
1170
1171
1174
1175
1178
1182
1184
1185
1187
1188
1189
1191
1193
1196
1200
1203
1211
1212
1213
1214
1216
1217
1218
1220
1222
1223
1224
1225
1226
1227
1229
1230
1231
1233
1235
1236
1237
1238
1245
1248
1252
1255
1256
1257
1260
1262
1264
1265
1267
1268
1269
1273
1274
1276
1280
1281
1283
1285
1288
1290
1291
1292
1294
1295
1296
1299
1301
1307
1310
1311
1312
1315
1317
1318
1319
1320
1321
1322
1323
1324
1325
1326
1328
1332
1334
1335
1336
1338
1339
1340
1341
1342
1344
1349
1351
1354
1356
1357
1358
1360
1361
1363
1364
1366
1371
1372
1374
1375
1377
1378
1379
1382
1383
1387
1390
1391
1393
1401
1403
1405
1406
1407
1408
1410
1411
1412
1415
1417
1419
1420
1422
1424
1426
1428
1430
1431
1432
1436
1437
1439
1440
1442
1444
1446
1448
1449
1451
1453
1456
1458
1462
1464
1465
1474
1475
1476
1477
1481
1486
1491
1493
1494
1498
1499
1501
1502
1503
1509
1510
1511
1515
1518
1521
1523
1524
1525
1526
1527
1529
1533
1534
1535
1537
1538
1539
1543
1544
1545
1548
1549
1554
1555
1557
1559
1567
1568
1570
1571
1572
1576
1577
1580
1581
1583
1585
1586
1587
1588
1590
1591
1592
1593
1595
1598
1602
1607
1609
1610
1611
1612
1613
1615
1616
1618
1621
1622
1624
1625
1626
1628
1629
1630
1632
1633
1635
1636
1637
1642
1644
1648
1649
1650
1654
1656
1658
1662
1665
1666
1669
1670
1677
1678
1680
1685
1686
1687
1689
1691
1693
1695
1698
1700
1702
1704
1708
1710
1711
1712
1713
1714
1716
1717
1719
1724
1726
1727
1732
1735
1737
1739
1741
1742
1743
1745
1746
1751
1752
1754
1757
1758
1759
1762
1764
1765
1767
1768
1771
1772
1773
1774
1775
1776
1779
1780
1782
1784
1788
1789
1791
1797
1798
1801
1802
1804
1806
1808
1809
1810
1811
1813
1815
1817
1818
1821
1824
1825
1829
1830
1831
1832
1833
1835
1836
1841
1842
1843
1845
1846
1848
1850
1852
1853
1854
1855
1856
1858
1859
1860
1861
1864
1865
1867
1872
1874
1875
1876
1878
1880
1881
1885
1887
1888
1890
1897
1900
1901
1903
1909
1916
1918
1922
1923
1927
1929
1934
1935
1936
1937
1945
1948
1950
1951
1952
1955
1957
1958
1959
1960
1964
1968
1969
1977
1979
1982
1983
1985
1991
1992
1994
1995
1998
1999
2000
2001
2004
2007
2010
2012
2013
2014
2016
2019
2020
2026
2027
2029
2031
2033
2034
2035
2037
2039
2043
2047
2049
2056
2057
2058
2060
2061
2062
2063
2064
2065
2066
2067
2069
2070
2073
2074
2075
2077
2079
2082
2085
2086
2087
2092
2093
2094
2095
2097
2098
2099
2100
2101
2102
2103
2106
2108
2109
2111
2113
2114
2116
2122
2123
2124
2126
2128
2130
2131
2133
2136
2140
2142
2143
2144
2145
2147
2148
2151
2152
2153
2155
2158
2161
2162
2164
2165
2167
2170
2172
2173
2174
2175
2179
2184
2186
2189
2192
2196
2198
2199
2200
2206
2207
2208
2211
2212
2214
2218
2219
2220
2221
2223
2224
2226
2228
2229
2230
2231
2232
2234
2235
2239
2240
2241
2244
2245
2248
2249
2250
2252
2255
2256
2258
2262
2264
2265
2266
2267
2269
2271
2272
2273
2274
2276
2278
2279
2281
2283
2285
2287
2291
2293
2294
2296
2297
2298
2299
2303
2305
2307
2308
2310
2312
2313
2314
2316
2317
2323
2324
2326
2328
2330
2331
2333
2340
2343
2346
2348
2350
2353
2354
2355
2360
2361
2363
2367
2369
2372
2374
2376
2377
2379
2382
2384
2385
2386
2390
2392
2398
2399
2400
2407
2410
2411
2413
2414
2415
2416
2419
2420
2422
2423
2424
2426
2427
2428
2429
2430
2437
2438
2439
2440
2441
2442
2443
2444
2445
2447
2450
2451
2453
2454
2457
2459
2460
2463
2465
2466
2468
2476
2479
2481
2482
2483
2484
2488
2490
2492
2493
2495
2497
2498
2500
2504
2505
2508
2510
2511
2512
2513
2514
2516
2517
2519
2520
2521
2523
2524
2525
2527
2529
2531
2532
2534
2536
2537
2538
2539
2541
2542
2546
2548
2553
2557
2558
2559
2563
2572
2575
2576
2578
2581
2582
2583
0
3
7
12
20
21
24
25
26
28
46
50
63
67
74
84
86
90
91
93
94
99
100
105
109
112
115
116
126
128
130
136
138
146
151
153
160
163
164
166
167
168
172
174
176
179
180
197
199
201
207
209
216
221
225
237
242
246
256
257
266
273
274
275
277
280
281
282
284
288
291
292
297
301
304
306
307
321
323
324
325
327
329
331
334
337
343
344
348
350
365
368
373
375
387
388
400
404
407
409
419
421
423
424
428
429
430
433
437
441
447
449
451
460
462
469
470
490
497
504
508
509
515
525
537
544
545
550
555
556
560
561
573
577
584
586
591
594
595
603
604
605
606
607
612
614
617
622
623
624
627
630
637
639
640
647
650
659
664
671
673
680
683
691
694
696
698
699
705
707
709
714
730
732
734
736
738
739
741
747
749
753
754
755
756
763
767
770
774
777
780
786
797
800
802
804
807
809
816
821
822
827
830
834
835
837
843
845
848
851
854
855
857
859
860
865
869
870
872
873
876
885
888
894
902
903
908
915
920
922
925
928
929
931
932
941
945
950
952
954
956
967
972
973
975
976
990
1004
1006
1007
1011
1020
1022
1028
1030
1033
1040
1046
1048
1053
1062
1066
1071
1072
1085
1090
1092
1095
1104
1107
1111
1112
1113
1130
1131
1133
1134
1141
1142
1144
1149
1152
1153
1155
1159
1162
1163
1167
1172
1176
1177
1179
1181
1186
1194
1198
1201
1202
1204
1206
1207
1208
1209
1215
1219
1221
1232
1234
1241
1243
1247
1249
1250
1251
1253
1258
1272
1278
1282
1286
1289
1297
1298
1304
1305
1306
1308
1309
1313
1314
1316
1329
1331
1333
1337
1345
1346
1348
1350
1352
1353
1365
1369
1381
1384
1389
1392
1394
1395
1396
1398
1400
1402
1404
1409
1413
1416
1425
1429
1433
1434
1435
1438
1441
1443
1445
1447
1457
1461
1466
1468
1469
1470
1472
1479
1480
1483
1488
1497
1508
1514
1517
1522
1531
1532
1536
1541
1542
1546
1551
1552
1556
1558
1561
1562
1563
1565
1566
1574
1575
1578
1579
1582
1584
1589
1596
1600
1605
1608
1617
1619
1620
1623
1634
1638
1640
1641
1645
1653
1659
1660
1667
1671
1672
1676
1682
1684
1688
1690
1692
1699
1701
1705
1707
1718
1720
1722
1723
1730
1731
1734
1740
1744
1747
1750
1755
1769
1777
1778
1792
1793
1795
1799
1800
1805
1807
1812
1822
1823
1828
1834
1838
1844
1847
1849
1862
1863
1868
1871
1877
1879
1882
1883
1889
1891
1896
1899
1904
1905
1908
1910
1911
1913
1915
1917
1920
1924
1925
1926
1930
1932
1933
1938
1940
1941
1954
1956
1963
1966
1967
1970
1971
1973
1975
1978
1986
1987
1993
2002
2003
2005
2006
2008
2009
2011
2021
2022
2023
2024
2030
2036
2040
2042
2046
2051
2059
2071
2076
2080
2081
2084
2088
2089
2091
2105
2107
2117
2118
2120
2121
2129
2134
2135
2139
2141
2146
2150
2154
2159
2160
2163
2169
2171
2176
2177
2180
2182
2185
2187
2190
2191
2195
2197
2201
2217
2222
2227
2233
2237
2251
2257
2260
2275
2280
2282
2284
2286
2289
2292
2295
2302
2309
2311
2319
2320
2322
2327
2334
2335
2338
2339
2341
2344
2345
2349
2351
2357
2359
2362
2365
2368
2370
2371
2383
2391
2394
2397
2403
2405
2406
2418
2425
2431
2432
2433
2434
2435
2446
2449
2455
2462
2467
2469
2473
2475
2480
2496
2502
2503
2506
2509
2518
2526
2533
2535
2544
2547
2551
2555
2556
2561
2562
2565
2569
2571
2580
1
4
9
10
11
14
17
18
22
23
27
33
37
39
40
41
48
52
53
57
58
69
70
76
98
104
107
113
117
121
124
125
132
133
135
137
145
148
149
156
157
162
182
189
191
192
194
195
196
200
204
206
215
217
220
224
229
232
245
248
251
252
259
264
271
276
286
289
296
302
303
305
311
314
317
320
322
326
330
333
351
353
357
361
379
384
385
390
391
392
398
399
402
405
411
414
418
422
425
427
436
438
440
442
443
446
452
453
454
457
465
477
478
480
482
486
487
489
501
505
518
527
530
536
538
543
547
557
558
562
563
565
567
568
569
575
578
579
581
582
587
597
602
609
610
615
616
618
619
621
634
638
641
646
652
653
666
667
672
674
676
682
684
686
687
688
692
700
702
703
708
710
711
712
713
715
716
720
722
723
728
731
743
745
746
748
757
758
762
764
776
778
789
792
795
805
812
815
817
820
828
831
838
840
841
842
847
852
868
878
880
891
892
896
898
900
906
909
910
914
921
923
924
926
927
933
935
936
949
951
961
964
966
971
979
980
981
986
988
991
995
998
1012
1013
1015
1017
1018
1023
1032
1036
1038
1041
1042
1045
1047
1052
1055
1056
1058
1063
1068
1074
1077
1081
1082
1083
1087
1091
1093
1096
1097
1099
1106
1109
1114
1119
1122
1126
1127
1129
1136
1139
1140
1147
1150
1151
1157
1160
1173
1180
1183
1190
1192
1195
1197
1199
1205
1210
1228
1239
1240
1242
1244
1246
1254
1259
1261
1263
1266
1270
1271
1275
1277
1279
1284
1287
1293
1300
1302
1303
1327
1330
1343
1347
1355
1359
1362
1367
1368
1370
1373
1376
1380
1385
1386
1388
1397
1399
1414
1418
1421
1423
1427
1450
1452
1454
1455
1459
1460
1463
1467
1471
1473
1478
1482
1484
1485
1487
1489
1490
1492
1495
1496
1500
1504
1505
1506
1507
1512
1513
1516
1519
1520
1528
1530
1540
1547
1550
1553
1560
1564
1569
1573
1594
1597
1599
1601
1603
1604
1606
1614
1627
1631
1639
1643
1646
1647
1651
1652
1655
1657
1661
1663
1664
1668
1673
1674
1675
1679
1681
1683
1694
1696
1697
1703
1706
1709
1715
1721
1725
1728
1729
1733
1736
1738
1748
1749
1753
1756
1760
1761
1763
1766
1770
1781
1783
1785
1786
1787
1790
1794
1796
1803
1814
1816
1819
1820
1826
1827
1837
1839
1840
1851
1857
1866
1869
1870
1873
1884
1886
1892
1893
1894
1895
1898
1902
1906
1907
1912
1914
1919
1921
1928
1931
1939
1942
1943
1944
1946
1947
1949
1953
1961
1962
1965
1972
1974
1976
1980
1981
1984
1988
1989
1990
1996
1997
2015
2017
2018
2025
2028
2032
2038
2041
2044
2045
2048
2050
2052
2053
2054
2055
2068
2072
2078
2083
2090
2096
2104
2110
2112
2115
2119
2125
2127
2132
2137
2138
2149
2156
2157
2166
2168
2178
2181
2183
2188
2193
2194
2202
2203
2204
2205
2209
2210
2213
2215
2216
2225
2236
2238
2242
2243
2246
2247
2253
2254
2259
2261
2263
2268
2270
2277
2288
2290
2300
2301
2304
2306
2315
2318
2321
2325
2329
2332
2336
2337
2342
2347
2352
2356
2358
2364
2366
2373
2375
2378
2380
2381
2387
2388
2389
2393
2395
2396
2401
2402
2404
2408
2409
2412
2417
2421
2436
2448
2452
2456
2458
2461
2464
2470
2471
2472
2474
2477
2478
2485
2486
2487
2489
2491
2494
2499
2501
2507
2515
2522
2528
2530
2540
2543
2545
2549
2550
2552
2554
2560
2564
2566
2567
2568
2570
2573
2574
2577
2579
