2260
1130
1131
3080
3903
1569
1181
4302
4120
3569
1826
3326
238
0
712
2012
1579
345
1959
683
2408
2417
4254
582
1274
1226
1639
426
2124
2660
763
3292
3609
1690
154
3988
3828
3529
2466
3351
126
1711
1601
3575
1992
66
1020
1210
3629
3263
2283
1434
3703
416
378
1603
1726
2604
666
3419
2302
3650
68
2070
283
3146
4204
996
2629
296
3060
1907
403
942
2631
1327
3841
1988
2926
1713
81
2290
3040
3586
3108
4266
2992
4065
3277
458
2536
2883
1782
11
3653
3865
2978
2626
3704
3030
1966
689
1629
2169
1975
339
93
2868
124
4457
3906
3095
3820
1819
2006
988
266
687
2320
3387
183
87
3407
2927
3790
4363
1456
1703
1539
1283
3479
3274
3267
22
3439
1903
628
902
4469
3364
4206
398
1405
2249
2786
2544
723
298
2052
1789
1167
326
1055
1478
4090
4252
1544
991
305
4159
3203
3864
2172
585
791
2524
2233
3999
4075
273
318
225
3737
849
3594
3511
870
993
1890
3341
1407
343
1045
2232
3771
4126
1186
3290
3020
989
4460
1106
2243
1053
163
2054
1177
4448
3219
2363
4016
3727
1856
2103
437
492
294
2468
1377
974
47
129
2508
2592
3438
3800
2484
37
2311
336
1141
4058
4208
2812
4146
4325
2617
2620
1093
1429
3838
3463
13
151
4001
1561
857
3697
362
1174
2292
2241
4508
1220
2739
374
4394
2043
1584
2554
2437
4160
3117
4036
1809
3887
1875
3291
3764
94
1296
1214
1906
1599
695
3414
496
892
2442
1140
2160
3148
1552
2884
832
443
3306
2463
908
1955
2514
682
1102
2107
3928
3632
3513
2360
3271
587
2708
2348
3069
311
1
680
3598
3352
2590
409
1007
2504
4061
2347
1957
4293
918
529
3581
4510
3603
466
3706
3091
4182
1930
3406
1136
358
2490
1756
2136
2230
3321
2954
2401
2568
4246
973
1739
3048
216
212
3535
4369
1754
2824
2828
2203
3589
3918
2128
221
3067
359
583
3902
1793
1943
4101
1422
904
696
556
1420
2728
2080
581
907
2969
355
4139
3144
3107
142
753
1774
726
1447
819
2194
3972
1596
3519
16
2397
3660
4377
3237
377
65
3452
3665
3807
2600
3596
265
1958
1268
3809
2886
2905
2966
1994
2464
2957
1297
3320
4332
2773
765
3560
3410
2046
3523
1329
1925
4300
1231
2760
474
1636
3739
2364
1130
1413
1334
1108
3315
2053
4039
575
2550
1293
505
3137
4319
1037
1530
4470
2188
752
1355
2383
1322
3104
4405
390
2709
769
1260
385
2031
98
865
419
716
794
2339
3323
2382
1480
1441
2615
2740
3717
4385
1017
1724
2639
269
3038
1448
2820
285
3848
1317
28
108
639
1222
2349
4268
442
509
3952
4158
1388
2663
3970
2931
1655
1321
1752
1526
4013
1640
1929
1785
4068
1892
3676
1042
864
439
3495
4338
3027
4274
4520
1104
2952
1393
3329
188
2323
3781
3000
3427
3205
873
3330
3154
4228
2164
1923
2870
175
3119
2695
1398
2119
2221
1086
1543
2869
635
3209
2465
2352
3550
1553
114
218
978
579
2196
2598
621
2470
488
2479
1234
2177
4166
3246
1309
1540
1939
2141
2091
344
3289
2987
930
885
4202
814
1602
623
2894
2005
3031
3244
2973
709
4398
2953
2841
1043
3794
2548
1081
1866
4038
4461
3671
2614
2650
1284
441
3049
1777
4136
425
2183
3958
4024
2766
4237
3648
1542
651
317
3791
2039
578
1419
1368
2340
1656
4000
1633
4183
737
3181
1403
728
467
850
2714
1554
2098
2967
838
4400
2566
4007
1389
92
3417
1083
1967
99
2805
1000
3510
3689
1002
3400
3688
1154
1676
2645
1170
160
539
1272
3398
4178
4155
1191
173
2678
2776
1022
401
1941
1517
901
2553
4313
3881
2017
2045
176
1768
3582
429
2211
4169
12
23
980
1418
3508
61
1235
672
334
3661
2069
532
2159
1689
2495
607
2974
710
1648
1301
4242
1730
170
3132
4045
1224
2488
410
2842
2975
3186
3343
20
2427
822
191
3636
433
3748
2810
2846
71
4305
1219
956
871
2752
1735
2018
3808
2008
3167
4295
4270
618
2649
3492
2413
1701
4163
131
2922
3709
905
4084
4432
2409
2830
1610
201
1091
1256
1581
2376
2788
2942
1288
2757
1952
1571
566
1444
2989
1786
3746
2020
4113
3312
242
293
4349
354
1878
3058
2834
2116
2030
1423
3776
4026
2546
217
4344
295
2664
1753
1115
777
3192
2106
42
4143
811
1440
4456
1549
4379
2137
1916
1481
3778
3072
2938
337
3019
389
1865
1040
860
2798
557
215
1910
2909
2736
2970
3787
4311
2738
469
1144
2519
1076
369
606
3363
2467
1507
3316
3685
3638
2257
955
1733
3965
2956
501
2540
2386
3174
3789
3708
608
3941
1643
3926
2588
3231
3346
2072
1787
882
1313
1565
514
2802
631
3898
2576
891
3124
1962
815
2019
4308
77
4109
3647
181
3054
2356
103
4445
2682
59
503
4468
1836
2032
1406
4507
742
564
421
3832
475
4350
1664
1445
2007
3924
2674
4301
3766
2254
2783
3184
2059
2908
3677
4298
1808
1876
2945
1325
1358
3613
3868
3258
3390
3667
1244
1660
2220
3413
1646
1038
958
2462
2065
406
3777
1016
46
2235
4366
2473
4064
141
2538
2434
3980
299
240
4314
3254
1242
3749
4175
4053
3730
1509
1464
2646
846
3034
1041
3009
1755
2034
853
1608
2892
1932
3925
2777
2707
910
1328
3802
2049
2342
3982
3276
222
3088
3633
558
2037
1775
2090
139
85
3454
4063
350
4476
928
1302
3229
2373
3736
2277
1184
3616
869
3491
2921
727
278
1529
1862
3191
3142
624
1474
50
138
2455
3294
4124
2939
2166
3938
612
768
3288
2683
1241
1157
4080
89
560
2633
3909
3579
3105
63
39
2712
2123
2402
890
999
3573
2800
1985
549
824
411
158
1263
3443
2924
1600
424
3993
2655
645
316
3086
1100
946
1477
3106
1467
150
2100
2774
2432
3722
4125
4517
4496
1031
3208
2872
1598
1126
2472
4245
3812
351
1947
1697
1813
708
933
4157
2936
1582
937
3900
3856
2143
1469
3702
2818
2042
1452
4222
476
4144
2771
2716
3345
840
3526
446
1984
2245
3384
1987
3716
1064
3683
2941
4216
1354
3500
567
3335
4331
1316
1471
3678
211
3059
1421
3255
3093
83
1087
4442
2917
48
2932
774
2440
168
522
1805
842
1330
1619
3444
313
4453
2991
3758
4276
1339
2612
1265
3301
1849
4297
1204
2551
2772
4052
4020
4108
2928
2611
1128
3089
1620
470
493
1798
656
866
1832
229
542
4360
602
1628
593
2201
4248
2099
4097
162
4250
3949
4347
2940
2764
2155
1968
3079
2075
3907
363
4351
1772
2915
2422
3501
4426
155
62
2801
1375
1018
2574
1366
3652
1998
3518
1314
197
573
3302
746
1850
2371
4135
2831
1264
2122
1372
4509
381
2694
620
2310
4107
1926
4174
1255
338
2471
3943
1233
1027
1823
490
3992
3466
3877
4025
4164
1645
3896
633
3441
2354
54
159
461
2826
3750
2949
1919
3145
3385
2181
1292
2262
4291
1871
3299
3378
1567
482
4213
146
3548
346
953
2845
2972
3408
4070
3735
3409
304
4148
520
1450
1498
883
2930
1189
3990
3978
2677
271
3389
703
3835
3503
3262
2061
3751
3617
694
2152
1617
3922
2579
1123
3855
760
2421
881
79
2389
3473
1658
21
613
817
4336
2897
3159
690
113
3468
3360
3639
3358
1523
4116
86
2751
3585
321
2316
721
1918
196
3333
1117
2253
3897
149
3811
4128
3839
1110
2984
3554
376
300
3576
3564
4316
2838
2981
717
4145
2606
1745
3403
1122
36
2640
3370
3136
4281
357
3282
1280
705
1151
526
1995
4168
1833
3112
4044
396
551
1535
3233
1606
4059
1014
1289
778
3487
2469
2264
3846
1025
3066
4294
4212
2475
3001
1359
3388
3768
3259
3917
1899
3691
3914
536
3359
434
2229
2859
1074
2337
230
2532
187
3331
2607
7
906
69
2642
968
940
353
641
3551
1111
2209
1202
2725
921
1457
642
2476
3913
3741
263
2958
2212
1142
3686
4462
1670
2914
4151
4042
4386
171
1034
3241
373
3911
1536
643
1723
4264
1073
4010
4371
917
2208
1791
2525
1901
2919
3939
3164
2577
1470
559
1392
3563
3130
1270
4512
1784
4239
145
3986
2656
1864
3876
1308
2618
939
2104
4312
2855
4287
1048
1882
3338
1818
4346
2634
3710
3607
2058
252
3920
2759
1113
1364
2882
785
1852
3348
2687
4337
1904
2480
1977
1213
459
3161
692
929
15
1911
640
1024
1363
605
3226
3642
4501
1857
4342
1252
1158
2999
3421
4389
1684
72
2793
2603
1905
3183
2120
2628
2184
952
2156
3480
637
3890
3714
894
1810
3442
1999
1096
1663
3996
4403
961
78
654
2282
3843
2289
3032
327
455
2874
1868
617
2331
4129
3435
1993
97
1815
1625
1722
4309
3624
4149
3964
3512
195
747
3076
2893
2888
2214
57
1125
3538
1688
2314
3610
3929
1443
2833
4138
1281
2301
3303
1012
2391
205
986
268
3152
1340
4428
2047
1156
3742
3806
2522
244
913
58
897
792
3166
3740
3724
1558
876
465
2359
2896
1320
923
43
1799
3139
1761
2081
1132
1011
586
1394
3615
3493
3082
707
1217
3003
2935
231
868
1166
3373
214
1473
4362
3334
1695
2671
2458
2361
2357
562
3445
1956
3699
4289
127
2198
1487
2808
3822
3476
104
2684
1749
2493
38
2426
3218
2224
105
3426
4069
638
1254
310
1164
3763
499
4104
3712
1146
670
1476
206
1160
2365
1439
3562
4094
1462
530
347
2029
292
895
2395
1200
2555
4467
3574
1277
3894
1399
610
2711
1458
2114
1253
2336
4192
3657
30
1912
4180
2867
3396
2035
2213
1046
1816
830
4280
2296
3608
1351
3057
1859
3074
1736
2144
1054
4194
1874
3568
4134
3505
3061
2658
833
2288
3103
4006
614
232
2911
2549
2761
4306
845
1728
2996
2916
4500
828
2696
1883
4019
4370
3961
684
4041
3605
1632
1578
95
4119
2375
4195
1623
3342
157
1183
1708
3004
3599
2955
319
76
570
2485
3692
1524
3813
1764
3096
4014
790
4388
1075
2132
979
3895
471
732
2380
835
1163
1699
307
3948
507
4054
936
1592
26
1056
2312
2763
2130
3298
2885
233
75
3214
2699
3621
2501
135
1023
478
2451
1522
3539
3908
4303
3268
3863
603
720
744
417
4008
1538
2228
3793
2816
418
3431
3833
3845
962
2244
1428
3715
25
4082
4179
3114
759
2062
2174
1946
4493
3065
228
3021
2673
2449
3456
1531
1426
500
3507
2710
96
464
4078
3356
4227
1693
3679
365
3309
3037
4256
400
1978
1437
3584
3973
2307
1175
2744
3649
3744
626
3434
1881
2977
1897
209
2571
166
2287
1551
964
289
4367
932
2705
4335
2506
1931
789
1721
609
1482
4088
2330
1944
859
3888
60
3238
1499
3165
3729
4263
2345
1506
251
3278
4193
1618
1574
2186
3799
2163
1035
2852
2135
3344
1682
3767
4103
1168
3437
1750
1324
4477
4034
1734
202
451
2697
1594
4422
1597
1221
1232
2127
934
4033
1475
2478
3056
2261
460
253
3849
704
3732
1060
3239
2659
2587
1282
1707
3188
738
2063
1580
2835
972
3035
3655
402
552
1515
2651
2669
1652
491
4071
3484
276
3310
1431
382
2173
1611
2394
2108
931
2768
1760
2500
554
3156
3024
2876
4060
148
2515
4407
2995
4258
4040
1846
4201
2512
4327
4463
165
1490
3547
1747
258
596
3524
3081
3620
4079
3483
4271
364
2713
806
2268
302
2151
1494
3225
595
2799
4499
1412
589
1700
4420
1588
3039
691
4397
839
3455
903
3213
3051
3022
2610
2779
1228
2231
2248
1120
2067
2333
2511
2079
1030
4259
1003
970
1564
2362
4037
3916
2097
415
2734
4027
3194
2624
770
3376
4450
1326
1195
2146
2392
3033
1179
3036
3053
3893
4279
2854
1459
259
2581
1934
1541
4318
914
4230
4474
518
387
116
3743
1409
4381
966
34
3228
203
3601
2131
101
4098
4217
1492
4050
1047
733
2934
1705
4471
1560
779
1097
2294
1614
2454
1550
3236
2821
179
3153
267
2623
4251
3879
2002
517
4077
1298
948
2093
2858
1493
662
702
1971
1384
2453
3927
3752
4481
2837
1331
3134
4290
1621
453
2819
1936
4085
4091
4352
1653
4073
331
698
356
1516
4261
1001
2750
1654
1668
1229
3357
4438
1637
1178
3391
3850
3765
3332
1758
1634
521
735
312
4307
1199
796
3090
2121
1246
497
1681
3844
3840
1727
847
4066
3116
4484
2204
1094
3486
3073
677
803
1827
2686
1061
3006
328
754
997
2443
1716
1261
1657
3206
1357
911
1880
2086
1642
960
795
128
3252
2562
3047
2270
3985
4433
386
207
4209
1343
18
1742
2185
3168
4506
711
2700
2410
650
1138
3149
3016
3662
1402
1974
3619
3818
122
2839
2372
1072
2077
4341
3369
1585
3422
3957
2377
1518
2388
619
2533
2060
2272
4127
922
4439
250
2326
571
2749
1854
3687
900
1479
2904
3874
1613
4147
2758
748
2210
33
53
74
527
4402
2848
1238
1300
3971
2680
4372
3570
1942
2057
102
3829
3190
1008
2192
2405
2654
843
541
1547
3245
1964
1950
4348
4320
51
2988
1651
1914
2269
2534
436
856
1323
3645
1205
1285
3092
368
3005
1973
2582
2903
1794
4421
2494
2851
3558
3546
874
4504
2825
2313
147
1152
3250
1085
3696
751
256
943
4273
944
2411
506
2625
685
1062
2860
1036
4299
2792
185
2509
3919
1895
2415
531
35
2300
771
4376
224
4515
3459
1236
3428
383
1446
484
2944
657
4244
1379
2182
2293
275
4002
4121
4095
2165
1500
2267
255
1662
4345
2087
676
1143
3424
1089
67
3011
3694
3968
4022
1807
1486
1822
3102
2561
4356
644
1077
1247
3311
2743
3674
3249
1514
4465
591
718
896
2529
3509
3721
1057
274
4171
1838
3930
1088
2304
4184
3362
2745
1408
533
2001
1577
776
548
1694
1627
45
2083
3447
3366
3269
669
1981
655
2295
3281
2875
3317
2913
3220
3171
3557
2887
1380
1502
3707
1084
1271
2118
243
2095
2242
1209
2937
3098
4455
1071
2591
2641
4483
649
1105
4310
2016
3852
1802
1867
2205
1776
2276
2353
3446
489
2306
3954
2692
2234
1573
949
2572
3556
2531
2951
915
3350
481
984
1504
2961
3816
2299
2207
3915
2280
2158
3862
1983
3489
755
3193
4111
1337
3405
2513
3935
1361
3867
4207
3851
2004
3297
309
3506
725
2499
577
1248
3247
91
2420
41
809
3013
2378
2089
889
1674
2074
544
4353
1744
1187
3606
4315
4023
877
1828
4030
3458
4466
2111
1861
3404
508
2731
3453
3296
241
3449
2784
2968
1414
2026
1712
380
2335
1286
3043
2891
3531
2101
3217
1630
1562
2084
1954
2502
3984
4105
2781
3465
4354
3673
2193
848
2596
3198
3314
3340
3305
4415
2237
525
701
445
3025
17
2601
2286
3275
1495
3823
257
3131
1348
1039
1460
3883
3646
1082
352
237
2943
3780
4361
4156
916
2809
1583
1387
2056
3627
2381
4423
3496
199
1748
3425
2452
4015
1675
2303
272
1180
3995
1501
2918
1525
3272
1311
2593
743
4334
841
3222
2396
686
2113
3230
3319
1869
3600
2688
1353
3041
3002
1182
2419
4226
4516
4382
456
3418
600
2358
1969
1404
107
427
3337
1347
2729
3129
4373
1624
1717
2318
3212
2071
852
688
2575
192
3803
807
2690
3264
2110
1382
2747
2890
3861
3138
375
3623
3324
2341
1279
3772
3775
73
538
1738
3552
2157
2000
3572
674
2753
1227
3377
3983
2545
2195
480
2400
1203
3
1927
1021
3451
4186
2170
2647
2438
291
4437
1528
699
1489
3643
106
2520
3115
314
2134
1371
3497
3490
3947
4494
1840
447
2279
4296
3966
4173
485
2423
569
2979
2950
1778
88
2191
2240
2112
2343
1258
4012
189
4429
1290
880
1090
1133
2613
1058
1949
1194
2616
3318
80
428
4131
3946
4049
3664
3123
1870
56
3397
2309
977
388
2755
3792
3937
1706
1616
3223
599
1804
1299
2021
3571
990
1691
4234
1150
1979
4051
781
3959
1216
3626
909
2850
169
1435
4436
756
3401
1455
4368
632
3045
1831
2668
1010
2608
2259
3502
55
1013
2498
367
783
4490
2960
3187
2517
2597
2923
730
3884
1557
4087
3429
1572
1795
1336
198
1886
563
3014
1702
2436
3945
1622
4232
3663
2175
1468
1649
397
2223
4172
1427
4418
2317
2332
634
775
1129
2722
117
404
366
3436
3522
1685
1980
4416
2778
2445
1855
722
1134
3010
2724
823
1928
2853
4359
1483
3656
2011
143
1101
1806
1400
555
3830
2543
3516
1683
1835
1338
3375
1360
706
4096
3963
4283
1759
2599
123
2873
2403
2441
3295
2496
1239
1497
2741
153
2804
2861
4395
1385
1885
3753
2255
1595
1029
834
2010
1533
2138
820
483
2585
3904
3675
938
3836
2092
1145
3527
2145
837
3854
648
4408
3796
3440
2899
1825
3127
4231
1304
1559
2552
2430
2619
3015
736
2266
4269
1990
3625
2672
2344
4130
1860
4380
4199
4235
4122
3611
132
3064
1401
3795
3284
636
3399
219
975
3055
714
2580
2273
1449
818
4191
3260
3243
2328
1548
1190
213
3150
1173
2239
899
3120
2387
3525
1893
2648
1009
3815
3805
3670
1416
576
1315
3718
2390
3355
399
700
2880
2324
2176
2521
246
2247
3007
1555
2024
1472
1112
2142
2250
2088
4219
1124
4029
2218
3052
773
1465
4153
2435
2085
4086
665
1991
2379
995
3474
4511
325
1438
786
3211
4017
2041
920
2263
3099
3162
1159
2998
2459
448
2535
3172
2013
323
1237
4329
109
4288
1751
2537
1863
2652
3126
2857
1369
4249
193
1065
395
370
799
1365
4485
431
1650
2901
1069
1153
757
10
2274
1350
4441
2022
1305
3075
3891
1710
4357
322
432
3261
3991
3542
454
697
2366
2878
2219
826
3592
1119
553
49
2064
2703
1251
3313
3612
2202
967
3328
84
2153
2689
4057
4011
236
647
630
2767
3300
2446
3279
3204
3242
1769
1644
3395
3354
438
3932
2139
1451
182
3923
3644
1266
4190
861
260
1370
3367
2258
797
947
646
393
1099
1262
1211
1295
3481
668
801
887
879
678
164
2806
3622
245
4446
2627
3499
2148
2238
1004
3199
3143
1894
2078
1781
133
3783
4181
379
277
1107
452
2009
249
1310
3380
1362
862
3185
2003
1780
282
261
2321
4495
523
24
519
3365
3583
3533
1887
2735
462
200
1080
3094
863
3976
2657
1965
1510
1417
1669
2285
540
3280
802
3293
1513
512
1527
1381
825
2864
3628
3498
144
3974
1466
3713
1430
1306
4141
4176
782
2418
4411
3944
1245
1720
14
2450
4514
3179
1121
4440
167
235
1208
3859
1872
1352
3814
3680
194
324
1454
306
1834
1410
3847
1673
4150
3026
1172
982
2813
671
4425
4387
4047
3415
3682
4035
3747
1135
4133
1374
4170
3163
854
561
4444
112
884
1938
184
1725
788
430
405
681
1063
2505
3100
502
2877
3842
2964
652
4165
2622
1267
1291
594
2570
568
1680
2719
2066
4513
3232
2665
479
3383
287
2275
1139
2787
1763
4118
4106
2602
4102
2643
2023
4137
3561
119
248
1696
1511
4093
664
3423
663
3532
813
4406
1103
4355
4486
1078
3420
2717
2015
3257
3725
3308
4187
1661
3200
1378
3734
3882
3871
3942
4505
2246
3770
3951
210
3386
2770
3253
335
808
2702
4253
1960
872
423
2222
4117
1519
3197
2350
2147
320
4424
2925
2439
3327
2990
3110
1206
3788
2433
1718
1877
3565
3322
1845
3430
1287
2448
3866
3759
3760
3402
2630
2560
4214
2140
1812
3723
1576
223
2
4
5
6
8
9
19
27
29
31
32
40
44
52
64
70
82
90
100
110
111
115
118
120
121
125
130
134
136
137
140
152
156
161
172
174
177
178
180
186
190
204
208
220
226
227
234
239
247
254
262
264
270
279
280
281
284
286
288
290
297
301
303
308
315
329
330
332
333
340
341
342
348
349
360
361
371
372
384
391
392
394
407
408
412
413
414
420
422
435
440
444
449
450
457
463
468
472
473
477
486
487
494
495
498
504
510
511
513
515
516
524
528
534
535
537
543
545
546
547
550
565
572
574
580
584
588
590
592
597
598
601
604
611
615
616
622
625
627
629
653
658
659
660
661
667
673
675
679
693
713
715
719
724
729
731
734
739
740
741
745
749
750
758
761
762
764
766
767
772
780
784
787
793
798
800
804
805
810
812
816
821
827
829
831
836
844
851
855
858
867
875
878
886
888
893
898
912
919
924
925
926
927
935
941
945
950
951
954
957
959
963
965
969
971
976
981
983
985
987
992
994
998
1005
1006
1015
1019
1026
1028
1032
1033
1044
1049
1050
1051
1052
1059
1066
1067
1068
1070
1079
1092
1095
1098
1109
1114
1116
1118
1127
1131
1137
1147
1148
1149
1155
1161
1162
1165
1169
1171
1176
1185
1188
1192
1193
1196
1197
1198
1201
1207
1212
1215
1218
1223
1225
1230
1240
1243
1249
1250
1257
1259
1269
1273
1275
1276
1278
1294
1303
1307
1312
1318
1319
1332
1333
1335
1341
1342
1344
1345
1346
1349
1356
1367
1373
1376
1383
1386
1390
1391
1395
1396
1397
1411
1415
1424
1425
1432
1433
1436
1442
1453
1461
1463
1484
1485
1488
1491
1496
1503
1505
1508
1512
1520
1521
1532
1534
1537
1545
1546
1556
1563
1566
1568
1570
1575
1586
1587
1589
1590
1591
1593
1604
1605
1607
1609
1612
1615
1626
1631
1635
1638
1641
1647
1659
1665
1666
1667
1671
1672
1677
1678
1679
1686
1687
1692
1698
1704
1709
1714
1715
1719
1729
1731
1732
1737
1740
1741
1743
1746
1757
1762
1765
1766
1767
1770
1771
1773
1779
1783
1788
1790
1792
1796
1797
1800
1801
1803
1811
1814
1817
1820
1821
1824
1829
1830
1837
1839
1841
1842
1843
1844
1847
1848
1851
1853
1858
1873
1879
1884
1888
1889
1891
1896
1898
1900
1902
1908
1909
1913
1915
1917
1920
1921
1922
1924
1933
1935
1937
1940
1945
1948
1951
1953
1961
1963
1970
1972
1976
1982
1986
1989
1996
1997
2014
2025
2027
2028
2033
2036
2038
2040
2044
2048
2050
2051
2055
2068
2073
2076
2082
2094
2096
2102
2105
2109
2115
2117
2125
2126
2129
2133
2149
2150
2154
2161
2162
2167
2168
2171
2178
2179
2180
2187
2189
2190
2197
2199
2200
2206
2215
2216
2217
2225
2226
2227
2236
2251
2252
2256
2260
2265
2271
2278
2281
2284
2291
2297
2298
2305
2308
2315
2319
2322
2325
2327
2329
2334
2338
2346
2351
2355
2367
2368
2369
2370
2374
2384
2385
2393
2398
2399
2404
2406
2407
2412
2414
2416
2424
2425
2428
2429
2431
2444
2447
2456
2457
2460
2461
2474
2477
2481
2482
2483
2486
2487
2489
2491
2492
2497
2503
2507
2510
2516
2518
2523
2526
2527
2528
2530
2539
2541
2542
2547
2556
2557
2558
2559
2563
2564
2565
2567
2569
2573
2578
2583
2584
2586
2589
2594
2595
2605
2609
2621
2632
2635
2636
2637
2638
2644
2653
2661
2662
2666
2667
2670
2675
2676
2679
2681
2685
2691
2693
2698
2701
2704
2706
2715
2718
2720
2721
2723
2726
2727
2730
2732
2733
2737
2742
2746
2748
2754
2756
2762
2765
2769
2775
2780
2782
2785
2789
2790
2791
2794
2795
2796
2797
2803
2807
2811
2814
2815
2817
2822
2823
2827
2829
2832
2836
2840
2843
2844
2847
2849
2856
2862
2863
2865
2866
2871
2879
2881
2889
2895
2898
2900
2902
2906
2907
2910
2912
2920
2929
2933
2946
2947
2948
2959
2962
2963
2965
2971
2976
2980
2982
2983
2985
2986
2993
2994
2997
3008
3012
3017
3018
3023
3028
3029
3042
3044
3046
3050
3062
3063
3068
3070
3071
3077
3078
3083
3084
3085
3087
3097
3101
3109
3111
3113
3118
3121
3122
3125
3128
3133
3135
3140
3141
3147
3151
3155
3157
3158
3160
3169
3170
3173
3175
3176
3177
3178
3180
3182
3189
3195
3196
3201
3202
3207
3210
3215
3216
3221
3224
3227
3234
3235
3240
3248
3251
3256
3265
3266
3270
3273
3283
3285
3286
3287
3304
3307
3325
3336
3339
3347
3349
3353
3361
3368
3371
3372
3374
3379
3381
3382
3392
3393
3394
3411
3412
3416
3432
3433
3448
3450
3457
3460
3461
3462
3464
3467
3469
3470
3471
3472
3475
3477
3478
3482
3485
3488
3494
3504
3514
3515
3517
3520
3521
3528
3530
3534
3536
3537
3540
3541
3543
3544
3545
3549
3553
3555
3559
3566
3567
3577
3578
3580
3587
3588
3590
3591
3593
3595
3597
3602
3604
3614
3618
3630
3631
3634
3635
3637
3640
3641
3651
3654
3658
3659
3666
3668
3669
3672
3681
3684
3690
3693
3695
3698
3700
3701
3705
3711
3719
3720
3726
3728
3731
3733
3738
3745
3754
3755
3756
3757
3761
3762
3769
3773
3774
3779
3782
3784
3785
3786
3797
3798
3801
3804
3810
3817
3819
3821
3824
3825
3826
3827
3831
3834
3837
3853
3857
3858
3860
3869
3870
3872
3873
3875
3878
3880
3885
3886
3889
3892
3899
3901
3905
3910
3912
3921
3931
3933
3934
3936
3940
3950
3953
3955
3956
3960
3962
3967
3969
3975
3977
3979
3981
3987
3989
3994
3997
3998
4003
4004
4005
4009
4018
4021
4028
4031
4032
4043
4046
4048
4055
4056
4062
4067
4072
4074
4076
4081
4083
4089
4092
4099
4100
4110
4112
4114
4115
4123
4132
4140
4142
4152
4154
4161
4162
4167
4177
4185
4188
4189
4196
4197
4198
4200
4203
4205
4210
4211
4215
4218
4220
4221
4223
4224
4225
4229
4233
4236
4238
4240
4241
4243
4247
4255
4257
4260
4262
4265
4267
4272
4275
4277
4278
4282
4284
4285
4286
4292
4304
4317
4321
4322
4323
4324
4326
4328
4330
4333
4339
4340
4343
4358
4364
4365
4374
4375
4378
4383
4384
4390
4391
4392
4393
4396
4399
4401
4404
4409
4410
4412
4413
4414
4417
4419
4427
4430
4431
4434
4435
4443
4447
4449
4451
4452
4454
4458
4459
4464
4472
4473
4475
4478
4479
4480
4482
4487
4488
4489
4491
4492
4497
4498
4502
4503
4518
4519
