2260
1130
1131
4293
98
1011
777
3303
855
2603
2588
2057
1793
2556
4137
2668
4157
815
2479
1598
253
2450
41
3462
2974
903
2255
122
1839
4106
1821
250
703
1213
2117
2155
3900
3658
3322
3668
2997
3933
1398
455
1344
941
1127
3481
929
3756
1202
4181
3724
1525
2236
970
930
2820
3824
3502
1292
2071
659
898
2017
1112
247
222
2009
333
1899
2811
848
3267
1329
4085
4505
519
1255
566
187
2595
671
2144
1799
2212
585
2356
3850
3324
1042
2274
1595
2674
1988
2035
2502
300
540
89
1319
261
2897
3575
543
927
1854
1795
3470
2796
534
2141
681
2966
38
1650
759
1059
2425
684
1019
3547
2082
722
1253
9
153
3817
2568
3675
2198
3196
2272
3452
1239
2745
3650
3857
5
1248
2264
1117
3076
2069
2485
2943
1747
3540
4246
3983
2234
1498
3886
3120
456
1623
530
1960
3027
2679
2128
3368
500
2454
2215
3849
3984
2136
1539
135
1529
4463
1843
1146
2961
2336
4360
450
3222
2584
380
4089
3531
65
1922
1418
2971
3155
1725
1264
3786
3616
3395
1287
2620
1350
213
3651
2646
259
4416
246
2074
2509
2432
518
3836
582
1190
4440
20
3447
2616
2003
3782
1871
2548
4128
983
3276
2550
4314
2334
1068
1223
1901
542
4359
2296
2357
1731
2409
2146
3298
1585
620
1976
2459
507
3981
486
3576
2799
1801
1929
2544
878
2898
3988
3637
451
524
245
621
2989
3250
1015
974
1200
4345
3001
64
3598
1528
3946
2691
1673
2227
1298
4258
3655
2842
1955
1180
780
521
3243
997
2278
3301
862
2094
4364
1435
3488
2254
2192
3458
175
2818
1631
4239
1145
488
2420
4022
494
3911
4468
3065
3602
1549
708
4179
3381
2124
2895
2929
4143
328
4008
2843
2665
271
1263
1343
3678
1576
3567
1534
4358
739
2159
3038
3630
1648
2097
490
558
1196
3745
2317
2533
2152
3198
207
4370
1690
45
567
1041
1140
4116
771
4394
3843
713
3043
1245
4198
84
2013
1340
4396
2859
1771
1412
1604
2329
3509
3463
4010
1434
3306
1431
3920
2342
2076
3021
1413
51
1479
2849
2786
750
2385
603
729
1395
2740
4255
2579
3342
2783
3800
1778
452
3904
1592
3638
109
386
508
2301
48
2233
2876
3068
704
1645
2300
1119
2836
2370
4478
1744
1758
2312
2711
2354
926
625
869
3963
3121
1478
2319
1728
2564
4173
1191
4327
1306
4351
1058
3229
4020
69
4305
1401
172
2695
2546
1115
99
3115
2096
4011
332
1002
1256
3210
2629
3396
3947
1902
4502
1835
3161
2307
2696
1231
1476
3047
1017
3042
2587
2626
3181
2179
2174
4054
1265
4477
254
1055
4338
4180
3088
4071
2706
467
2099
4321
736
700
296
4222
619
2328
2984
640
2743
3570
3041
1542
3063
1348
4129
934
1338
4297
565
1030
3204
1227
3585
1537
1155
501
675
1182
4460
2029
4014
578
2677
968
2882
3189
2911
285
1135
1448
3097
312
2921
2133
2209
2220
3400
3156
2045
2908
1075
2671
785
2288
860
2113
2435
1243
2365
2478
1048
2025
3991
3149
2847
1800
1214
933
3595
699
438
360
385
1122
2148
1927
2483
2034
4103
2983
1884
4178
743
2270
1709
1875
1660
1488
2431
588
965
3958
1382
629
2465
3510
3954
1658
4253
3589
236
3537
2699
4462
415
3759
2204
4044
1356
2228
1986
957
16
128
648
4024
967
3559
86
1210
1973
2525
4500
409
1444
2982
1618
4099
712
2441
3025
2218
1779
1626
3137
2976
3855
2539
4283
880
2726
2936
2617
3533
2411
3530
4365
2703
1181
716
35
3703
4249
1324
1092
1643
1355
3471
4122
3030
3273
3972
2219
3062
1173
3755
2516
3644
788
81
789
3504
4007
277
760
1278
1445
1546
4033
2698
2619
994
1450
158
1124
2396
1471
4282
1507
1934
4093
3865
2937
3386
2589
3643
1743
1680
563
1925
3399
1581
2682
280
459
418
2881
337
1518
1165
1242
657
1187
3721
3213
126
1599
2922
1711
2452
67
3820
382
3778
3426
3896
3218
2823
3328
396
349
2701
413
628
1992
1065
340
3906
3878
161
1189
2107
4112
1937
1158
2249
1208
4063
3367
3714
762
4467
1458
3735
4049
2569
2774
1606
3359
551
3564
425
3732
2095
1029
626
1810
1671
1385
3468
2361
1438
1825
1541
1234
1168
749
1696
966
1710
4423
174
1454
1987
2957
2980
240
2419
4182
1887
2656
805
3534
692
2248
1464
3195
2628
399
3624
2918
831
1561
2618
2562
12
2377
902
3838
4379
3989
3382
3211
1194
1967
3503
3020
3944
1220
1512
2389
164
279
1858
1715
4145
4045
538
2765
537
2033
3110
706
2374
3758
1685
2716
645
3781
3436
3809
1273
3416
718
4455
1475
346
1768
3997
4077
3953
3412
3459
1820
1739
2493
3135
3819
913
496
1102
3184
4217
1170
3666
102
2575
4356
2885
2038
1346
1630
4019
2448
669
427
3738
574
2804
3188
1657
864
4263
2623
2367
3122
1621
212
3266
4315
62
2177
2352
3411
2458
251
2150
3107
1308
1941
3880
2752
2611
147
3017
826
1765
401
3747
3707
4274
3618
2554
3699
1646
2437
3407
3810
767
687
3942
2245
773
3154
539
942
2747
2032
3174
4051
2832
1676
1807
338
2531
2008
2161
2942
3851
843
1387
3606
1920
2939
373
74
4142
3269
1432
3975
1313
4075
394
4021
4271
1832
3522
2477
1556
2742
1876
106
658
1316
3006
3788
191
2217
3087
685
23
553
1339
1012
2992
1000
638
2948
2061
710
2602
2938
2794
920
2199
1033
3016
1500
3112
17
3968
2145
1769
2709
2331
1748
686
2224
1979
1060
2504
2580
4363
361
3434
793
3408
95
4389
2727
304
75
372
987
2873
4446
1089
3497
4073
7
3861
4206
3049
2093
3966
3608
2214
978
3555
2350
2670
4192
3089
1061
3271
131
2163
125
216
1481
2925
2491
275
816
3427
2534
4471
2606
2596
1099
1780
21
209
3962
1949
1513
1741
1291
2122
1570
3615
2845
2558
4202
3863
844
705
2773
556
2462
1499
595
2563
1956
601
2916
307
2351
956
2657
473
893
632
272
3056
384
2755
608
2481
1212
2870
1880
4148
3639
2830
1656
2101
1968
267
2574
3773
1816
470
4270
3118
4382
36
2108
3077
1039
3296
1770
654
557
429
3733
3677
1080
2246
177
536
1857
2036
4251
439
47
183
1399
2975
136
2513
4087
1149
3821
775
112
3727
691
532
3725
3215
2469
1945
2594
4190
1647
2011
3979
4055
1018
2156
2070
3676
4
3899
3696
2560
1906
1995
1552
2639
577
3207
1327
1504
2676
2273
2807
711
1484
3011
4368
3516
2474
431
4084
3059
1197
2935
1482
2793
797
206
160
458
4488
2362
4150
3203
4166
3464
1694
1096
4309
2557
1625
1882
1451
1755
2015
3252
2149
1209
2043
2704
1022
2722
637
244
3563
3998
833
1846
1381
3846
4242
3993
2570
2577
2987
3289
1139
10
96
4494
904
2286
3687
3142
2729
2123
1497
2880
2223
4272
3212
4053
2243
3485
293
3761
1772
1634
3940
3929
1777
3344
3100
4186
533
3623
3663
1754
2590
344
977
3601
849
3297
2840
950
375
3461
2153
4002
2638
3689
3234
1259
1936
3029
2926
3578
1093
2086
2039
2767
1270
2958
2547
1836
1668
1714
1569
1653
3086
2572
1997
311
1628
57
2120
3257
962
4079
2597
3551
1116
1943
3597
1485
2607
1804
4412
1681
3853
4214
1036
3057
723
3235
4078
1985
3085
2303
837
2353
1151
2348
1393
2325
1727
1869
839
561
3717
1288
230
633
4445
1958
2279
211
248
1716
408
3318
4300
1469
2118
178
221
3167
1459
4326
37
97
1817
1376
1174
1722
3024
2347
817
943
1557
4237
605
2068
2906
171
4298
945
4140
3325
298
3397
4034
3378
4348
120
1455
2464
3429
1084
2436
2173
635
2313
3249
1523
4372
3952
4056
2434
2205
1607
2506
2514
2658
3208
1295
4043
2373
3092
2952
4167
1232
4111
2522
1477
3970
1833
355
528
2622
2257
3583
800
2175
866
4155
4170
80
778
4207
2592
2583
4114
2510
825
264
1353
3221
4418
1046
3691
1516
2700
198
348
3394
4215
4278
492
1428
1738
3757
863
922
3936
1493
2781
1160
435
3026
3144
4513
1172
4000
1966
2446
3854
3859
1380
2941
4399
412
3200
973
877
3883
4420
2809
948
113
2284
3877
1415
2838
2496
3098
4310
1597
2905
1720
61
3649
1447
3605
1229
199
3852
873
1994
3550
2785
70
3726
4160
4219
1364
906
190
3287
1369
1578
1161
2640
1961
447
1844
223
3474
3671
678
3746
661
3548
1378
1672
1335
1402
2805
1314
3831
642
2652
2392
3874
3308
3627
1238
1130
1603
186
3258
4013
2893
3129
2690
3442
3816
3917
3930
138
3500
335
4060
1062
2529
4199
3985
512
3763
2422
2962
2917
3224
2412
1762
2512
1782
3248
3617
1856
3226
2795
2433
4124
1440
872
4504
283
2630
3083
2494
1472
4195
886
813
4048
3478
1269
1916
2337
1811
597
2423
4171
284
1904
50
4386
404
4413
562
2615
3890
3467
1073
3388
2271
3206
2239
1072
2610
958
231
1436
3913
1509
1452
3145
738
1442
4436
791
1814
1289
4397
400
4027
1567
269
1969
1802
731
1999
4006
1652
1863
276
68
2020
915
4458
1870
4361
3719
3433
449
1579
1101
4491
303
1368
3000
631
4431
2388
1491
1522
999
3209
4172
1147
2636
3336
2206
2718
1318
1429
3214
2515
397
4141
2309
3882
2751
3012
2499
3244
1138
1023
3
185
4240
3091
2186
4495
2801
2484
14
581
3473
1885
981
475
4290
4146
3375
514
3456
150
2444
1296
3634
2850
2790
3948
2369
3288
1332
471
3609
4074
3549
2675
2119
1260
3309
2733
3741
3827
1959
2970
1911
3840
334
745
2565
1583
30
1981
2445
3682
3569
1383
3656
4088
1695
4083
3770
2471
3455
1237
811
4289
1156
2191
2487
3415
2121
3553
746
1032
1262
2681
3730
3465
3268
239
3892
794
1254
1384
3923
2154
568
3769
525
3793
478
3571
434
4119
3241
766
3588
1898
615
4411
2208
487
1903
1536
499
4343
1274
1796
1085
3587
2501
2091
2593
238
1297
88
4288
1761
2731
13
3285
2526
982
1241
4039
1764
3061
49
3736
917
1104
2931
1334
119
1957
939
4482
1791
856
309
4023
2995
1347
1359
379
3404
4419
1975
59
3245
1852
3319
4308
3751
3722
4200
127
3072
4480
940
3141
1077
2866
2787
4451
469
2194
583
3806
406
1312
896
1163
4336
54
3582
1613
3479
4393
2111
1774
2046
4259
24
3683
4515
1935
225
2195
200
1917
3612
3652
71
371
3895
4153
3695
1554
4169
1026
1511
3673
493
306
1228
2306
194
4070
4031
944
1868
3277
2598
876
3710
4353
865
215
3475
4485
2287
3071
2315
4329
3771
1928
472
3754
422
4380
1315
1733
714
2720
3955
3066
803
3669
1035
1693
2289
3186
1573
1823
1610
3884
3928
1931
2026
2428
3223
1948
733
2508
2712
2659
2924
1989
3641
1009
4144
159
2055
3302
3171
4486
3033
4004
4257
517
1785
39
2006
2738
1900
157
656
182
3572
919
3924
3898
2281
852
1467
15
167
4417
19
606
2869
3622
612
1007
2290
2335
4388
503
900
609
446
1590
3441
3448
1993
3934
189
3847
1424
3706
229
3180
2171
693
1193
2077
951
2407
1888
1480
297
3780
1742
4269
2686
2403
2004
4483
3373
1025
3919
1461
1506
4149
3093
1946
1551
4018
2965
4322
3562
1938
2397
2717
3422
776
1094
2808
2383
730
4470
184
4280
4057
1185
1322
682
3620
2766
639
1847
3743
402
3734
1530
4243
4176
4498
2856
1427
2324
2052
3178
3661
4104
664
3512
437
1691
3765
3825
3480
3453
2031
498
2634
3160
1724
4447
986
2685
101
476
4516
1090
4165
2427
1143
4437
4376
3990
2016
3994
614
4040
4330
3253
2451
1492
2406
552
2953
3187
3648
3305
870
744
3070
3672
365
4441
3109
3053
748
1619
1827
1891
2687
1775
3315
3685
1299
2102
752
1829
520
1071
807
2158
2839
1809
1179
1325
4101
4184
584
3007
3393
1230
32
1596
3357
1443
1417
3317
799
411
2244
460
166
2777
4117
1247
2956
806
2222
3040
3035
663
4012
4519
4238
4175
2100
3281
2463
2253
1683
1216
1582
3640
2538
3713
4156
1066
2888
294
812
2791
1890
319
3356
1441
1379
2621
2344
4385
2104
3552
742
1024
3842
3931
3903
2172
2475
3971
1812
2002
3799
2576
3532
4449
3625
466
3127
3351
4042
3275
4304
3596
3111
4346
2761
753
4090
3915
3980
3370
1285
2421
4132
921
600
1449
3054
1616
2401
1057
1502
3362
1533
1980
52
670
2902
2730
1640
2969
4400
820
3546
4061
535
3592
653
3506
3358
2867
1942
2964
3974
4517
3445
278
1786
1133
3090
1037
688
2028
879
3992
1642
996
4065
627
2608
1105
4191
4371
2645
2430
1302
665
616
497
3667
1279
4518
4316
2826
2864
3039
3876
1004
2715
3002
2330
262
288
1281
2955
741
3032
3265
3159
1013
144
2399
4281
3527
3891
4197
2707
3329
2692
3348
4230
228
3460
3621
1675
2891
3939
3544
916
964
2079
3023
2466
683
3631
1331
461
2380
1284
3443
835
790
3457
3565
1251
756
1586
4341
1108
1609
2297
3343
2460
3272
1555
3501
1881
3254
1644
895
4490
993
660
828
1186
31
4152
3897
1584
1666
4401
1044
2114
1808
4115
2083
233
4514
4443
1601
884
2338
1330
2151
3833
1686
2614
1305
1635
2067
861
888
3767
3263
2651
523
980
163
4473
1166
2855
2200
2176
2683
4125
3197
674
3327
1520
2395
1342
1684
354
295
845
3116
1753
2065
353
4466
3176
1107
1490
1235
2203
2292
3294
1430
1886
4503
2075
2778
145
1735
1982
867
4493
3716
1568
3264
4333
3611
3082
2005
2822
1162
3310
1397
3390
1219
391
3372
2339
2183
1622
2642
4151
2490
875
443
2521
3119
274
1600
2327
3776
3037
3132
1860
1357
3528
3312
2724
1034
3937
2053
339
66
3153
2216
2010
1125
1152
1637
4429
3080
2393
2050
3125
1388
887
1053
2797
2789
4331
1702
1719
1767
4292
2022
2945
4025
1069
4291
4189
1468
2390
134
2933
3295
270
3238
2105
1203
2023
2693
3573
2386
3660
3345
1183
3377
1304
139
3858
3581
725
121
2497
1527
325
4398
4003
3818
4066
423
2049
801
82
3472
3251
1550
1088
2663
1822
1905
4444
2991
3515
1240
1404
3662
3720
1849
2190
1326
3282
1137
1419
680
3389
218
3848
383
1790
1514
599
969
3010
947
2604
3454
4299
1773
3365
2135
1087
424
1713
168
1563
3044
2299
3079
1040
1837
2320
2753
3330
3286
838
751
702
911
4492
3311
3183
2599
1367
2277
3015
3715
1252
378
420
2530
2404
1712
2084
2688
1654
4264
1538
1730
2746
2721
3331
2736
882
853
2106
4286
1855
110
3419
1923
2601
1689
2800
1874
3586
559
4108
4133
3280
4226
3067
3316
2802
123
1272
1082
141
1148
1207
3978
1370
3428
4457
3469
3708
2343
1532
3764
1091
287
2081
3320
912
2168
3199
3590
3424
3292
3918
3680
3124
3949
1699
897
3674
772
783
3862
4216
1250
3794
4344
3805
4201
1910
4188
3653
1633
1317
1540
410
4453
1878
2860
647
3950
3783
3414
341
937
1815
1217
1390
1608
3255
1649
923
1908
4212
2660
2848
1950
3704
3405
3314
3935
2359
2064
3912
3136
666
2384
1351
2637
2476
3804
2130
3881
4046
4402
1283
3240
2812
3354
952
3216
3698
480
4159
1826
1781
932
2147
2673
1718
3014
1723
4428
1792
1732
3340
1572
53
3614
2814
2549
2920
4221
2896
2883
3385
2914
4450
2609
4026
208
2923
1301
4036
4266
357
3105
1984
4241
4474
594
2655
2414
3864
3138
3140
377
4064
2543
2741
509
282
4287
3957
591
1587
3960
4135
3425
571
2250
392
4154
823
2757
1841
2951
2535
3839
4465
2197
242
3801
2559
2424
1701
527
4306
1977
2889
3278
3486
3403
1268
2612
2728
3398
2138
598
1895
3332
2247
3956
2314
2088
914
2947
610
2899
2495
3423
2051
91
1503
676
3075
755
2263
273
3873
976
2505
3449
241
814
1510
572
3686
2326
4072
2285
2276
2806
2988
4113
4275
1756
252
3647
641
3131
802
3341
1794
1591
4059
137
3346
1095
679
4284
1352
263
1704
2827
1990
2308
592
4479
4032
3731
1991
1050
477
34
2160
989
2552
227
2282
2979
3489
2792
2012
2841
4392
1813
1276
258
3728
735
217
3476
2650
502
4277
314
4015
3925
2624
1078
1615
3951
2381
3692
4496
3130
3740
3364
3894
4134
2447
3300
4097
3491
695
3099
3729
321
2371
440
1974
331
2066
1410
1944
2815
3104
516
414
569
1354
3665
1896
1345
3139
3353
3603
761
352
3973
1118
3579
2492
3307
4100
1688
26
1783
237
3856
4377
290
2680
3410
1848
1153
4507
1963
2225
1697
2332
758
4268
2440
4121
2678
1535
1257
421
3081
441
2963
463
3870
4209
1531
3574
2060
2868
3811
322
709
907
4403
4497
3599
1003
2072
3246
3774
315
2398
4499
3290
1867
3018
2566
959
1636
891
1915
3593
2169
2829
3435
1838
1524
1460
650
3520
2164
1951
1001
1425
1953
6
2986
2890
1566
3784
1965
1275
3168
1612
3233
2749
3151
2702
3610
58
1358
3128
3887
3932
1083
1010
1840
129
2378
3230
3642
2772
308
4017
3046
94
3701
2950
1409
3976
2861
2960
103
1463
3418
3646
1362
673
2260
3190
1560
432
2345
4279
4123
3657
936
407
1462
324
43
3607
717
3172
2739
1211
1819
667
590
3577
1602
3742
3808
3871
4213
1414
176
3798
4378
1706
2318
115
2874
1629
3959
1842
2054
1341
342
4355
1624
3157
1717
1766
2482
662
3113
2201
995
1113
3078
2977
317
2251
2553
1282
485
388
1249
249
3193
3514
2903
3835
2821
764
4303
2930
4350
604
2226
3889
2449
2605
2467
2886
4459
4091
1553
2503
18
901
1736
4260
299
2834
367
1074
1280
1300
2498
4225
2798
3752
796
1038
2143
1752
3604
4383
2261
611
1620
529
3182
3236
1349
4375
810
2744
1708
3313
1495
1233
3440
4433
2063
2994
3220
846
2816
4349
3008
3444
1134
2265
2919
560
3028
4203
2242
4001
2887
1031
105
1097
1729
2259
1698
2769
442
3779
4367
2366
2573
1580
747
214
3451
2863
2833
2293
1519
2207
3519
2909
1293
3383
3391
3437
1392
1588
2723
3484
4235
2375
2910
3175
4016
734
1267
2667
1883
2178
1707
1734
2672
1614
1894
3529
2202
2527
1483
1745
4434
821
1363
1261
3347
4136
4068
2541
3535
3888
727
3293
457
1310
3556
1120
1307
1789
3961
3723
3526
721
146
1423
56
2341
2507
3055
2877
651
3834
2085
22
4092
602
3969
195
3539
3420
2912
792
3982
1872
2413
2116
1787
92
2115
8
3916
3762
133
169
1639
1205
550
4231
1411
2648
1199
4362
329
188
1294
3052
4294
1818
1797
430
2453
3143
715
1892
2001
774
1453
3875
4218
1371
3101
465
1375
4082
2062
4425
1206
151
3259
393
4168
1998
2125
2631
3688
1641
4384
2298
4476
3505
2523
1437
1543
1052
4247
505
2934
4052
1737
2837
2030
1907
909
4301
111
2310
1365
1828
2784
234
3242
3826
4058
2429
2021
3791
1103
72
2037
93
4424
433
4233
4062
4422
403
506
881
3074
3828
546
4319
1321
2019
3147
707
405
2954
2519
104
4448
2536
1565
1575
1054
220
2689
2831
3561
3150
3694
701
3545
3901
3323
975
3872
2586
3270
1805
2090
4469
2473
2760
3103
4318
1703
117
2078
2402
938
1109
2252
0
515
3987
2884
513
3845
2878
4426
3466
2985
607
874
1473
100
2853
3291
2649
4265
3802
1
2
11
25
27
28
29
33
40
42
44
46
55
60
63
73
76
77
78
79
83
85
87
90
107
108
114
116
118
124
130
132
140
142
143
148
149
152
154
155
156
162
165
170
173
179
180
181
192
193
196
197
201
202
203
204
205
210
219
224
226
232
235
243
255
256
257
260
265
266
268
281
286
289
291
292
301
302
305
310
313
316
318
320
323
326
327
330
336
343
345
347
350
351
356
358
359
362
363
364
366
368
369
370
374
376
381
387
389
390
395
398
416
417
419
426
428
436
444
445
448
453
454
462
464
468
474
479
481
482
483
484
489
491
495
504
510
511
522
526
531
541
544
545
547
548
549
554
555
564
570
573
575
576
579
580
586
587
589
593
596
613
617
618
622
623
624
630
634
636
643
644
646
649
652
655
668
672
677
689
690
694
696
697
698
719
720
724
726
728
732
737
740
754
757
763
765
768
769
770
779
781
782
784
786
787
795
798
804
808
809
818
819
822
824
827
829
830
832
834
836
840
841
842
847
850
851
854
857
858
859
868
871
883
885
889
890
892
894
899
905
908
910
918
924
925
928
931
935
946
949
953
954
955
960
961
963
971
972
979
984
985
988
990
991
992
998
1005
1006
1008
1014
1016
1020
1021
1027
1028
1043
1045
1047
1049
1051
1056
1063
1064
1067
1070
1076
1079
1081
1086
1098
1100
1106
1110
1111
1114
1121
1123
1126
1128
1129
1131
1132
1136
1141
1142
1144
1150
1154
1157
1159
1164
1167
1169
1171
1175
1176
1177
1178
1184
1188
1192
1195
1198
1201
1204
1215
1218
1221
1222
1224
1225
1226
1236
1244
1246
1258
1266
1271
1277
1286
1290
1303
1309
1311
1320
1323
1328
1333
1336
1337
1360
1361
1366
1372
1373
1374
1377
1386
1389
1391
1394
1396
1400
1403
1405
1406
1407
1408
1416
1420
1421
1422
1426
1433
1439
1446
1456
1457
1465
1466
1470
1474
1486
1487
1489
1494
1496
1501
1505
1508
1515
1517
1521
1526
1544
1545
1547
1548
1558
1559
1562
1564
1571
1574
1577
1589
1593
1594
1605
1611
1617
1627
1632
1638
1651
1655
1659
1661
1662
1663
1664
1665
1667
1669
1670
1674
1677
1678
1679
1682
1687
1692
1700
1705
1721
1726
1740
1746
1749
1750
1751
1757
1759
1760
1763
1776
1784
1788
1798
1803
1806
1824
1830
1831
1834
1845
1850
1851
1853
1859
1861
1862
1864
1865
1866
1873
1877
1879
1889
1893
1897
1909
1912
1913
1914
1918
1919
1921
1924
1926
1930
1932
1933
1939
1940
1947
1952
1954
1962
1964
1970
1971
1972
1978
1983
1996
2000
2007
2014
2018
2024
2027
2040
2041
2042
2044
2047
2048
2056
2058
2059
2073
2080
2087
2089
2092
2098
2103
2109
2110
2112
2126
2127
2129
2131
2132
2134
2137
2139
2140
2142
2157
2162
2165
2166
2167
2170
2180
2181
2182
2184
2185
2187
2188
2189
2193
2196
2210
2211
2213
2221
2229
2230
2231
2232
2235
2237
2238
2240
2241
2256
2258
2262
2266
2267
2268
2269
2275
2280
2283
2291
2294
2295
2302
2304
2305
2311
2316
2321
2322
2323
2333
2340
2346
2349
2355
2358
2360
2363
2364
2368
2372
2376
2379
2382
2387
2391
2394
2400
2405
2408
2410
2415
2416
2417
2418
2426
2438
2439
2442
2443
2455
2456
2457
2461
2468
2470
2472
2480
2486
2488
2489
2500
2511
2517
2518
2520
2524
2528
2532
2537
2540
2542
2545
2551
2555
2561
2567
2571
2578
2581
2582
2585
2591
2600
2613
2625
2627
2632
2633
2635
2641
2643
2644
2647
2653
2654
2661
2662
2664
2666
2669
2684
2694
2697
2705
2708
2710
2713
2714
2719
2725
2732
2734
2735
2737
2748
2750
2754
2756
2758
2759
2762
2763
2764
2768
2770
2771
2775
2776
2779
2780
2782
2788
2803
2810
2813
2817
2819
2824
2825
2828
2835
2844
2846
2851
2852
2854
2857
2858
2862
2865
2871
2872
2875
2879
2892
2894
2900
2901
2904
2907
2913
2915
2927
2928
2932
2940
2944
2946
2949
2959
2967
2968
2972
2973
2978
2981
2990
2993
2996
2998
2999
3003
3004
3005
3009
3013
3019
3022
3031
3034
3036
3045
3048
3050
3051
3058
3060
3064
3069
3073
3084
3094
3095
3096
3102
3106
3108
3114
3117
3123
3126
3133
3134
3146
3148
3152
3158
3162
3163
3164
3165
3166
3169
3170
3173
3177
3179
3185
3191
3192
3194
3201
3202
3205
3217
3219
3225
3227
3228
3231
3232
3237
3239
3247
3256
3260
3261
3262
3274
3279
3283
3284
3299
3304
3321
3326
3333
3334
3335
3337
3338
3339
3349
3350
3352
3355
3360
3361
3363
3366
3369
3371
3374
3376
3379
3380
3384
3387
3392
3401
3402
3406
3409
3413
3417
3421
3430
3431
3432
3438
3439
3446
3450
3477
3482
3483
3487
3490
3492
3493
3494
3495
3496
3498
3499
3507
3508
3511
3513
3517
3518
3521
3523
3524
3525
3536
3538
3541
3542
3543
3554
3557
3558
3560
3566
3568
3580
3584
3591
3594
3600
3613
3619
3626
3628
3629
3632
3633
3635
3636
3645
3654
3659
3664
3670
3679
3681
3684
3690
3693
3697
3700
3702
3705
3709
3711
3712
3718
3737
3739
3744
3748
3749
3750
3753
3760
3766
3768
3772
3775
3777
3785
3787
3789
3790
3792
3795
3796
3797
3803
3807
3812
3813
3814
3815
3822
3823
3829
3830
3832
3837
3841
3844
3860
3866
3867
3868
3869
3879
3885
3893
3902
3905
3907
3908
3909
3910
3914
3921
3922
3926
3927
3938
3941
3943
3945
3964
3965
3967
3977
3986
3995
3996
3999
4005
4009
4028
4029
4030
4035
4037
4038
4041
4047
4050
4067
4069
4076
4080
4081
4086
4094
4095
4096
4098
4102
4105
4107
4109
4110
4118
4120
4126
4127
4130
4131
4138
4139
4147
4158
4161
4162
4163
4164
4174
4177
4183
4185
4187
4193
4194
4196
4204
4205
4208
4210
4211
4220
4223
4224
4227
4228
4229
4232
4234
4236
4244
4245
4248
4250
4252
4254
4256
4261
4262
4267
4273
4276
4285
4295
4296
4302
4307
4311
4312
4313
4317
4320
4323
4324
4325
4328
4332
4334
4335
4337
4339
4340
4342
4347
4352
4354
4357
4366
4369
4373
4374
4381
4387
4390
4391
4395
4404
4405
4406
4407
4408
4409
4410
4414
4415
4421
4427
4430
4432
4435
4438
4439
4442
4452
4454
4456
4461
4464
4472
4475
4481
4484
4487
4489
4501
4506
4508
4509
4510
4511
4512
4520
