2260
1130
1131
136
2850
2134
1886
2602
2952
1780
1584
2543
372
3968
1664
4386
3501
3161
284
3348
4042
2596
573
3610
2633
3593
3937
3242
1130
1638
2220
1147
1437
3018
1524
1485
1614
761
4298
3024
4306
1284
956
698
4231
1685
1158
1719
4292
3754
20
2234
1280
4479
1249
2814
4192
1933
1219
2451
1568
2331
749
4075
3969
165
3603
2233
2554
2929
406
113
79
4295
1401
3648
318
3230
2483
3304
4465
4182
4156
1517
3872
1878
4010
643
2937
3116
862
2289
360
1651
1031
4252
2913
3859
4016
474
2637
126
4329
563
2923
3638
1947
201
807
2456
574
3767
3561
805
4483
2576
233
4139
3285
4420
3945
1447
3958
133
2324
1375
4149
1715
3756
1993
1559
1245
1880
2497
1264
3205
3804
3905
3331
1530
723
4093
1647
2977
2014
3440
1086
1578
2301
4339
3468
1260
111
2400
1927
3005
2061
659
3461
2262
1667
1469
3273
1380
2514
4358
1186
3092
4426
460
4296
2129
4048
459
2255
97
2964
1191
1722
1591
1333
4033
879
2190
4131
3942
1731
3702
618
412
2374
1037
4482
5
2825
3781
1786
3281
2117
13
1552
2625
2296
1243
4123
2366
4388
4223
3266
2796
3476
1242
2646
466
1617
3576
3153
141
2852
2227
1486
3733
1594
3799
3264
3101
2839
2175
68
389
163
3245
2215
1181
2906
2773
24
1799
3177
1805
1628
52
3684
3302
1650
2537
140
1535
4513
339
1532
3390
1657
2481
2032
868
1809
3865
375
1400
4237
54
76
2055
3651
4382
3670
346
2818
469
738
4267
3776
2275
623
1843
193
2889
4330
660
2997
468
2518
2150
316
293
3627
4111
3778
3742
1818
532
4519
2026
2642
892
1655
783
1360
2163
3875
194
4503
3652
2421
827
3824
4227
411
1120
2182
904
3880
3929
1392
1514
3676
166
3502
959
2641
358
3053
1827
2142
3426
1522
4213
2092
2785
2489
1970
3310
3130
2548
184
3149
2320
1538
3867
2690
1344
1557
2268
4230
2004
4031
2971
3046
990
2149
167
4058
781
4150
2340
244
2738
2470
3695
2936
332
1624
2379
3616
1314
2721
1157
3585
158
912
1781
1826
3293
153
2297
14
407
680
561
403
3668
3111
320
382
3467
2976
963
178
4486
3335
3901
3433
693
2922
1250
1008
2792
3375
4178
3718
3032
2679
3216
4127
275
4346
1885
3753
1980
2221
4099
3223
1356
3507
2136
3135
3418
3049
2585
850
2552
4173
2298
427
1678
3923
3458
2241
2363
1312
4154
3083
2588
3152
3779
3334
1833
216
3179
845
2583
2474
3893
1717
3212
433
3214
4422
4239
506
914
2828
4321
3131
1653
3063
4272
1537
2932
100
4141
1668
3777
1221
1942
105
3276
4096
1412
2079
365
627
996
2213
285
103
1204
3095
3774
1583
1564
4338
4445
1156
1565
71
3673
2786
3197
1132
1422
2599
3625
595
4151
2436
74
2128
3344
828
784
1926
4263
4497
4044
934
2425
2105
848
2996
243
3134
542
1110
3454
3622
2405
2354
1841
4115
3141
1396
200
2741
4454
2018
114
3338
1470
2840
955
3117
658
1093
2590
2917
953
1739
3805
3268
2021
267
91
2468
1071
4202
3689
769
3537
4289
1774
3545
2999
3816
4301
2288
1883
743
2315
1758
1576
558
4113
3693
3549
4459
529
2874
367
4035
4394
2029
3303
3019
4463
2068
877
1508
1407
696
2579
2465
1817
4116
254
2464
864
3337
1200
1872
4233
1305
1950
336
4175
3812
2841
3317
3373
2530
3414
3256
1849
3229
513
802
1867
234
2494
1414
2681
1023
40
1013
4418
697
1923
3036
313
175
3345
674
4493
2350
3324
2261
1874
2118
2008
4366
2564
1720
2334
1320
2504
554
2156
477
2765
586
2739
818
2046
1810
3569
3423
3047
512
1847
1684
3976
1918
2674
3526
3835
60
368
4403
1802
2527
1481
3888
1365
2381
3583
4242
611
3109
869
3714
4166
1814
4334
2975
1180
1645
640
48
3321
518
2135
606
1463
266
2427
3795
447
2639
2103
258
2787
69
2881
1228
337
1483
1785
2716
4043
2740
2141
2083
2082
305
2559
1335
2348
4025
975
2479
3828
1036
4110
1937
420
3380
9
3503
1014
1238
2345
497
2282
3989
1997
1644
3087
4446
859
3927
4226
3643
923
2412
2925
1426
3224
1066
580
1750
2311
957
1709
3067
921
1331
2733
2693
2426
1857
3649
3157
307
3809
4367
89
4504
1398
631
4145
1858
4297
613
3114
4029
3854
3346
2140
2769
3850
2328
1339
4332
4353
2978
1726
3999
137
3785
41
4180
2447
327
2114
2729
2455
519
3297
2836
2534
274
777
1397
3830
4078
3748
1769
960
1869
1442
197
3868
1403
826
3078
2159
2581
1563
880
2587
2870
2894
4484
2243
3821
2627
3498
1124
1010
2522
3559
4106
1677
2790
3091
1971
3967
2803
2571
579
3280
2808
2819
3357
4157
1192
1081
3145
1288
3700
171
787
4401
2511
3006
2476
2844
2209
3234
4331
2680
1635
4499
64
1318
2199
3383
885
56
3633
1255
1745
4362
792
1905
4172
2372
4007
1072
1208
1155
2236
944
3955
4144
26
1775
3570
1322
78
632
3678
3048
361
1136
4200
1598
21
810
3897
4492
1279
92
3697
3079
4336
127
3544
2431
3446
1175
3796
1049
387
3642
1773
2457
3562
3692
3027
80
1354
1555
2361
523
4365
1211
1212
2398
3164
1138
1541
1637
3948
2247
4022
3962
1423
2660
4027
2471
3022
247
3547
3425
1806
3791
3107
3939
2586
3358
2611
2780
4481
970
3146
3928
2341
3827
2880
1340
4350
3289
1548
2403
4449
1167
3178
1807
2545
1070
1018
1639
2516
726
3193
1546
1821
1620
4393
3887
3886
2250
1402
4164
1873
633
393
4153
3885
3
2375
1727
376
1505
646
936
1729
2835
2336
1456
2276
745
1534
3921
2448
4121
2454
1218
1673
3691
1151
4480
1822
3031
2930
12
3751
278
4453
795
940
3415
3233
2883
797
724
3814
3746
4359
2754
1309
3081
1169
637
2290
730
2200
2433
3184
4049
2444
1823
93
762
583
932
1531
132
1988
4187
719
3613
3160
1757
2892
2649
3080
4253
1100
1792
2953
2115
670
1520
2533
2990
3129
2287
3792
366
1610
1876
721
2829
2926
438
2560
2090
1973
1055
571
2146
1929
601
3473
1540
129
328
2406
4017
490
3664
740
1348
2477
689
4214
479
2705
4514
2171
1054
4209
1174
1608
4311
2073
756
4343
2317
2778
2542
516
4496
2428
1415
3200
4413
4168
3142
2561
2419
1117
3959
4436
4283
947
2750
1251
2960
47
3639
3938
3228
309
1034
1788
2879
3246
2687
2909
3190
3407
1234
764
443
3203
2415
3990
1074
257
1444
798
2723
2568
1975
2356
2657
3265
713
4372
4102
935
1801
1272
4491
1629
653
3984
2751
972
1269
1150
901
2069
4363
1723
907
742
3089
808
1355
3516
2914
4060
1278
4506
3306
1347
2189
287
3307
3416
2500
4019
3448
3326
209
1406
1920
1681
119
370
169
3912
1101
1978
67
948
3298
3588
268
1795
926
2731
2742
2638
1820
4018
354
2228
4196
4404
2172
1274
1990
1153
144
4059
392
650
3267
1266
2308
2420
424
4368
1195
1611
2945
1545
2827
1108
1315
2310
763
231
1716
3518
937
3761
2071
3993
344
2000
2538
3739
3597
28
2824
1295
2669
4037
3404
4103
2066
4143
342
964
4397
155
695
4431
371
3207
846
2506
3907
2003
4319
2963
2487
3524
3611
471
4217
1216
2757
2604
3133
3519
2098
324
199
3826
2295
2413
662
2384
2067
1846
3352
3105
4410
3309
4407
3541
1500
4205
4279
1171
1984
2097
400
1581
461
1622
3353
75
4423
4146
2284
2126
2708
1882
766
665
3974
1443
3311
1496
3402
2800
3532
3123
2893
3332
3211
2482
62
1337
301
886
2062
2838
4047
139
1113
2665
705
1214
1092
1932
4374
3612
1089
1830
2035
1478
3419
2529
967
1999
3837
1554
1466
1976
238
2973
733
319
2962
4361
1106
1909
1173
3437
2291
2168
2845
1529
1690
2888
1307
1048
3479
1083
4476
1455
4435
3711
4262
3499
4201
2794
3992
1149
3839
3447
2395
1429
1416
1706
3765
297
2928
1213
3271
3041
422
1226
1698
3874
390
211
1346
374
1465
1708
3783
2185
2797
3538
3862
4337
2709
1099
2376
2347
681
3239
240
969
3930
3674
1386
2299
1244
493
2903
1198
2107
2989
931
3581
2988
3469
3590
609
2994
164
1744
1125
2661
2677
3960
417
188
3737
1641
1476
3998
207
110
2967
3017
3730
2023
2025
1229
2302
4357
2620
1837
1294
3270
1812
3258
3412
2736
473
844
3540
2053
3439
1734
3073
2218
3394
2745
3965
1391
1661
1870
262
3933
1197
3915
3717
4176
2685
436
820
1797
2541
2226
1381
1413
1748
1967
1890
1235
4323
3237
251
338
1683
1916
570
2774
2364
1139
782
4469
3282
2138
1930
395
1595
1575
2330
37
4100
2573
255
290
1039
3782
2439
1045
655
976
2853
1776
3849
1044
3475
4352
4347
3682
2536
1842
3913
3550
2187
2393
1441
160
2137
1845
2201
2566
2737
2632
4448
700
3708
1913
3736
4097
3294
44
3057
2991
2732
3758
2676
2096
1804
686
703
3318
4255
3982
2594
4287
310
2028
2144
2383
2119
4447
4125
3995
3515
1915
1587
306
2830
1672
597
852
3820
3819
2668
145
1317
4441
1609
1373
2323
1586
4163
3059
3617
746
66
672
4084
770
157
2113
3891
3125
3817
1582
2002
4509
734
860
4412
1832
950
1041
399
204
2812
180
115
4090
1724
3947
1395
4376
1910
237
4313
55
1388
1747
2292
3811
1501
2401
1040
2998
2085
3533
3255
2644
4129
4427
3015
997
2321
1369
3070
3729
4220
1462
2683
4232
2701
2946
4416
2775
1378
2510
732
4147
4234
1035
673
3026
604
4222
3396
1798
3118
2257
3359
1604
1938
2614
1686
804
96
510
2478
2524
816
449
1838
1270
2666
3841
4169
1188
1735
4012
3653
4299
4364
146
4207
4468
15
2764
1240
4456
3728
1602
3922
1019
1285
3056
3525
2992
1088
1253
1589
1233
3606
2414
656
3045
1061
3555
249
2102
73
1306
2670
3356
1134
2309
858
107
725
1789
3100
1755
1528
2177
1477
1377
3745
2944
377
835
1640
3443
838
4036
707
1313
3759
1879
3365
4091
3021
2700
2761
3181
4470
3020
1350
3762
4461
767
3566
755
4379
1633
2580
2259
391
3510
4120
2911
682
1561
3075
3283
2389
1276
1791
1989
3442
2499
1143
4108
3000
4473
1079
1689
2941
363
4119
992
2624
4455
4050
3858
911
225
1712
6
303
1963
3308
4276
759
1301
4391
856
1924
3586
2469
3191
1166
840
1361
549
3062
2408
4268
3883
3360
280
4126
694
1323
2095
2871
2712
1670
3881
1332
875
2056
1957
3068
4395
2192
2958
1761
4290
2863
2767
741
790
1102
3911
4409
1231
3330
1425
610
1210
53
772
4170
1454
4356
1479
2834
1265
4107
4315
2589
4004
2064
3219
2525
4320
1630
952
2695
1024
90
3401
4498
2467
1570
213
3003
394
4405
2191
2993
1956
4259
3398
945
2882
3436
2615
161
981
983
887
1353
3810
4316
2269
3372
364
3715
2981
778
1028
1222
2905
3456
2416
1782
2517
3975
4433
4071
4429
1433
1472
3489
3996
647
46
3602
2490
3784
657
1811
3340
2890
1145
2
3422
994
1663
2458
1440
1097
2886
3189
3790
65
4053
4133
18
1562
2231
4218
3167
4051
4309
3013
2429
602
498
3286
801
3299
2059
1179
515
3680
1205
785
2162
2654
4475
1707
3399
1060
2671
739
4074
288
2520
3424
889
2088
2252
1227
439
2294
3090
2463
109
83
4424
179
2567
4229
1075
1981
2382
2314
1573
577
1030
1438
1512
908
1187
951
1884
359
899
2370
2229
1164
2109
3535
2942
2793
239
2031
3644
1935
3552
29
1859
3511
3920
4005
752
930
2446
3175
3102
3793
1515
3176
1992
4245
3661
4066
1979
300
1733
547
2438
2820
168
2885
3221
2492
3833
349
1122
3894
4384
1897
2224
4444
3143
219
1816
3421
455
414
2272
1223
2603
4054
3846
3085
431
3450
19
4225
10
4095
3251
2086
2074
819
3110
454
2675
1321
4489
1096
4165
2985
3845
4477
2461
3257
3557
4291
1939
2847
728
3444
1236
4432
3815
2572
1000
3259
642
1016
2984
2435
2235
2610
2181
4348
3165
1844
1372
3878
3623
1105
2392
4327
1579
1704
4204
38
4377
3388
1121
1585
3313
1142
3882
3869
645
2502
1299
669
264
3554
3393
2848
3635
4189
3215
1986
0
1894
754
664
3410
688
3162
3632
3478
4439
4098
2202
596
3641
2357
3966
966
1623
2346
1286
2831
4082
1964
4430
11
176
916
928
3445
3780
409
893
59
2806
401
3016
2569
2120
1298
3406
591
824
1304
1178
4349
1384
3716
2158
1737
2995
2206
2207
277
3645
2629
3686
486
1225
1600
929
881
3986
2606
1612
250
315
2210
3097
1803
3701
356
1779
2434
1003
3163
3619
3709
585
2133
108
1371
2650
3940
1751
2908
2338
1901
2798
2623
874
974
4417
1813
350
789
4068
4184
3115
551
4502
1796
1424
4421
552
230
1866
212
1679
259
2643
4089
3542
423
186
1263
1714
1634
1917
791
3589
4046
4389
2473
3876
1921
1983
3262
2418
986
1374
815
758
539
446
4208
4256
3054
1636
3831
1308
3291
1026
1787
404
4360
2512
1352
4079
3342
4057
3951
1877
3434
1507
2391
4073
4322
4318
2249
3300
2743
1908
1526
3474
3132
4152
2022
4197
147
2970
1199
2070
4194
1904
2020
2417
3596
2225
2442
3409
2694
1467
3002
4038
2244
3113
3870
1341
1080
1503
1558
744
3241
3322
2711
2196
3290
508
1459
2410
4419
3551
2636
701
120
388
3452
150
1619
3263
2771
1711
2725
27
3074
1287
3508
1656
177
1094
1701
317
590
4105
3591
2332
4258
2322
4335
2539
2486
504
1123
941
750
1316
183
413
3488
3277
2616
3139
3182
1919
4094
4008
2349
2167
654
3808
1411
3127
1631
2811
2437
3899
3572
2248
3970
1931
373
3567
1539
2857
800
331
1047
2197
3329
2305
1597
3408
1895
2123
1247
832
714
3629
903
3480
1764
2698
1825
4507
2904
3848
3483
4140
924
4086
2809
2344
915
1405
1189
2692
2278
4326
334
462
3470
1293
1871
4260
343
1577
82
4248
2710
3568
1516
1527
1133
2271
419
1283
2776
4312
81
3822
3108
1987
3536
4
1848
4238
3630
1728
644
2238
2125
2544
978
4177
2704
1342
2380
270
3316
1107
2040
4264
335
3481
3192
605
505
3825
3431
4011
1759
4286
1911
2267
3420
3364
2663
4247
1291
2359
3513
2466
811
2253
3892
833
3952
2662
3840
1893
2312
397
2404
550
2333
946
198
1058
2194
3563
2647
3391
2546
32
2763
3771
210
2054
3279
1421
884
1518
458
2116
2601
1962
3082
43
594
709
174
4460
1864
3466
1324
272
998
753
813
1434
919
1090
4387
3740
1254
2547
2730
4288
1268
2969
851
984
2678
3137
2051
961
4511
265
2897
4040
1660
1257
3069
2779
4400
3898
1063
3042
1064
968
2689
205
1292
1741
3504
3665
3860
1020
385
2335
434
2867
3864
1840
3226
865
1289
444
386
84
3314
2371
2001
2555
3764
2726
2598
3972
3389
757
2965
152
3963
1944
2872
4045
4466
4212
943
1359
1325
1184
4310
2887
437
4471
2145
50
1659
3584
292
2222
857
329
4390
2781
771
1725
1732
1165
1868
3154
4281
1925
4241
2955
341
236
4300
1193
1855
876
435
2735
1162
1551
4378
2759
1297
3787
2325
357
3366
279
1334
3292
428
3925
1394
3726
954
3855
2084
2080
1409
4487
494
1201
1863
2862
3065
2728
1682
2635
1258
99
1128
3657
544
920
2179
1112
1730
3180
1027
3043
101
3336
3903
222
2617
475
2919
557
2577
913
699
2402
3206
4317
3720
51
3654
1521
4450
4112
2619
2593
2462
3571
4114
441
603
4508
2360
3579
1985
4265
2424
3523
711
4501
4385
1004
4087
1408
3385
902
2050
2394
2397
779
4028
2015
2174
2496
3582
1699
3601
3988
3813
1052
1852
2595
2608
894
3413
2691
4101
4160
2744
3296
1053
2246
2899
1383
2667
4437
3978
3844
671
973
2956
3077
8
909
4307
2077
537
3797
3411
1549
2895
2597
525
2860
2266
1311
3884
4396
4240
330
4434
4428
834
2386
1771
1087
1215
1345
3666
4083
442
765
3312
2912
2099
589
228
1033
1015
1183
2173
122
3594
4341
3981
2093
3120
2007
2441
2256
3521
1945
4206
1743
2132
2060
1148
4490
1050
4278
3201
2634
4462
679
116
3660
507
823
3763
3186
4128
2799
676
4406
181
2127
3677
774
273
2563
3004
488
1892
3060
4451
1875
2609
3106
2974
143
4270
3369
1891
2810
1959
1502
1492
3327
4308
1328
362
3598
3647
1131
3520
3463
340
2245
1159
1129
456
4293
747
215
7
2316
3174
2562
1998
2789
3323
112
4280
3278
1209
2727
2934
3724
325
3852
1029
3128
3636
3301
3377
1756
3558
3604
2784
3319
3136
3977
3932
1453
282
384
3895
3147
503
4373
3786
3626
2746
2607
430
2770
626
191
2717
1674
1059
3232
2813
1484
2866
3451
2987
2058
3505
4282
2205
3698
353
1954
3058
3055
1449
1695
1777
151
1032
3315
2157
702
717
1498
863
2707
625
2724
4392
1676
1495
1697
492
3896
123
4257
4026
208
3671
3866
588
299
3208
616
1613
2342
1007
1025
3122
1648
3607
4118
445
3640
3531
421
4500
568
4215
484
4328
1207
3838
2195
2659
2652
3432
3247
1338
837
2557
3187
4474
464
2515
1446
855
1177
3491
2121
4055
737
511
2915
3449
2176
2645
3755
622
4250
2130
3243
2653
1968
3829
77
4067
369
4109
3209
4488
106
2304
4021
1996
4285
4452
1903
2388
2851
3151
2283
190
1626
1135
2664
687
617
1960
131
2957
2277
839
2861
3823
3235
3806
1851
1753
1038
1241
172
4254
1974
16
1588
2756
3683
4340
4324
592
3007
3051
4158
4369
2251
2052
256
600
4174
1946
722
3486
2924
1862
476
187
897
432
1404
4249
2508
3254
3248
1784
2153
3455
94
4495
560
2495
1934
3936
3856
232
2822
3685
4494
1137
4122
3061
1703
1616
718
522
2832
3362
608
4088
2475
4161
760
993
4284
3802
1560
999
2766
1067
1808
3522
35
3272
524
1665
3148
2147
3871
3173
3620
2873
3573
4305
102
3244
2183
312
3465
870
2043
448
4246
540
3204
786
564
1995
3944
715
1865
3577
2264
63
1607
628
677
3430
2440
1154
1017
3961
3183
649
1439
830
3441
2927
1860
535
853
4001
922
2006
4271
3252
2910
2237
635
1829
1592
4472
2313
1627
729
495
2353
2303
4216
1302
822
1126
1688
1854
425
2390
2170
2422
1078
1642
2387
1152
3909
1966
3284
2279
4442
3807
3343
3631
450
3485
1194
25
3543
4077
989
2449
1488
2805
987
1468
593
3361
1693
478
1140
1768
565
3395
323
98
3918
2385
3768
4351
3096
1599
3741
1506
630
624
1057
1296
2816
1252
2621
3150
3964
4162
3528
3879
1550
1230
652
2005
710
1310
1700
1896
3732
3690
3734
4275
2273
1543
2488
2686
1435
890
351
4345
2186
3560
1603
2656
3615
2684
3217
2896
3794
2821
2613
1417
1168
4415
4251
2280
128
1076
1103
3514
4032
614
95
509
1217
2713
4081
3381
2734
3227
3926
2063
2982
814
2352
426
4199
1671
149
2582
3546
2212
58
235
1605
3260
2037
2208
2532
4443
3386
260
2017
2430
2804
2122
793
958
1006
2377
121
4003
2916
1471
1977
612
3946
2045
4009
3628
3384
3979
3038
736
281
1146
4518
355
2326
2521
2503
2865
821
3578
3333
2286
3495
691
806
396
451
2651
796
1111
416
1740
1694
2274
2762
4041
1510
3158
1941
1
17
22
23
30
31
33
34
36
39
42
45
49
57
61
70
72
85
86
87
88
104
117
118
124
125
130
134
135
138
142
148
154
156
159
162
170
173
182
185
189
192
195
196
202
203
206
214
217
218
220
221
223
224
226
227
229
241
242
245
246
248
252
253
261
263
269
271
276
283
286
289
291
294
295
296
298
302
304
308
311
314
321
322
326
333
345
347
348
352
378
379
380
381
383
398
402
405
408
410
415
418
429
440
452
453
457
463
465
467
470
472
480
481
482
483
485
487
489
491
496
499
500
501
502
514
517
520
521
526
527
528
530
531
533
534
536
538
541
543
545
546
548
553
555
556
559
562
566
567
569
572
575
576
578
581
582
584
587
598
599
607
615
619
620
621
629
634
636
638
639
641
648
651
661
663
666
667
668
675
678
683
684
685
690
692
704
706
708
712
716
720
727
731
735
748
751
768
773
775
776
780
788
794
799
803
809
812
817
825
829
831
836
841
842
843
847
849
854
861
866
867
871
872
873
878
882
883
888
891
895
896
898
900
905
906
910
917
918
925
927
933
938
939
942
949
962
965
971
977
979
980
982
985
988
991
995
1001
1002
1005
1009
1011
1012
1021
1022
1042
1043
1046
1051
1056
1062
1065
1068
1069
1073
1077
1082
1084
1085
1091
1095
1098
1104
1109
1114
1115
1116
1118
1119
1127
1141
1144
1160
1161
1163
1170
1172
1176
1182
1185
1190
1196
1202
1203
1206
1220
1224
1232
1237
1239
1246
1248
1256
1259
1261
1262
1267
1271
1273
1275
1277
1281
1282
1290
1300
1303
1319
1326
1327
1329
1330
1336
1343
1349
1351
1357
1358
1362
1363
1364
1366
1367
1368
1370
1376
1379
1382
1385
1387
1389
1390
1393
1399
1410
1418
1419
1420
1427
1428
1430
1431
1432
1436
1445
1448
1450
1451
1452
1457
1458
1460
1461
1464
1473
1474
1475
1480
1482
1487
1489
1490
1491
1493
1494
1497
1499
1504
1509
1511
1513
1519
1523
1525
1533
1536
1542
1544
1547
1553
1556
1566
1567
1569
1571
1572
1574
1580
1590
1593
1596
1601
1606
1615
1618
1621
1625
1632
1643
1646
1649
1652
1654
1658
1662
1666
1669
1675
1680
1687
1691
1692
1696
1702
1705
1710
1713
1718
1721
1736
1738
1742
1746
1749
1752
1754
1760
1762
1763
1765
1766
1767
1770
1772
1778
1783
1790
1793
1794
1800
1815
1819
1824
1828
1831
1834
1835
1836
1839
1850
1853
1856
1861
1881
1887
1888
1889
1898
1899
1900
1902
1906
1907
1912
1914
1922
1928
1936
1940
1943
1948
1949
1951
1952
1953
1955
1958
1961
1965
1969
1972
1982
1991
1994
2009
2010
2011
2012
2013
2016
2019
2024
2027
2030
2033
2034
2036
2038
2039
2041
2042
2044
2047
2048
2049
2057
2065
2072
2075
2076
2078
2081
2087
2089
2091
2094
2100
2101
2104
2106
2108
2110
2111
2112
2124
2131
2139
2143
2148
2151
2152
2154
2155
2160
2161
2164
2165
2166
2169
2178
2180
2184
2188
2193
2198
2203
2204
2211
2214
2216
2217
2219
2223
2230
2232
2239
2240
2242
2254
2258
2260
2263
2265
2270
2281
2285
2293
2300
2306
2307
2318
2319
2327
2329
2337
2339
2343
2351
2355
2358
2362
2365
2367
2368
2369
2373
2378
2396
2399
2407
2409
2411
2423
2432
2443
2445
2450
2452
2453
2459
2460
2472
2480
2484
2485
2491
2493
2498
2501
2505
2507
2509
2513
2519
2523
2526
2528
2531
2535
2540
2549
2550
2551
2553
2556
2558
2565
2570
2574
2575
2578
2584
2591
2592
2600
2605
2612
2618
2622
2626
2628
2630
2631
2640
2648
2655
2658
2672
2673
2682
2688
2696
2697
2699
2702
2703
2706
2714
2715
2718
2719
2720
2722
2747
2748
2749
2752
2753
2755
2758
2760
2768
2772
2777
2782
2783
2788
2791
2795
2801
2802
2807
2815
2817
2823
2826
2833
2837
2842
2843
2846
2849
2854
2855
2856
2858
2859
2864
2868
2869
2875
2876
2877
2878
2884
2891
2898
2900
2901
2902
2907
2918
2920
2921
2931
2933
2935
2938
2939
2940
2943
2947
2948
2949
2950
2951
2954
2959
2961
2966
2968
2972
2979
2980
2983
2986
3001
3008
3009
3010
3011
3012
3014
3023
3025
3028
3029
3030
3033
3034
3035
3037
3039
3040
3044
3050
3052
3064
3066
3071
3072
3076
3084
3086
3088
3093
3094
3098
3099
3103
3104
3112
3119
3121
3124
3126
3138
3140
3144
3155
3156
3159
3166
3168
3169
3170
3171
3172
3185
3188
3194
3195
3196
3198
3199
3202
3210
3213
3218
3220
3222
3225
3231
3236
3238
3240
3249
3250
3253
3261
3269
3274
3275
3287
3288
3295
3305
3320
3325
3328
3339
3341
3347
3349
3350
3351
3354
3355
3363
3367
3368
3370
3371
3374
3376
3378
3379
3382
3387
3392
3397
3400
3403
3405
3417
3427
3428
3429
3435
3438
3453
3457
3459
3460
3462
3464
3471
3472
3477
3482
3484
3487
3490
3492
3493
3494
3496
3497
3500
3506
3509
3512
3517
3527
3529
3530
3534
3539
3548
3553
3556
3564
3565
3574
3575
3580
3587
3592
3595
3599
3600
3605
3608
3609
3614
3618
3621
3624
3634
3637
3646
3650
3655
3656
3658
3659
3662
3663
3667
3669
3672
3675
3679
3681
3687
3688
3694
3696
3699
3703
3704
3705
3706
3707
3710
3712
3713
3719
3721
3722
3723
3725
3727
3731
3735
3738
3743
3744
3747
3749
3750
3752
3757
3760
3766
3769
3770
3772
3773
3775
3788
3789
3798
3800
3801
3803
3818
3832
3834
3836
3842
3843
3847
3851
3853
3857
3861
3863
3873
3877
3889
3890
3900
3902
3904
3906
3908
3910
3914
3916
3917
3919
3924
3931
3934
3935
3941
3943
3949
3950
3953
3954
3956
3957
3971
3973
3980
3983
3985
3987
3991
3994
3997
4000
4002
4006
4013
4014
4015
4020
4023
4024
4030
4034
4039
4052
4056
4061
4062
4063
4064
4065
4069
4070
4072
4076
4080
4085
4092
4104
4117
4124
4130
4132
4134
4135
4136
4137
4138
4142
4148
4155
4159
4167
4171
4179
4181
4183
4185
4186
4188
4190
4191
4193
4195
4198
4203
4210
4211
4219
4221
4224
4228
4235
4236
4243
4244
4261
4266
4269
4273
4274
4277
4294
4302
4303
4304
4314
4325
4333
4342
4344
4354
4355
4370
4371
4375
4380
4381
4383
4398
4399
4402
4408
4411
4414
4425
4438
4440
4457
4458
4464
4467
4478
4485
4505
4510
4512
4515
4516
4517
4520
