2260
1130
1131
2141
104
1819
1539
355
1379
742
4127
3879
772
919
1840
4069
2950
3984
239
1589
1447
1667
2574
3545
3068
2823
2074
3561
58
4212
235
4262
4334
2560
2334
2690
903
1988
1756
3044
2058
4094
2558
4501
1607
498
4090
591
44
1630
1684
3084
2269
4133
4411
4178
1855
4519
67
1292
3409
2733
73
1051
2596
3834
1663
1554
3991
2142
4471
640
4359
2077
1903
501
271
62
2855
266
3026
4231
3566
4370
692
4423
1159
3513
3703
3270
2088
3610
1119
808
1902
345
850
1513
3670
1193
4132
3442
1583
263
4129
2473
3995
3012
1642
9
704
3089
3402
914
2411
1195
3235
486
3510
3109
713
2832
3024
4007
3969
2891
620
3415
1153
269
1194
353
973
2720
2117
1164
1190
1445
4488
1566
2042
4105
1677
2471
3779
2019
100
174
4057
375
3818
197
1494
2071
2828
786
133
3343
4517
4296
3262
2143
948
871
4403
3274
3933
477
1314
1258
1125
909
3438
3363
74
2456
699
2244
50
337
4398
3791
3064
691
3200
1298
1638
1280
747
1968
1544
3476
3885
342
2268
2977
4161
1124
1457
3448
2994
4338
3701
1876
3735
1834
2350
2008
4253
2015
502
2961
1843
963
356
1082
2631
2181
996
2668
1216
4421
2248
3121
209
3592
1647
1984
4444
3838
2903
3067
706
2230
3962
1014
2926
3059
3367
2489
609
2562
4080
3679
3314
182
2314
3979
1578
3745
3229
3287
2965
932
875
243
319
3497
3300
4350
1241
3119
293
3658
3120
4038
3370
4138
3806
4023
1205
2710
310
4386
1118
2941
563
1720
813
2402
3362
537
3697
111
2072
1352
1719
1375
1859
1752
803
2572
1461
351
3537
1463
2661
125
1489
2933
1565
3177
4116
2356
1812
3289
1470
1108
2498
4459
2484
3170
1348
387
258
1231
2666
3148
3924
2503
3549
645
60
1141
2309
1573
2723
2067
2183
1092
249
2819
1711
4458
3588
3829
2981
1587
136
3257
804
2175
2047
4032
3088
1485
4196
3607
1025
1058
1274
381
3534
2440
4441
2696
3425
862
705
3844
3464
4308
2653
2601
1294
118
714
2848
766
3138
4496
1730
604
3281
3394
933
71
3021
3212
2853
4028
547
2872
1525
4103
1526
2772
51
1306
724
2897
538
1777
4169
2253
3575
1880
2587
520
1304
1974
1373
1146
4044
931
2908
2742
1419
1617
1828
1724
4112
663
3039
4317
194
4279
3677
4518
4195
2036
2905
1938
1446
4174
1261
407
959
4266
3854
2820
2443
2470
4017
1172
4290
4234
2482
1209
208
4463
972
2628
3022
3714
1349
4284
1715
3505
2814
311
402
2062
306
4392
2115
511
3451
1434
3359
3748
2537
1860
4358
2260
3447
2594
1705
2318
1910
2802
1451
4303
1745
1452
4051
2547
360
839
1666
816
3946
1963
3245
3936
582
2022
4233
2722
1623
2731
951
3144
1337
20
3403
3154
2665
1129
2799
3718
2807
39
1130
3573
1301
2465
1358
1208
1045
4390
1723
3804
821
3136
215
110
1436
926
112
1223
2658
3603
1409
2108
85
562
4108
417
1196
300
4328
409
3753
2829
1945
2294
471
3858
1929
2519
1961
1345
2664
550
3439
4345
601
3928
1704
3372
3125
734
738
2475
1897
23
2781
380
180
280
531
3183
3638
1879
2463
1270
3888
3857
2750
1585
1240
4409
2191
3512
1003
4110
3459
1820
1518
3063
1347
1940
1249
1036
1675
1728
19
627
3622
201
242
21
3895
2345
1766
1672
2039
2195
715
778
3811
3284
2741
3774
405
1143
3688
1749
4259
420
841
4146
4326
1848
2867
1633
4220
3649
560
4454
1805
696
3283
2450
3620
4297
2178
1460
4450
1505
3761
3191
4245
3133
326
1155
1232
4040
4053
3299
2514
2491
3787
3884
3515
472
259
529
2293
4400
3707
45
0
4115
3686
1176
925
811
4098
4136
3586
2928
4180
2336
923
3493
2098
2045
1114
3199
831
4155
3123
3516
3867
1845
3764
3736
1158
175
2909
3943
664
1626
3790
984
256
3972
2952
3560
190
1128
854
2365
3734
2301
1439
1427
863
1339
1247
2927
69
220
158
4249
4137
2508
1090
3820
1342
377
1382
3152
4478
3430
1778
4109
4255
3726
3730
3974
568
1387
3927
3987
4301
955
2431
428
1726
358
2759
2291
54
733
1569
1286
3877
3393
1046
4442
3902
4289
2250
1509
491
4134
2212
1019
28
4083
848
2837
3635
4163
4464
2030
3463
3601
1559
1935
1464
924
93
2901
1570
703
2582
895
4418
2789
1592
607
3633
4130
3763
1987
4187
490
2258
2214
422
2290
1932
3435
3864
4503
1538
2511
4207
2873
3665
4157
2648
1817
2717
4324
3532
2573
372
3599
3421
1475
3890
722
1992
3935
3401
3329
589
2590
2432
1690
4000
3455
1454
3530
4493
2002
2162
1502
3364
3954
4323
2858
2748
3605
2406
1443
3587
566
526
1813
4077
1769
886
3228
2197
2786
1323
508
335
555
1179
880
468
264
3483
1740
2371
726
922
281
3746
226
192
2964
3672
684
3033
967
2381
3740
332
3034
2615
2637
2794
404
1053
4364
3295
542
4064
2623
4019
2847
2207
1185
3019
4036
4265
3625
4201
2079
588
2714
3656
3242
32
2887
3093
2369
3596
3243
3118
90
1389
462
2302
4015
2347
4087
3485
1421
2621
2948
3218
3213
415
3007
1595
2388
1411
2232
4142
907
1109
3766
716
2946
4123
517
1850
1243
2092
4378
1717
3313
2338
2954
89
66
2201
646
1674
3642
367
860
398
971
4414
1919
3732
168
2468
4125
1556
2956
2488
430
1198
350
2713
1637
443
399
3249
4238
2358
857
1410
29
1810
1120
3612
2409
3631
1641
798
1331
1562
4475
393
2209
2278
1632
1418
4367
2404
2779
1169
1889
4440
3263
3807
4095
649
3472
479
437
2190
3540
2744
2644
3690
3843
1181
3527
3836
3097
3675
1825
2034
3090
2368
2372
426
292
1313
1612
2164
2436
3056
818
686
1392
2612
1654
552
4285
2813
2586
1431
3074
3914
4120
2925
3330
3868
4329
958
329
4246
3015
794
15
3285
2385
736
3950
481
1545
2134
3308
712
2968
3840
3180
86
2087
965
3278
1490
4372
116
221
2502
3992
3647
4076
4479
2937
3865
1142
3137
4092
896
1588
1936
3003
4504
1686
4353
441
1420
1311
683
719
2374
3122
3312
1262
487
1
2825
3452
3965
3825
2490
3411
79
2255
3760
3815
616
336
1326
123
1511
349
4309
3388
2102
1117
3474
2816
2150
3352
1577
2771
2728
575
2989
1131
4388
2736
1253
2522
3135
3116
2695
114
3155
2445
2399
3973
814
905
2086
87
2326
539
4291
1365
3871
3028
244
2619
2256
1199
1796
3066
83
3369
4223
1915
4149
3506
1905
361
3976
497
1743
1982
1546
1197
4181
701
593
2703
1182
3414
823
1191
2591
3269
49
3196
2804
3042
4511
2754
3106
1540
183
1137
1079
1000
1300
1115
3555
4217
459
1727
1116
977
1614
2395
1575
858
1212
1747
3418
127
518
3306
279
866
4117
2846
2998
357
1621
1417
3892
3117
2865
4119
1973
1430
2200
1914
598
626
3398
631
4118
1822
3940
3461
2935
3175
2530
3368
2939
403
1841
2749
3809
3881
203
2357
1453
3507
519
488
3594
3386
295
140
4342
3743
2095
3874
4150
1482
2458
1256
1218
2274
2531
1764
1835
2740
2155
765
1133
91
2189
3816
2185
2634
233
2401
2777
1170
1416
2854
2784
164
2213
1111
524
3070
1325
4242
1226
3469
427
1722
2527
4399
3216
2554
3824
1591
1934
1542
1187
1305
3889
2455
650
3361
1865
3784
4408
806
1904
876
238
4190
2070
1691
1833
915
3880
206
4288
2979
1964
4198
2229
4394
411
4148
4405
600
4009
869
1152
2193
1096
2405
3916
2259
1922
4167
849
1100
1377
2758
774
1558
2251
1738
172
1486
1955
3141
1746
2437
2264
4203
3641
3903
3523
1725
1250
953
237
250
728
1221
3676
3882
25
4171
845
682
3486
84
1761
2540
2936
3344
4126
4368
3628
1101
1165
3150
3744
2299
1061
1639
1795
4113
2496
3375
1946
4067
4452
827
2647
1468
145
4182
828
2234
101
13
3473
210
1148
989
2862
299
1998
3929
376
159
138
4004
252
1466
18
3173
343
1369
2366
261
999
2912
2367
807
446
2152
2520
2041
611
1731
3065
1350
236
3132
1042
1040
3859
689
2004
1047
4199
2932
2005
330
362
2737
3921
2975
2674
4114
673
2284
3164
1755
891
3151
3739
2787
394
1327
3253
780
245
1506
1584
1289
633
128
2973
3058
3309
3038
2543
707
1501
2606
3709
456
3234
694
3531
1435
2016
911
1543
5
3569
3894
2493
379
4465
1084
2678
4402
4210
4483
2934
2169
2639
3302
3805
2080
1884
3663
4068
1355
2743
2415
1514
4022
2906
3660
4089
365
3503
974
1809
3355
1282
581
4310
3040
2478
3357
1681
3142
2394
1145
2548
3964
674
1018
3037
1097
1868
2929
556
1473
1793
3706
3111
688
1160
1279
3724
657
4039
2608
2413
2325
3542
1970
1105
130
2400
606
1776
1716
3750
1648
3652
4002
938
1826
3294
1534
211
3434
458
2387
1364
296
1909
3131
2377
2550
1702
543
2513
1784
4516
4491
655
642
3377
2752
2328
918
4063
3553
1094
1496
1372
3920
1603
2999
2392
3000
1440
1808
3484
3982
1136
2632
1400
3005
1765
35
1606
2165
384
3499
4302
3380
2645
2138
4260
917
2462
1043
464
2009
3322
4056
1923
2627
2187
2697
2915
1413
2581
1126
340
3689
2630
207
956
4293
2305
2793
3399
3060
68
2727
4396
1371
3400
3268
3519
1894
2032
1620
2640
2553
463
3091
3350
3445
2556
1471
2959
3907
1093
2600
2539
2393
3769
2883
2505
731
450
1023
2682
1024
2442
2599
809
1330
48
1597
1087
1890
3072
4272
1986
1763
3408
2217
3149
4101
496
1324
4404
727
1361
4191
1319
4082
2099
2546
3410
1640
3305
3385
3525
421
4145
3248
4100
4269
2568
489
549
2020
3860
1849
887
4193
3800
1220
4327
2521
2788
1149
2139
1244
3719
4495
1991
3529
494
2636
2341
3006
1201
1959
1259
3098
4321
1336
2362
2351
414
768
4160
788
3416
2614
2078
2565
522
2497
2474
2048
3256
1831
3207
4122
2263
3909
465
406
2222
3901
3778
3667
1599
1631
1332
1527
3721
2910
1721
3048
3908
3146
3082
2544
454
3543
186
3331
3738
478
2205
3564
1563
702
3925
2120
2
139
3035
740
3266
2292
3797
3023
4270
4340
1653
2571
177
3489
853
950
3165
941
2680
1937
1206
2223
341
1874
4173
4037
2592
3453
785
495
3678
1689
3786
2335
3105
2822
3756
189
2769
632
3075
2353
1192
3696
439
3260
2671
4267
1594
246
4050
3855
92
1624
3381
3291
634
2924
800
4273
1510
385
1886
3311
3241
3162
2346
2960
864
988
1801
2239
1800
2725
1921
904
4410
3808
2662
1123
2699
3639
2196
3143
3298
2986
2650
1685
2765
216
929
4383
939
3606
2026
2532
1437
3912
3508
4188
283
625
4391
2762
1912
2010
3624
4417
573
4085
3108
4204
3087
824
3683
3114
1122
2589
1499
232
980
3179
4336
662
590
1980
672
751
3188
473
3246
2982
2472
2439
3849
3317
2775
3930
920
3376
730
1484
3115
1450
2094
3112
4331
3970
3420
4052
3259
1613
4016
1234
1950
680
997
3211
3219
3731
231
870
38
65
1224
1037
2518
842
3392
314
1694
2285
2995
2991
3194
773
4365
1528
846
3016
2391
3883
3776
1576
2753
4292
1688
1799
3134
1771
126
4470
2996
284
4046
4152
2100
78
3904
856
1772
506
1869
836
3320
1138
1944
3444
3387
3193
3292
1990
1404
2617
2435
2923
448
3862
432
1020
826
3347
4514
2056
1393
4466
24
1508
3571
2985
1773
618
102
3240
4437
3465
668
4225
3233
4419
3898
1832
1139
2180
3069
4184
874
2154
1077
1949
1824
3145
964
3944
121
3174
4515
3334
3446
4412
795
2610
3823
4502
1338
1797
2642
4018
1568
3303
3948
248
3325
3160
433
4337
4124
4467
3650
2978
2311
2203
2768
3627
2618
1549
3674
4177
4206
2481
1644
1960
1967
2622
624
1829
3345
1976
1055
2245
2916
4239
878
2487
901
900
275
413
2729
4461
202
1233
2907
3685
3339
4497
1202
1027
3723
4333
3986
1649
935
2382
2885
1180
2499
3584
1340
1078
354
4042
2083
4357
4252
2376
3340
1005
1310
1374
1086
580
3570
4088
1297
1341
485
936
1634
469
1161
4033
527
993
3547
4074
1227
2782
4286
291
1246
2359
1596
3851
2899
992
1866
3536
2428
1693
1581
222
2064
3013
1354
3223
3413
4371
3847
366
670
3981
3379
789
660
1380
2476
1877
3977
3619
711
1017
1425
2711
1673
513
2265
3792
318
412
4448
122
1281
1102
2296
10
4276
3967
3509
1267
643
2121
3720
2236
1405
3617
2577
1091
2732
1433
3955
3166
3611
3659
2598
1989
42
843
1590
3103
1254
1927
3682
3018
2420
4299
3374
3110
4179
2266
2105
4104
2157
2013
3008
791
2433
3423
913
3478
3462
2170
1713
2561
77
3559
796
2084
3010
735
4156
1363
567
2227
815
1498
910
865
622
968
2315
2843
1699
178
838
81
4228
3360
934
1670
3467
4049
4059
1600
1320
2011
3661
3061
2375
2271
438
3524
2921
3239
4047
1083
2246
4434
3203
2254
693
750
2422
1456
2451
1315
1054
4482
3695
1183
2000
3644
647
3181
4200
3267
1957
3079
59
3669
3623
492
2797
461
1016
2884
2966
1521
1076
1770
535
599
2620
3878
4005
2595
3517
4346
2809
949
3822
1839
3318
4106
1260
1428
2881
2705
760
3922
131
533
3941
4081
2412
2878
1121
143
2870
1487
3031
4295
1881
1397
460
297
298
1356
3893
4035
4165
396
3479
2163
3777
3717
1851
2148
200
268
4319
3589
3861
3541
1203
2715
2149
1811
746
1883
1943
4086
1029
3953
1827
1423
228
888
3389
217
3353
2760
3618
374
2453
4041
1891
1871
2116
4043
3011
2486
470
1303
3938
408
916
2485
1698
2186
3681
1322
4512
2146
881
3664
3236
1269
476
859
1767
1733
1999
3841
2135
1683
157
4153
17
1557
4154
1901
302
1066
2106
1500
877
1710
1479
1661
2379
1039
1266
2417
2913
1553
4373
1504
1293
3765
2654
790
820
1942
3900
3872
1814
169
1144
944
4065
1712
212
4494
1276
1662
1806
1671
400
1854
2342
3562
2811
2747
1625
1495
1768
2629
2755
2987
328
4121
1754
4075
2603
2890
3205
4287
484
1444
3209
2483
3449
2177
942
2914
787
1760
2352
1273
970
1700
4031
2423
2774
1075
3782
1718
3741
3869
2575
2001
3272
762
2288
1696
2267
3604
3481
2380
2882
4244
3574
1679
597
2243
1515
2038
3802
3319
94
418
928
2677
782
2516
2289
397
254
4024
382
3528
3614
2055
3250
262
3099
3158
797
3538
1878
1401
2708
2075
2953
1156
898
2307
532
3983
2501
3775
155
3107
1132
3161
184
2817
2886
1815
585
770
3722
1021
3522
3846
1007
1429
1729
4159
1706
2224
4271
247
2467
2963
3477
525
2492
317
758
499
1913
392
2361
1395
3480
1838
4006
2902
505
771
2145
2542
995
656
160
2241
3711
595
1157
2757
2917
4277
3156
630
2147
1032
1407
2801
3646
792
46
2429
4395
3471
4416
745
4427
2826
3419
945
2694
3275
1941
1695
4332
521
2460
3025
2438
1512
2988
661
4048
2270
2132
1448
1200
3297
1065
3812
348
34
3891
576
2849
124
893
3727
388
322
253
4232
2746
2237
4510
120
966
467
3585
1836
1668
769
1333
1656
2707
3366
3942
1742
3
4175
3454
868
2808
61
3104
1098
1736
4422
872
2211
1255
2003
3876
961
2156
3640
134
2605
43
3277
3208
1210
1328
3826
2457
3378
2280
757
2783
1089
2557
3496
4455
2869
4481
776
3338
2875
2945
1031
1211
572
144
3680
3931
2126
671
4071
3382
3029
3691
1343
4385
2635
1971
2037
4335
2970
4219
241
1167
1030
166
4499
1863
2349
4485
819
3426
755
4451
500
2027
667
2576
752
3450
3582
3466
2319
2993
2984
4362
251
1875
2339
2583
2060
2464
2836
3337
2880
3457
2090
3153
3754
3094
493
185
577
2670
1551
3728
4354
26
4363
1615
1229
1008
1571
4492
3271
3767
2706
3966
1669
3897
2863
2160
615
97
3693
1629
2050
3215
3705
882
720
947
1173
1308
679
1908
1775
515
4484
3758
1788
2712
1378
270
1370
2676
3168
3431
1462
717
2053
2057
3568
273
451
3716
3276
1085
2407
3813
3326
3230
2449
2348
4439
313
1734
3919
1476
2300
1707
3254
369
1655
80
2958
191
2171
1251
3990
4197
3899
1312
1552
1610
163
401
3017
2517
4247
3140
4274
1858
1162
1104
2827
289
1896
3772
2018
4425
2563
3853
675
2718
3996
1062
2373
1857
3124
2552
2127
2850
1449
3557
507
4078
1602
635
3873
3828
1622
2675
835
3708
1063
2609
3793
434
2174
4158
2864
3504
3077
2896
817
3713
2534
27
1106
504
834
2279
11
540
2308
2773
1930
3501
561
4147
3441
559
1095
4251
1059
1088
1384
2815
3332
2756
3251
4449
2204
1737
2081
383
3335
2506
3049
534
1535
4424
779
1001
2730
3666
2800
3783
2974
1781
1536
2151
1257
3004
1658
3227
14
3856
3655
2633
2025
410
359
3989
3911
833
3482
2569
2688
4375
2838
1472
3539
1406
2012
3684
1103
3747
3172
8
4415
4369
1424
1026
1916
301
2840
1550
2578
4097
2118
1503
1038
1483
4384
4254
3192
1867
2065
47
3785
129
2298
3498
3324
4278
1362
3839
1376
3576
4300
1888
3096
2063
636
4453
3047
2459
2332
2852
1044
3346
2337
320
1321
3595
4055
3910
2845
3055
2051
3100
2790
3988
2889
564
994
1804
3961
986
4347
873
4489
1477
2611
3395
894
554
286
1787
2416
2538
4162
162
652
2911
3458
2262
4520
2430
1010
676
1015
3749
4307
1628
4426
2763
1366
743
2564
55
2833
3244
2343
2317
2494
2446
176
2434
109
2226
2441
3978
1885
1127
2386
1056
3662
605
2304
2602
897
2691
294
2792
4377
2567
2007
2593
3102
1403
274
3629
3733
2764
4066
2660
1708
1174
1488
179
4079
1609
1907
4508
170
1701
2364
3080
2962
3613
2477
943
1386
1388
608
2871
793
4230
196
2588
1402
4316
528
1757
323
802
234
570
391
255
2344
3304
3349
1975
187
3518
33
4192
3095
2320
453
3470
4073
3190
3231
2390
4349
1555
3184
830
1438
658
3178
2657
2096
4229
1791
3643
1154
4341
1873
1189
2524
1041
4313
2073
884
4305
2856
2040
565
4139
2303
1344
2866
718
1996
1852
2824
3752
2672
3632
1847
4429
227
3041
1821
3081
2877
2841
4507
113
3492
3500
1214
3076
3702
161
3032
4054
3293
4413
2796
603
3086
142
4001
2360
424
930
3356
3514
4348
474
1956
3579
1316
3214
4476
1112
205
4505
1150
4170
2273
4008
3460
3475
3615
2194
3053
3432
982
4166
455
429
76
1520
2638
653
2541
2835
1618
1290
1993
4322
2536
1947
370
3365
1983
2124
3572
1759
72
1006
3762
2167
1060
2426
1870
2327
4380
1245
4010
1317
64
1802
2052
2235
2021
1519
4445
1564
4011
2103
1532
991
1353
3290
2821
324
921
2920
1068
2297
4144
2943
3433
3071
3556
957
2129
1422
2206
156
1285
2976
3045
4135
1011
3383
739
3949
2726
3827
4506
2930
654
3651
2641
1981
3404
665
2140
1682
1009
2613
2895
2014
1995
2957
1605
4430
3189
2709
70
2504
2857
1786
2316
1307
2616
3391
282
1493
3636
3456
2370
2101
371
1288
2770
2182
619
290
4379
3001
2252
810
4306
3580
4374
2114
4226
4490
2220
4446
651
2649
3939
1917
1318
1892
31
1074
2093
4256
1846
990
1033
2551
3952
4473
4185
2724
4
6
7
12
16
22
30
36
37
40
41
52
53
56
57
63
75
82
88
95
96
98
99
103
105
106
107
108
115
117
119
132
135
137
141
146
147
148
149
150
151
152
153
154
165
167
171
173
181
188
193
195
198
199
204
213
214
218
219
223
224
225
229
230
240
257
260
265
267
272
276
277
278
285
287
288
303
304
305
307
308
309
312
315
316
321
325
327
331
333
334
338
339
344
346
347
352
363
364
368
373
378
386
389
390
395
416
419
423
425
431
435
436
440
442
444
445
447
449
452
457
466
475
480
482
483
503
509
510
512
514
516
523
530
536
541
544
545
546
548
551
553
557
558
569
571
574
578
579
583
584
586
587
592
594
596
602
610
612
613
614
617
621
623
628
629
637
638
639
641
644
648
659
666
669
677
678
681
685
687
690
695
697
698
700
708
709
710
721
723
725
729
732
737
741
744
748
749
753
754
756
759
761
763
764
767
775
777
781
783
784
799
801
805
812
822
825
829
832
837
840
844
847
851
852
855
861
867
879
883
885
889
890
892
899
902
906
908
912
927
937
940
946
952
954
960
962
969
975
976
978
979
981
983
985
987
998
1002
1004
1012
1013
1022
1028
1034
1035
1048
1049
1050
1052
1057
1064
1067
1069
1070
1071
1072
1073
1080
1081
1099
1107
1110
1113
1134
1135
1140
1147
1151
1163
1166
1168
1171
1175
1177
1178
1184
1186
1188
1204
1207
1213
1215
1217
1219
1222
1225
1228
1230
1235
1236
1237
1238
1239
1242
1248
1252
1263
1264
1265
1268
1271
1272
1275
1277
1278
1283
1284
1287
1291
1295
1296
1299
1302
1309
1329
1334
1335
1346
1351
1357
1359
1360
1367
1368
1381
1383
1385
1390
1391
1394
1396
1398
1399
1408
1412
1414
1415
1426
1432
1441
1442
1455
1458
1459
1465
1467
1469
1474
1478
1480
1481
1491
1492
1497
1507
1516
1517
1522
1523
1524
1529
1530
1531
1533
1537
1541
1547
1548
1560
1561
1567
1572
1574
1579
1580
1582
1586
1593
1598
1601
1604
1608
1611
1616
1619
1627
1635
1636
1643
1645
1646
1650
1651
1652
1657
1659
1660
1664
1665
1676
1678
1680
1687
1692
1697
1703
1709
1714
1732
1735
1739
1741
1744
1748
1750
1751
1753
1758
1762
1774
1779
1780
1782
1783
1785
1789
1790
1792
1794
1798
1803
1807
1816
1818
1823
1830
1837
1842
1844
1853
1856
1861
1862
1864
1872
1882
1887
1893
1895
1898
1899
1900
1906
1911
1918
1920
1924
1925
1926
1928
1931
1933
1939
1948
1951
1952
1953
1954
1958
1962
1965
1966
1969
1972
1977
1978
1979
1985
1994
1997
2006
2017
2023
2024
2028
2029
2031
2033
2035
2043
2044
2046
2049
2054
2059
2061
2066
2068
2069
2076
2082
2085
2089
2091
2097
2104
2107
2109
2110
2111
2112
2113
2119
2122
2123
2125
2128
2130
2131
2133
2136
2137
2144
2153
2158
2159
2161
2166
2168
2172
2173
2176
2179
2184
2188
2192
2198
2199
2202
2208
2210
2215
2216
2218
2219
2221
2225
2228
2231
2233
2238
2240
2242
2247
2249
2257
2261
2272
2275
2276
2277
2281
2282
2283
2286
2287
2295
2306
2310
2312
2313
2321
2322
2323
2324
2329
2330
2331
2333
2340
2354
2355
2363
2378
2383
2384
2389
2396
2397
2398
2403
2408
2410
2414
2418
2419
2421
2424
2425
2427
2444
2447
2448
2452
2454
2461
2466
2469
2479
2480
2495
2500
2507
2509
2510
2512
2515
2523
2525
2526
2528
2529
2533
2535
2545
2549
2555
2559
2566
2570
2579
2580
2584
2585
2597
2604
2607
2624
2625
2626
2643
2646
2651
2652
2655
2656
2659
2663
2667
2669
2673
2679
2681
2683
2684
2685
2686
2687
2689
2692
2693
2698
2700
2701
2702
2704
2716
2719
2721
2734
2735
2738
2739
2745
2751
2761
2766
2767
2776
2778
2780
2785
2791
2795
2798
2803
2805
2806
2810
2812
2818
2830
2831
2834
2839
2842
2844
2851
2859
2860
2861
2868
2874
2876
2879
2888
2892
2893
2894
2898
2900
2904
2918
2919
2922
2931
2938
2940
2942
2944
2947
2949
2951
2955
2967
2969
2971
2972
2980
2983
2990
2992
2997
3002
3009
3014
3020
3027
3030
3036
3043
3046
3050
3051
3052
3054
3057
3062
3073
3078
3083
3085
3092
3101
3113
3126
3127
3128
3129
3130
3139
3147
3157
3159
3163
3167
3169
3171
3176
3182
3185
3186
3187
3195
3197
3198
3201
3202
3204
3206
3210
3217
3220
3221
3222
3224
3225
3226
3232
3237
3238
3247
3252
3255
3258
3261
3264
3265
3273
3279
3280
3282
3286
3288
3296
3301
3307
3310
3315
3316
3321
3323
3327
3328
3333
3336
3341
3342
3348
3351
3354
3358
3371
3373
3384
3390
3396
3397
3405
3406
3407
3412
3417
3422
3424
3427
3428
3429
3436
3437
3440
3443
3468
3487
3488
3490
3491
3494
3495
3502
3511
3520
3521
3526
3533
3535
3544
3546
3548
3550
3551
3552
3554
3558
3563
3565
3567
3577
3578
3581
3583
3590
3591
3593
3597
3598
3600
3602
3608
3609
3616
3621
3626
3630
3634
3637
3645
3648
3653
3654
3657
3668
3671
3673
3687
3692
3694
3698
3699
3700
3704
3710
3712
3715
3725
3729
3737
3742
3751
3755
3757
3759
3768
3770
3771
3773
3780
3781
3788
3789
3794
3795
3796
3798
3799
3801
3803
3810
3814
3817
3819
3821
3830
3831
3832
3833
3835
3837
3842
3845
3848
3850
3852
3863
3866
3870
3875
3886
3887
3896
3905
3906
3913
3915
3917
3918
3923
3926
3932
3934
3937
3945
3947
3951
3956
3957
3958
3959
3960
3963
3968
3971
3975
3980
3985
3993
3994
3997
3998
3999
4003
4012
4013
4014
4020
4021
4025
4026
4027
4029
4030
4034
4045
4058
4060
4061
4062
4070
4072
4084
4091
4093
4096
4099
4102
4107
4111
4128
4131
4140
4141
4143
4151
4164
4168
4172
4176
4183
4186
4189
4194
4202
4205
4208
4209
4211
4213
4214
4215
4216
4218
4221
4222
4224
4227
4235
4236
4237
4240
4241
4243
4248
4250
4257
4258
4261
4263
4264
4268
4275
4280
4281
4282
4283
4294
4298
4304
4311
4312
4314
4315
4318
4320
4325
4330
4339
4343
4344
4351
4352
4355
4356
4360
4361
4366
4376
4381
4382
4387
4389
4393
4397
4401
4406
4407
4420
4428
4431
4432
4433
4435
4436
4438
4443
4447
4456
4457
4460
4462
4468
4469
4472
4474
4477
4480
4486
4487
4498
4500
4509
4513
