2260
1130
1131
2385
125
3659
4439
2936
2125
3772
310
2161
183
2744
2105
597
994
4504
559
4151
218
4063
442
1490
4129
2541
266
3571
4332
1543
1077
1451
317
1156
3972
2885
2233
773
1773
1566
240
3626
2260
155
2081
837
1805
2564
2601
452
3519
1115
252
1745
49
83
166
1991
4467
3041
18
4154
3883
4417
2035
3934
4242
697
387
116
3670
1993
2888
3245
438
4433
418
1123
3823
2368
3778
1399
3550
1681
2835
3632
1856
4373
3847
520
2756
3475
3785
453
4075
1812
1421
2108
378
2537
2017
2615
1963
4123
3142
3430
169
2193
1854
2398
2500
1034
1220
1069
4403
340
2792
346
3510
2499
287
3208
881
1896
2726
1320
2814
1337
569
280
4134
4121
657
946
1488
533
956
3038
2503
3834
3827
1109
3393
2529
3992
2772
2109
1615
1229
529
4019
3454
2126
4155
2086
4119
3270
2052
3950
1913
1985
637
1170
382
253
2899
3862
2619
752
4087
2998
1198
1947
4382
2898
2014
1587
2708
1323
3911
1544
69
2302
2456
3721
716
2117
1256
1629
985
1922
4181
3979
3932
2204
2217
2629
3403
2573
734
2666
760
3299
1254
1781
729
2394
3035
3129
3946
620
408
2654
2717
3622
710
2244
479
2047
263
2116
3002
1761
635
3848
875
4276
2903
3743
3944
3401
91
688
1039
1360
4065
2522
2670
2790
2682
2517
1987
2822
969
3328
3899
4484
901
3043
3327
2996
1213
2538
1639
2987
647
2409
628
4105
4340
3534
3549
1939
4141
1181
3709
1714
4169
3640
1818
1471
4035
3029
322
156
1081
4304
3295
2896
2743
2989
1579
3471
3731
131
21
2882
1011
89
947
212
2742
461
4171
1068
4313
2638
4013
2401
4239
1355
3433
1463
4374
945
3303
3865
3422
3469
1093
3223
2166
3256
1937
3566
3396
127
1304
2090
222
977
3007
1940
3560
2070
877
3289
2501
2793
110
283
4432
433
406
4122
727
439
1405
2816
1918
1361
3609
2315
995
3567
4073
2001
39
3930
575
3971
256
223
2201
3648
4339
3605
4271
1268
3139
3323
2492
3951
3741
4488
4452
1895
2169
3444
2815
3891
1524
780
948
1660
454
1021
360
1553
625
2182
1504
2668
4243
2163
4446
2528
3841
3339
2949
262
3252
483
46
3569
3016
2352
451
2867
4293
530
239
3902
1255
372
3578
499
1465
3523
3757
1200
3654
4429
4139
1658
1204
3687
2782
3633
3853
265
3805
2699
2697
2142
3244
3243
748
3783
2361
3846
617
2181
4143
3313
1088
1347
1436
1527
1640
319
2019
910
4199
723
1133
2924
950
228
1798
1155
3750
2836
3713
2784
2216
4031
3455
227
4520
4054
1433
2933
3334
1078
3553
3521
584
4223
95
327
2715
3958
1202
3080
1058
2846
3858
3642
42
951
4448
717
2063
3404
744
2258
3395
2168
432
3719
3001
1479
1003
1914
3331
2236
705
2595
3831
3408
900
3554
2469
673
298
1672
413
2299
571
2338
2890
3483
843
540
3999
1269
503
4039
426
3602
1407
224
496
3308
2478
2485
396
4302
3180
3840
1232
1869
663
117
4272
2875
578
3607
2465
593
3277
1665
3975
2232
337
2263
3178
1079
1591
517
1648
769
3298
275
63
1934
3076
2094
3555
3230
2902
3998
1221
641
4279
839
666
1233
2617
4203
488
4437
427
4079
3705
353
2034
311
698
1116
3662
436
393
1606
4330
4359
4026
3672
301
4509
148
2915
2712
4410
1295
3134
1330
2411
1780
3941
3476
1603
2548
351
3615
2113
680
4427
1752
4110
2472
1372
4358
1146
2371
2012
1073
2525
2519
3985
2423
3742
431
3057
1719
4180
2434
72
3352
1763
621
3689
2725
2826
1975
1364
818
3449
2971
1530
1569
463
1700
1677
247
914
126
2026
3821
1879
1995
2873
2065
388
138
1604
3608
1096
2789
1904
3177
987
2141
4109
4401
2391
1348
1104
271
4148
2300
3210
2151
771
3258
355
1408
1029
1608
2655
776
4393
3159
2918
1554
1570
3511
4074
834
3254
2609
3964
2783
878
1878
1770
1019
2366
2955
3082
3238
3878
1217
814
3501
411
43
2133
4408
1547
1539
241
1804
669
2463
2489
1866
1816
2889
2976
2577
2446
3512
29
1845
1978
1045
2272
1044
4282
3587
3749
3275
874
197
573
2843
3809
2083
1657
2387
1397
2844
1053
1491
4334
982
895
1376
747
2135
2155
2443
2611
1951
556
3072
4176
2948
3568
3349
683
3552
3144
2064
572
1792
3051
3779
2187
1528
1592
2641
2288
1720
4310
689
1162
3380
1515
840
2027
1726
4221
2988
1666
341
491
369
3730
1429
2520
1483
1690
1066
4370
2545
2837
3137
2390
856
2871
1435
3767
4409
3432
2817
2552
1678
1738
333
208
2304
2382
4440
587
2050
4083
33
506
3431
998
4147
3185
3489
3514
3729
4183
3651
2587
1446
3696
4025
2984
3850
132
3600
783
3097
2833
3990
2855
4300
1885
2910
1573
2944
4430
2099
2845
3723
3774
1314
255
3873
2900
2158
2076
3522
154
4030
3213
865
2785
3301
3973
2069
2551
1056
1027
1696
1986
3400
2554
1280
3833
4108
885
352
2723
1382
958
897
153
2506
3815
1809
395
2544
4453
1267
4258
4069
1431
3685
4405
4048
1847
3835
2737
1671
1595
187
869
2922
141
4194
292
2208
2123
4413
2917
3143
4029
3744
675
2543
720
1536
2550
3118
3221
508
4043
1173
916
2640
2100
4224
2653
1305
2770
3281
304
527
3070
2571
3015
4080
4251
2695
4275
2230
1959
2308
568
2287
909
3024
245
708
1340
3463
254
4492
4344
3116
2972
1023
3272
1450
4152
631
983
629
564
309
3169
1507
2470
3319
2511
2768
1709
3711
2277
3026
1125
1497
1831
893
1031
2776
2671
2732
3343
1571
2435
2059
1047
1558
2428
4198
2115
3335
1687
2549
3634
933
4166
2643
2700
3437
1645
1697
1384
1921
3513
417
2687
960
3227
2734
4435
3664
4288
3141
3707
291
2331
3960
1837
1383
9
1423
295
397
3684
3768
749
328
1523
3604
2269
2468
3583
1785
282
2384
2010
1965
1740
4353
1702
2692
1716
4308
345
1838
3417
4388
3370
1997
3488
750
15
1410
4118
1609
1883
2961
2534
2759
1728
4299
659
715
41
2718
2186
2606
3102
789
2375
3969
2078
3240
4238
77
3939
3798
3160
1475
1779
394
622
3099
1235
3943
2974
1935
3415
1737
4420
1692
1713
1772
3563
3529
2079
28
2556
3103
3800
1664
1526
1564
4059
299
486
1514
2153
2575
4425
1733
3981
3157
52
199
1877
1237
1705
2071
2433
4117
4153
3290
3610
512
703
1172
4160
3530
3474
4354
4053
2008
3054
2370
105
324
667
931
1130
850
152
560
226
1901
87
2018
2025
890
2849
3326
2057
3372
27
4041
2986
3342
3100
443
2211
2136
724
4345
2825
4311
3346
2533
3228
3756
48
821
3420
2268
2326
558
1363
2563
677
3794
2505
258
145
4040
3253
4202
1890
3788
1128
313
3056
535
1057
1009
1385
3791
3503
2761
3340
4245
2959
3786
2174
4
2044
2823
980
653
2664
2847
3197
2412
40
2580
3882
1368
4020
2973
4023
3465
4156
1177
739
80
231
3907
1089
608
2353
2459
230
2669
3264
3411
618
4474
3822
172
3845
2762
4170
3984
1512
3637
1321
860
3283
1775
4333
1315
930
437
633
1968
3769
3354
1428
1284
1793
4008
3653
2175
2248
1541
2729
3033
3564
1277
1482
655
3491
3916
3562
925
1303
4303
3090
2488
2032
3693
730
1426
3074
76
1253
3935
1724
3163
3692
3793
4116
4368
3995
3255
4211
1375
2644
2886
1206
493
405
2878
3698
4397
2267
498
4212
194
3790
3546
3366
3158
4216
1160
2120
2447
1495
2645
2521
1509
475
3764
3623
2527
2555
1540
4281
1388
4103
478
3149
3621
709
3548
55
580
4140
22
3361
2702
3012
686
981
3168
4380
2613
2067
2659
2177
1447
728
3310
59
2921
732
3030
1909
1139
1415
3426
2498
3682
4099
2995
4479
1006
1998
2913
3759
4062
205
516
133
801
1525
2657
1468
1551
500
1352
4138
142
936
737
687
2130
4457
3533
1395
2623
1274
3113
3703
2369
3257
2778
2927
4161
4376
2388
2530
3220
921
3738
742
1301
3801
2962
177
2963
4100
386
3464
1014
935
1298
1448
2679
2030
3439
884
2596
85
2662
30
2724
1145
2022
528
3697
3413
1807
1238
3482
1897
1367
3368
1996
1848
967
1576
2061
1087
185
911
1667
1378
3877
2089
31
3936
392
115
2250
2077
3987
804
164
4168
3830
3239
4487
1319
2291
3477
696
2870
1401
3557
4249
54
1393
2912
4086
3259
2848
457
555
796
71
4205
2372
1506
2212
3125
879
476
2185
3122
3854
0
2966
2205
3010
903
1502
539
4009
3829
1954
2536
2751
4125
2830
4489
113
2345
586
4215
3225
3425
1605
3087
2124
794
972
444
2421
2360
118
4209
1824
206
1187
1328
2516
774
2461
3027
3353
3448
3792
2039
531
2430
268
321
3405
1038
354
1251
2354
603
522
2585
2557
2058
4234
4347
458
312
277
3910
876
3083
2866
1131
1788
466
1754
3565
3392
2710
3171
3751
4385
3903
4447
1802
471
3206
4343
4196
4010
1406
920
3695
2919
1103
660
4038
3374
3868
805
1344
358
2265
366
3646
671
690
1910
3619
3211
4261
3412
2568
2241
1444
3419
1872
976
1673
1480
2143
1326
2009
2220
2834
3493
2121
962
830
1912
2270
3584
3739
1416
1174
2042
3282
1099
2005
2383
2637
278
1766
3897
3262
626
3876
3504
1366
4044
3
2467
2138
1828
1561
4472
731
3762
3547
3418
4478
993
1926
934
756
2095
1647
3379
1953
538
1655
2301
4225
2569
3058
3325
2994
997
817
3014
2425
4036
3681
978
1241
2448
3450
1626
3271
4012
3777
682
1161
4045
207
695
477
2164
2663
2194
2646
975
2040
3280
3688
2085
3336
550
3808
3843
4501
3885
1950
1050
2173
2429
2466
2490
4165
3870
3306
4197
1801
2408
1168
518
1040
2586
2347
3089
1402
484
1836
1776
3389
3966
3766
2579
510
2003
2809
3443
3957
1590
662
1012
2905
3765
2689
2602
2157
4011
2869
3961
2626
168
759
623
3593
991
2604
2674
4456
1662
2178
2731
1706
4127
2255
1813
1176
2914
1593
3643
1336
2524
1674
455
279
758
1787
2329
361
4352
3133
1619
782
348
1853
1794
2006
4499
3606
1291
3598
4518
2861
2512
1852
219
3733
1565
1114
4268
456
2884
2261
1973
691
2713
1085
638
1462
3991
1144
2819
4049
2592
1134
799
547
3136
838
3190
264
23
3399
4319
3075
2935
2926
2970
616
650
4443
3046
740
3881
409
4365
179
414
722
585
422
1442
32
2149
1473
952
2491
58
2154
1786
596
3305
4399
1022
2096
3507
3351
4414
375
2828
160
2252
2379
4461
412
2767
3492
1349
1102
1659
2916
1819
4287
2137
4193
3927
1208
1
2399
3094
1445
1880
4372
129
2225
1888
3913
4322
260
4002
1930
634
1278
2728
186
4392
2838
2622
4517
3988
3945
2474
3261
1865
2906
1154
4037
425
2341
3949
2415
1683
2046
2172
4323
4247
3440
1538
4081
3424
2454
2980
1749
419
2246
1127
3997
1443
1325
1136
2965
4480
2219
2262
1373
3086
3266
3195
3307
1810
541
2112
1725
1976
3732
973
3956
3250
3421
4383
904
1015
209
551
1731
2402
886
941
1644
399
1743
2237
2335
825
3203
3341
2048
3855
137
846
4094
389
2769
1080
3237
944
3926
3864
3048
3063
4269
2337
2811
961
234
78
1832
2418
2891
1196
676
1499
3091
1260
1557
3837
1783
3452
459
2794
2028
1101
1799
4185
4052
4510
1790
3617
4466
902
3156
3478
2449
2967
3316
3543
490
3189
1090
2941
1222
146
193
2146
2445
2378
2741
3807
1510
1981
3579
2620
3624
1695
3105
1821
2431
602
3890
3875
2442
1262
4146
554
202
778
4232
3574
828
3242
3284
3586
1400
2457
4418
3989
3535
3170
1113
1670
3663
1548
861
2139
2363
2820
2992
917
1135
3551
2842
1806
1362
3947
1774
1870
3332
3839
965
4248
3047
1290
3714
3260
2535
4356
3199
3148
1061
3953
1032
1917
4014
3032
2419
844
1941
681
3863
67
4034
2148
630
1584
11
4283
4149
644
3049
1164
434
90
400
1903
4178
1051
4064
1356
204
2515
563
4133
232
2656
1701
3312
3008
4163
711
2235
3020
2305
3592
3044
661
497
1721
1520
3508
2860
3434
1060
1494
922
4314
4361
326
601
3754
1925
3745
3657
4423
2210
3164
2253
3416
3942
96
4120
3538
2618
3121
2424
1223
3753
693
3638
229
1567
1964
809
4144
294
2404
3011
4130
7
4355
4220
2386
3182
808
1844
3675
1354
1186
107
2056
2647
949
2865
3795
3641
336
3320
3061
3107
906
181
2407
2396
4263
4078
2691
882
2727
3337
53
1357
359
1381
2707
1635
3263
1341
81
1282
1634
4357
1744
1197
915
1311
1902
1822
2021
3667
3451
270
3088
836
123
203
4145
2999
3314
3702
106
2484
4051
3330
4377
1967
1552
932
3069
4218
1710
161
3620
2690
1594
1386
957
4460
2497
1751
2298
109
746
699
4426
1212
441
1649
3700
157
3773
3402
3427
3188
4267
3686
3645
3625
3826
4360
3948
2462
2410
1329
1185
1036
2681
296
3126
2323
2678
1121
4346
1833
599
1147
2701
276
128
3459
404
1228
1983
4503
4468
3429
2661
2775
150
509
198
4214
1002
4375
192
2719
485
1064
3414
3917
1977
894
2362
1800
2735
4294
2285
1283
2745
3065
1054
3085
474
2956
3249
829
2714
2476
3818
4255
2264
34
1906
1638
2256
4159
1874
3871
4137
4201
3410
1952
3268
1000
3655
3294
526
2964
594
1041
3581
3900
308
4318
1617
3716
3232
1961
870
3536
1310
188
1209
1707
1094
2309
3694
449
4470
1020
4162
104
2324
1108
3104
3235
2406
460
3071
1748
2422
1440
883
4337
1817
2196
1279
2904
4204
2344
170
4396
2504
4497
3968
1149
757
1476
2983
2162
1899
2649
3677
2358
1688
1750
2795
3715
1887
86
3710
3736
3106
1180
3892
2180
4111
5
4003
273
3527
706
1646
4254
3037
1753
2159
2303
1599
1266
1030
430
614
1272
2321
765
1265
2213
1324
1211
2327
1529
2102
1756
873
3017
4421
88
2024
3132
928
3820
2307
2147
4475
163
609
1811
2991
738
888
583
1511
2249
1193
2736
4252
2627
1680
3851
3656
3974
1864
1578
284
2439
4451
889
1215
3978
2403
3940
3186
3859
4444
4195
3539
1712
2518
1327
1537
4090
3658
3915
38
3111
3630
1747
2852
3647
1521
3028
968
2831
1453
1270
2427
267
2150
1370
3013
480
362
2683
4290
2214
4469
3674
1122
2665
2049
2229
3959
3673
1478
4398
3050
1704
4136
1411
4481
2332
2958
3589
3627
3214
82
151
3752
101
97
1789
649
1239
2630
1343
3976
3920
700
1589
511
3155
2451
74
4338
2016
524
1250
3518
3923
4257
3884
1458
579
536
1654
2111
1008
3273
2286
136
1275
2234
314
3938
1500
3468
3849
2755
2851
1708
4270
3373
544
4246
3712
487
1989
447
2293
2593
3338
384
1390
1898
766
4200
285
926
4514
864
566
3905
726
4093
4415
1112
4132
1210
1481
1613
3982
2774
2097
44
4482
751
4366
823
325
3679
3457
4464
589
990
4061
3983
2952
2493
591
2546
1843
2747
3661
2651
380
1851
2588
3498
2893
2007
122
2803
2110
3666
100
1969
943
798
1808
3922
1377
627
2508
1596
1092
3894
833
2477
4309
2523
3384
1086
786
2635
1365
2590
4190
1533
1425
2322
4424
685
1194
2977
656
3375
407
210
195
306
3265
3390
1082
1755
701
1307
3683
970
4491
10
1371
1563
3814
373
14
2808
974
3825
502
4328
1501
863
4085
1469
4329
2799
2685
178
3781
4259
2804
1651
2320
3073
2167
2475
938
2381
339
937
1513
84
4296
3135
2939
2333
853
3052
1171
2993
2340
3665
3140
2802
1439
3394
4240
3525
1972
1126
3172
4285
721
2043
2397
2599
2574
2853
3888
2060
2968
1178
3780
4187
2275
3423
668
4367
3019
1049
1107
3718
3317
582
762
546
2254
3409
2758
2805
3329
4307
2436
2316
4389
3572
651
1043
3494
826
2597
892
3811
3541
2636
3215
2228
567
3980
1735
20
3929
2206
2074
831
57
1771
570
3724
1438
797
1353
70
3784
733
3005
2868
173
4188
4027
3193
3532
2850
4157
3364
1886
2350
2290
1585
4022
3456
996
214
665
1309
4056
4422
2780
1742
1142
4449
3650
1627
3128
741
1575
847
777
767
4326
3191
3059
2438
2542
718
3812
4508
1757
868
2960
297
4112
3060
3022
1803
3321
242
2191
816
2757
2376
3914
1157
4404
4128
3246
2765
318
3720
2578
175
1861
1120
1434
1201
3285
959
1065
1765
1148
4490
3198
257
3358
102
4177
2880
4369
3704
2821
4241
1855
144
1820
4513
2807
1607
624
3109
3725
1549
2639
1560
1577
196
4244
2374
2872
848
3131
3367
3472
3690
2313
704
3120
3023
6
1150
832
4284
3933
159
17
1016
1588
2749
1924
1682
3096
4351
3962
2540
4436
3860
3369
1628
1097
1152
2292
3003
2576
1297
4442
1414
545
3776
800
2453
725
607
3119
1052
3639
1292
1796
1394
315
1179
2218
905
2319
3708
1830
3735
1503
8
2625
2676
2739
3084
4001
1957
2355
1522
3018
3388
2667
1857
3887
1663
1581
2367
3286
3895
4206
1293
2598
2189
2156
811
2118
1214
4142
2441
841
3852
2279
1048
3556
2859
2160
4226
19
775
4292
1189
590
4101
1184
611
4381
3603
4371
2314
3758
376
3108
3445
180
4050
3802
3201
3222
3856
3363
2458
907
4493
525
2400
3251
1889
2119
92
1882
543
3219
4068
802
1574
103
4519
3867
3302
3347
4305
1163
1849
51
862
2981
2460
1631
3570
4237
2781
251
2452
2328
4441
3495
2920
3937
3515
481
1299
1943
238
3770
1273
3844
4312
3202
3706
4071
534
3236
428
1759
4210
3595
2760
1342
2179
501
679
1119
1484
2432
213
3874
3797
1091
613
4024
201
2207
3908
3509
1264
600
2829
3993
112
953
2945
2982
467
3078
4107
3025
1568
2703
2881
595
654
4135
3880
3668
3077
2224
2562
2892
1257
1764
636
2483
1624
1095
4395
2020
3701
3728
108
2510
548
1464
3138
3324
2066
2209
4184
992
779
2152
606
1236
1334
1396
4095
3385
2985
2392
4007
4363
3458
896
215
1165
62
1191
3526
1281
2325
1225
787
3293
4236
824
3362
3276
2318
1966
16
3517
2594
3296
2192
2928
472
1556
1230
462
3520
1597
1259
174
3963
1018
4324
1437
2068
4411
495
1711
235
3919
2227
2127
645
3796
1072
719
147
963
1893
4280
4316
3205
2621
4006
182
2801
2946
4336
2015
3994
2282
1271
2289
2295
4498
274
1955
2106
1532
561
3453
3921
4077
3561
3601
2487
4390
320
1286
4114
259
3039
3588
1263
1668
806
1331
2777
4207
3597
604
2720
1010
632
3861
424
521
2951
4028
1562
867
344
3631
293
2242
4182
1001
3954
1580
4384
1430
1470
3545
1033
714
1487
2416
1767
65
3481
2754
1598
1374
2553
1942
2788
1132
2791
3181
4434
1242
1207
3009
2171
3192
365
2473
4379
334
3161
4164
368
2940
3322
3599
702
984
1137
473
130
755
2197
2616
4378
2203
2730
1656
4297
2883
3727
158
964
859
2502
316
379
149
504
2041
2045
2854
852
3176
1071
4320
1915
35
2709
3194
420
1306
2660
2677
2895
1894
1559
1884
269
1190
162
4131
4431
385
3318
1231
3204
792
1216
2673
4341
3112
1867
1795
2296
350
507
3499
3034
4016
3212
849
1153
4350
4097
3357
1158
2284
1141
1984
2698
3925
2694
3591
2997
2539
2832
3095
2093
1486
4335
788
1625
2990
3506
2
12
13
24
25
26
36
37
45
47
50
56
60
61
64
66
68
73
75
79
93
94
98
99
111
114
119
120
121
124
134
135
139
140
143
165
167
171
176
184
189
190
191
200
211
216
217
220
221
225
233
236
237
243
244
246
248
249
250
261
272
281
286
288
289
290
300
302
303
305
307
323
329
330
331
332
335
338
342
343
347
349
356
357
363
364
367
370
371
374
377
381
383
390
391
398
401
402
403
410
415
416
421
423
429
435
440
445
446
448
450
464
465
468
469
470
482
489
492
494
505
513
514
515
519
523
532
537
542
549
552
553
557
562
565
574
576
577
581
588
592
598
605
610
612
615
619
639
640
642
643
646
648
652
658
664
670
672
674
678
684
692
694
707
712
713
735
736
743
745
753
754
761
763
764
768
770
772
781
784
785
790
791
793
795
803
807
810
812
813
815
819
820
822
827
835
842
845
851
854
855
857
858
866
871
872
880
887
891
898
899
908
912
913
918
919
923
924
927
929
939
940
942
954
955
966
971
979
986
988
989
999
1004
1005
1007
1013
1017
1024
1025
1026
1028
1035
1037
1042
1046
1055
1059
1062
1063
1067
1070
1074
1075
1076
1083
1084
1098
1100
1105
1106
1110
1111
1117
1118
1124
1129
1138
1140
1143
1151
1159
1166
1167
1169
1175
1182
1183
1188
1192
1195
1199
1203
1205
1218
1219
1224
1226
1227
1234
1240
1243
1244
1245
1246
1247
1248
1249
1252
1258
1261
1276
1285
1287
1288
1289
1294
1296
1300
1302
1308
1312
1313
1316
1317
1318
1322
1332
1333
1335
1338
1339
1345
1346
1350
1351
1358
1359
1369
1379
1380
1387
1389
1391
1392
1398
1403
1404
1409
1412
1413
1417
1418
1419
1420
1422
1424
1427
1432
1441
1449
1452
1454
1455
1456
1457
1459
1460
1461
1466
1467
1472
1474
1477
1485
1489
1492
1493
1496
1498
1505
1508
1516
1517
1518
1519
1531
1534
1535
1542
1545
1546
1550
1555
1572
1582
1583
1586
1600
1601
1602
1610
1611
1612
1614
1616
1618
1620
1621
1622
1623
1630
1632
1633
1636
1637
1641
1642
1643
1650
1652
1653
1661
1669
1675
1676
1679
1684
1685
1686
1689
1691
1693
1694
1698
1699
1703
1715
1717
1718
1722
1723
1727
1729
1730
1732
1734
1736
1739
1741
1746
1758
1760
1762
1768
1769
1777
1778
1782
1784
1791
1797
1814
1815
1823
1825
1826
1827
1829
1834
1835
1839
1840
1841
1842
1846
1850
1858
1859
1860
1862
1863
1868
1871
1873
1875
1876
1881
1891
1892
1900
1905
1907
1908
1911
1916
1919
1920
1923
1927
1928
1929
1931
1932
1933
1936
1938
1944
1945
1946
1948
1949
1956
1958
1960
1962
1970
1971
1974
1979
1980
1982
1988
1990
1992
1994
1999
2000
2002
2004
2011
2013
2023
2029
2031
2033
2036
2037
2038
2051
2053
2054
2055
2062
2072
2073
2075
2080
2082
2084
2087
2088
2091
2092
2098
2101
2103
2104
2107
2114
2122
2128
2129
2131
2132
2134
2140
2144
2145
2165
2170
2176
2183
2184
2188
2190
2195
2198
2199
2200
2202
2215
2221
2222
2223
2226
2231
2238
2239
2240
2243
2245
2247
2251
2257
2259
2266
2271
2273
2274
2276
2278
2280
2281
2283
2294
2297
2306
2310
2311
2312
2317
2330
2334
2336
2339
2342
2343
2346
2348
2349
2351
2356
2357
2359
2364
2365
2373
2377
2380
2389
2393
2395
2405
2413
2414
2417
2420
2426
2437
2440
2444
2450
2455
2464
2471
2479
2480
2481
2482
2486
2494
2495
2496
2507
2509
2513
2514
2526
2531
2532
2547
2558
2559
2560
2561
2565
2566
2567
2570
2572
2581
2582
2583
2584
2589
2591
2600
2603
2605
2607
2608
2610
2612
2614
2624
2628
2631
2632
2633
2634
2642
2648
2650
2652
2658
2672
2675
2680
2684
2686
2688
2693
2696
2704
2705
2706
2711
2716
2721
2722
2733
2738
2740
2746
2748
2750
2752
2753
2763
2764
2766
2771
2773
2779
2786
2787
2796
2797
2798
2800
2806
2810
2812
2813
2818
2824
2827
2839
2840
2841
2856
2857
2858
2862
2863
2864
2874
2876
2877
2879
2887
2894
2897
2901
2907
2908
2909
2911
2923
2925
2929
2930
2931
2932
2934
2937
2938
2942
2943
2947
2950
2953
2954
2957
2969
2975
2978
2979
3000
3004
3006
3021
3031
3036
3040
3042
3045
3053
3055
3062
3064
3066
3067
3068
3079
3081
3092
3093
3098
3101
3110
3114
3115
3117
3123
3124
3127
3130
3145
3146
3147
3150
3151
3152
3153
3154
3162
3165
3166
3167
3173
3174
3175
3179
3183
3184
3187
3196
3200
3207
3209
3216
3217
3218
3224
3226
3229
3231
3233
3234
3241
3247
3248
3267
3269
3274
3278
3279
3287
3288
3291
3292
3297
3300
3304
3309
3311
3315
3333
3344
3345
3348
3350
3355
3356
3359
3360
3365
3371
3376
3377
3378
3381
3382
3383
3386
3387
3391
3397
3398
3406
3407
3428
3435
3436
3438
3441
3442
3446
3447
3460
3461
3462
3466
3467
3470
3473
3479
3480
3484
3485
3486
3487
3490
3496
3497
3500
3502
3505
3516
3524
3528
3531
3537
3540
3542
3544
3558
3559
3573
3575
3576
3577
3580
3582
3585
3590
3594
3596
3611
3612
3613
3614
3616
3618
3628
3629
3635
3636
3644
3649
3652
3660
3669
3671
3676
3678
3680
3691
3699
3717
3722
3726
3734
3737
3740
3746
3747
3748
3755
3760
3761
3763
3771
3775
3782
3787
3789
3799
3803
3804
3806
3810
3813
3816
3817
3819
3824
3828
3832
3836
3838
3842
3857
3866
3869
3872
3879
3886
3889
3893
3896
3898
3901
3904
3906
3909
3912
3918
3924
3928
3931
3952
3955
3965
3967
3970
3977
3986
3996
4000
4004
4005
4015
4017
4018
4021
4032
4033
4042
4046
4047
4055
4057
4058
4060
4066
4067
4070
4072
4076
4082
4084
4088
4089
4091
4092
4096
4098
4102
4104
4106
4113
4115
4124
4126
4150
4158
4167
4172
4173
4174
4175
4179
4186
4189
4191
4192
4208
4213
4217
4219
4222
4227
4228
4229
4230
4231
4233
4235
4250
4253
4256
4260
4262
4264
4265
4266
4273
4274
4277
4278
4286
4289
4291
4295
4298
4301
4306
4315
4317
4321
4325
4327
4331
4342
4348
4349
4362
4364
4386
4387
4391
4394
4400
4402
4406
4407
4412
4416
4419
4428
4438
4445
4450
4454
4455
4458
4459
4462
4463
4465
4471
4473
4476
4477
4483
4485
4486
4494
4495
4496
4500
4502
4505
4506
4507
4511
4512
4515
4516
