479
239
240
0
2
5
6
8
13
16
17
19
20
22
23
25
27
28
31
33
34
35
36
37
38
43
44
47
49
50
52
54
55
56
57
59
63
64
66
70
71
73
74
77
79
80
85
88
90
91
92
95
96
97
99
101
102
105
106
110
111
113
114
115
121
123
125
127
129
132
134
138
140
144
145
147
149
151
152
153
157
161
162
167
168
170
171
172
173
174
177
178
179
180
181
182
184
185
186
187
189
190
191
193
194
198
199
200
201
202
203
213
215
216
217
218
220
221
223
224
225
229
231
232
237
238
239
240
242
247
249
251
252
253
254
260
261
263
264
265
268
269
270
273
274
277
278
280
289
296
299
300
302
304
305
306
308
309
319
321
323
324
326
327
328
329
331
333
335
337
338
342
344
349
350
351
353
358
359
360
364
366
368
370
380
381
384
385
386
388
390
391
392
393
394
397
398
399
402
405
407
409
410
418
419
420
421
424
427
428
430
432
433
435
441
443
446
449
451
453
454
456
457
458
461
462
463
464
468
470
472
473
475
477
478
481
485
486
489
491
492
494
499
502
505
507
508
511
513
515
516
517
518
519
521
523
524
525
526
529
530
533
534
541
542
543
544
545
548
549
552
554
555
556
557
558
560
563
564
565
566
567
570
571
572
575
576
579
581
582
583
584
585
586
588
589
590
592
595
598
602
604
605
606
607
609
611
613
615
616
618
620
623
627
628
630
632
636
639
645
648
649
651
652
654
658
660
661
665
669
670
672
674
675
676
677
678
680
685
690
691
692
695
696
698
699
700
701
703
704
705
706
708
709
710
712
714
716
717
721
724
725
726
728
732
733
734
737
739
741
742
744
747
751
756
758
759
760
765
767
768
769
772
773
774
775
776
777
778
779
780
783
785
790
791
792
793
795
796
797
800
801
803
804
807
808
809
810
811
812
814
818
821
822
823
826
829
831
832
836
837
839
845
846
847
851
854
856
857
858
860
861
863
864
865
867
868
871
872
873
875
877
879
882
884
890
893
894
896
899
900
902
903
904
905
906
909
910
914
915
918
919
920
922
923
926
927
928
930
932
934
935
936
938
940
942
943
944
946
951
954
957
1
3
4
10
12
14
15
18
26
30
32
41
45
46
48
53
68
75
76
81
82
84
86
87
98
103
107
116
117
119
120
130
135
136
139
142
150
154
158
164
165
183
195
196
197
204
208
209
210
211
212
233
235
236
243
244
246
250
256
257
258
259
275
279
283
284
286
291
292
293
294
295
303
311
312
313
314
316
317
318
325
332
334
336
340
343
345
346
354
365
371
372
374
377
379
383
396
400
404
408
417
425
429
431
434
436
439
440
442
447
448
455
459
460
465
469
471
476
482
487
490
493
497
506
509
510
514
520
527
528
531
540
546
547
550
551
553
559
561
562
568
573
574
577
580
591
593
596
597
600
601
608
617
619
625
626
633
638
640
642
655
657
659
663
664
667
671
673
682
683
684
686
687
689
694
702
707
713
723
729
743
745
748
749
750
752
753
754
757
761
763
764
766
771
781
784
786
787
789
794
798
802
805
806
815
820
828
834
838
840
842
843
849
853
855
859
866
874
876
880
881
885
886
887
892
898
901
907
908
911
917
921
929
933
939
941
947
949
952
7
9
11
21
24
29
39
40
42
51
58
60
61
62
65
67
69
72
78
83
89
93
94
100
104
108
109
112
118
122
124
126
128
131
133
137
141
143
146
148
155
156
159
160
163
166
169
175
176
188
192
205
206
207
214
219
222
226
227
228
230
234
241
245
248
255
262
266
267
271
272
276
281
282
285
287
288
290
297
298
301
307
310
315
320
322
330
339
341
347
348
352
355
356
357
361
362
363
367
369
373
375
376
378
382
387
389
395
401
403
406
411
412
413
414
415
416
422
423
426
437
438
444
445
450
452
466
467
474
479
480
483
484
488
495
496
498
500
501
503
504
512
522
532
535
536
537
538
539
569
578
587
594
599
603
610
612
614
621
622
624
629
631
634
635
637
641
643
644
646
647
650
653
656
662
666
668
679
681
688
693
697
711
715
718
719
720
722
727
730
731
735
736
738
740
746
755
762
770
782
788
799
813
816
817
819
824
825
827
830
833
835
841
844
848
850
852
862
869
870
878
883
888
889
891
895
897
912
913
916
924
925
931
937
945
948
950
953
955
956
