479
239
240
0
1
2
5
6
7
11
13
16
19
22
24
28
29
32
33
34
37
39
40
42
43
44
45
46
47
51
53
55
57
63
64
66
67
73
74
77
80
82
90
91
94
98
102
104
105
106
107
110
112
113
116
121
122
124
126
127
132
136
138
139
142
143
144
145
146
149
150
151
157
162
163
166
167
168
169
170
171
172
173
175
178
179
180
184
190
191
192
193
194
195
197
198
201
205
206
208
209
210
211
213
214
215
218
219
223
225
226
228
229
230
232
233
234
235
237
240
241
243
248
249
250
251
254
255
256
258
260
261
263
268
274
276
277
278
280
283
284
287
288
290
291
293
294
295
297
301
302
303
304
306
309
310
312
313
314
315
317
318
319
320
322
324
326
334
335
338
340
348
350
351
352
355
356
362
363
365
366
372
374
375
377
380
384
385
386
388
389
390
391
393
394
396
397
398
399
400
401
402
403
405
407
408
410
414
415
417
418
419
420
422
425
426
427
428
430
432
434
435
437
439
441
443
445
446
447
448
449
452
454
455
460
462
463
464
466
468
469
472
474
476
478
483
484
485
491
492
493
494
495
496
497
499
500
501
505
510
511
512
513
516
518
519
520
521
523
525
527
528
529
531
533
535
536
538
539
540
543
546
559
560
562
564
568
575
576
577
582
583
586
588
589
590
592
593
594
595
596
597
598
599
600
602
603
606
608
609
611
613
614
616
619
620
623
624
626
629
631
633
635
643
651
653
654
655
657
663
666
667
669
672
673
678
679
680
681
683
686
688
689
691
693
694
695
696
697
698
700
701
702
703
705
707
708
711
713
718
720
721
722
723
725
726
727
728
732
734
736
740
743
744
745
746
748
750
756
758
760
761
763
765
769
770
774
775
776
780
781
784
785
790
791
792
794
797
799
801
802
803
806
807
808
809
810
811
815
817
818
820
821
823
824
826
827
828
829
833
834
836
840
843
846
850
852
853
855
856
857
861
864
865
866
867
868
871
872
873
874
875
879
880
881
882
883
884
885
886
888
889
890
892
893
895
897
898
899
900
903
904
909
910
911
914
917
918
930
932
934
938
939
941
943
944
946
948
949
950
951
956
3
8
10
12
15
17
18
21
23
25
26
30
31
35
36
50
54
56
58
59
60
68
70
71
72
78
81
84
86
88
92
96
97
99
100
101
108
109
114
118
120
129
131
134
140
141
147
152
155
156
158
159
161
174
177
181
182
185
187
188
189
200
202
207
212
216
217
221
227
231
236
238
245
262
264
267
272
273
275
281
282
285
286
296
298
300
307
321
323
327
328
329
330
333
341
342
345
347
349
353
368
369
371
373
379
387
395
409
412
413
416
421
429
431
433
436
440
444
451
453
456
457
470
471
473
475
486
487
489
490
502
503
508
509
514
515
522
524
534
537
541
544
547
549
551
552
553
555
557
561
563
565
569
570
571
573
579
580
585
607
610
615
617
621
625
628
630
634
636
640
641
646
647
652
656
658
659
664
665
668
685
687
692
710
715
717
719
729
731
733
735
738
741
749
752
759
762
764
771
772
773
779
783
786
787
788
795
796
798
814
816
822
832
835
842
845
848
849
854
863
877
878
887
894
901
906
907
908
912
913
922
924
925
926
933
937
942
947
955
4
9
14
20
27
38
41
48
49
52
61
62
65
69
75
76
79
83
85
87
89
93
95
103
111
115
117
119
123
125
128
130
133
135
137
148
153
154
160
164
165
176
183
186
196
199
203
204
220
222
224
239
242
244
246
247
252
253
257
259
265
266
269
270
271
279
289
292
299
305
308
311
316
325
331
332
336
337
339
343
344
346
354
357
358
359
360
361
364
367
370
376
378
381
382
383
392
404
406
411
423
424
438
442
450
458
459
461
465
467
477
479
480
481
482
488
498
504
506
507
517
526
530
532
542
545
548
550
554
556
558
566
567
572
574
578
581
584
587
591
601
604
605
612
618
622
627
632
637
638
639
642
644
645
648
649
650
660
661
662
670
671
674
675
676
677
682
684
690
699
704
706
709
712
714
716
724
730
737
739
742
747
751
753
754
755
757
766
767
768
777
778
782
789
793
800
804
805
812
813
819
825
830
831
837
838
839
841
844
847
851
858
859
860
862
869
870
876
891
896
902
905
915
916
919
920
921
923
927
928
929
931
935
936
940
945
952
953
954
957
