479
239
240
0
1
2
4
9
12
13
14
15
16
18
24
25
26
30
31
36
38
39
40
41
44
47
50
53
54
56
61
62
63
67
69
72
73
74
80
82
85
86
89
90
91
92
93
94
96
99
100
101
105
114
115
116
117
118
119
120
121
124
125
126
129
133
134
141
142
145
147
148
151
152
153
155
164
167
169
170
172
173
174
177
178
179
182
185
188
189
193
196
199
200
203
205
209
210
211
212
217
218
219
220
221
225
226
227
228
229
231
232
234
238
241
246
249
250
251
253
256
261
262
263
266
267
268
276
278
281
282
283
284
286
288
289
290
291
292
293
294
295
298
300
301
303
304
305
308
311
312
316
317
318
320
321
327
330
331
332
334
335
336
337
344
353
354
357
358
361
362
363
366
367
368
369
370
371
372
375
376
378
380
382
385
386
390
393
394
395
396
405
407
409
410
411
415
418
420
421
424
427
429
430
432
435
439
440
441
443
445
446
447
448
453
456
458
459
461
462
463
464
465
467
471
472
474
476
478
479
480
482
483
490
492
494
495
496
497
498
500
506
507
509
511
512
514
516
517
521
522
523
525
528
529
531
532
533
534
537
542
545
547
550
555
557
558
560
561
563
564
565
566
567
568
569
571
573
579
581
582
585
586
587
593
594
595
597
598
601
603
606
607
608
609
611
612
613
614
618
619
621
626
627
629
631
632
637
638
639
640
645
647
648
650
651
652
653
654
657
658
660
664
665
666
667
668
669
674
675
676
679
681
682
683
686
687
689
690
693
694
695
696
700
703
704
705
706
707
708
710
712
713
714
715
718
721
722
723
725
727
728
730
731
732
734
737
738
739
742
744
747
749
750
751
754
755
757
758
760
762
763
765
768
769
773
775
776
779
783
784
786
789
790
791
792
793
794
796
797
799
800
802
809
813
817
818
819
820
821
823
825
826
827
828
829
830
835
836
837
838
839
843
844
845
846
847
849
850
851
858
859
860
861
864
867
871
872
875
876
879
880
882
883
885
888
890
891
893
895
898
899
900
901
902
911
912
917
918
919
920
922
928
929
932
936
938
940
941
942
943
944
945
946
947
951
952
953
954
955
956
957
7
10
17
23
27
28
29
32
33
37
42
52
58
59
66
68
70
76
79
83
84
88
95
98
103
104
106
108
109
112
122
127
128
131
135
138
139
140
143
146
150
156
159
161
162
163
168
171
175
180
183
184
187
191
192
194
195
197
198
206
213
215
222
224
230
239
240
242
243
245
248
252
255
257
258
259
264
265
271
272
273
275
296
306
307
310
313
315
326
329
338
339
341
342
345
349
355
360
365
373
374
377
379
383
389
397
399
401
402
403
404
406
413
414
419
423
428
431
436
438
444
450
454
460
466
468
469
470
473
488
491
499
502
503
504
505
515
524
527
535
548
552
554
556
562
574
575
578
583
589
590
596
599
602
604
605
610
615
616
623
624
625
633
636
641
649
655
661
663
671
672
673
677
680
684
692
697
701
702
711
720
724
733
736
756
759
767
770
774
778
782
787
788
801
803
804
805
806
810
811
812
815
816
822
824
831
832
834
840
852
853
855
856
857
863
865
868
869
870
873
877
878
881
884
887
889
894
897
904
905
906
907
908
909
913
923
927
935
948
3
5
6
8
11
19
20
21
22
34
35
43
45
46
48
49
51
55
57
60
64
65
71
75
77
78
81
87
97
102
107
110
111
113
123
130
132
136
137
144
149
154
157
158
160
165
166
176
181
186
190
201
202
204
207
208
214
216
223
233
235
236
237
244
247
254
260
269
270
274
277
279
280
285
287
297
299
302
309
314
319
322
323
324
325
328
333
340
343
346
347
348
350
351
352
356
359
364
381
384
387
388
391
392
398
400
408
412
416
417
422
425
426
433
434
437
442
449
451
452
455
457
475
477
481
484
485
486
487
489
493
501
508
510
513
518
519
520
526
530
536
538
539
540
541
543
544
546
549
551
553
559
570
572
576
577
580
584
588
591
592
600
617
620
622
628
630
634
635
642
643
644
646
656
659
662
670
678
685
688
691
698
699
709
716
717
719
726
729
735
740
741
743
745
746
748
752
753
761
764
766
771
772
777
780
781
785
795
798
807
808
814
833
841
842
848
854
862
866
874
886
892
896
903
910
914
915
916
921
924
925
926
930
931
933
934
937
939
949
950
