479
239
240
0
3
4
6
7
10
12
13
15
16
17
20
21
22
26
29
33
35
38
39
44
45
46
48
49
51
52
54
56
59
61
63
64
66
68
69
71
73
74
76
78
81
83
88
89
90
92
93
96
100
102
104
105
106
107
108
109
112
114
116
118
120
124
125
126
127
132
133
134
135
136
137
146
153
155
156
157
159
160
161
162
163
164
165
167
168
170
171
172
173
176
178
179
185
186
187
188
189
190
191
194
195
198
199
205
206
208
210
211
213
217
218
219
220
221
222
223
224
225
229
232
233
235
237
238
241
242
243
245
246
250
254
258
259
263
268
276
281
282
284
285
289
290
293
297
300
301
302
303
309
313
315
318
322
325
327
329
330
333
334
336
339
340
341
342
343
344
345
346
347
348
353
354
355
357
360
361
362
364
365
367
369
374
375
376
380
382
384
390
391
392
393
394
397
400
401
403
404
405
406
407
409
412
414
417
418
419
420
426
427
428
429
432
433
435
437
439
441
443
446
447
449
453
454
455
456
457
462
463
465
466
467
468
470
471
473
475
476
479
480
481
482
485
487
489
490
492
495
497
498
499
500
502
504
506
508
509
511
513
514
517
518
520
521
524
526
530
532
533
534
535
536
538
539
540
541
542
545
547
553
556
561
563
568
569
570
571
573
575
576
577
578
579
580
582
584
586
587
590
592
593
597
603
605
608
613
615
620
622
623
624
626
627
628
630
632
635
636
640
641
642
643
645
646
647
648
649
650
652
653
655
658
661
663
664
665
666
668
670
671
672
674
678
681
687
688
689
693
698
700
702
703
710
711
712
713
715
717
718
722
724
729
730
731
732
733
736
737
740
743
744
747
750
752
758
759
760
765
766
772
773
775
776
780
781
784
786
787
788
789
794
795
796
799
801
805
808
810
811
812
813
818
819
821
822
823
824
826
828
830
832
833
836
838
840
841
842
843
844
851
852
853
855
856
861
862
863
864
865
867
869
872
873
876
877
880
883
884
885
887
888
891
892
895
896
898
899
904
906
908
909
911
912
913
914
915
917
918
922
925
926
927
928
929
930
931
932
933
935
936
937
939
942
943
945
947
953
956
957
9
11
19
23
24
25
28
32
36
41
42
43
47
53
57
58
67
70
72
80
82
84
86
87
91
94
95
98
99
110
111
115
117
119
121
123
128
129
130
131
138
139
143
147
148
149
151
152
166
169
174
177
180
182
183
184
192
197
201
203
207
209
212
216
226
227
228
234
244
248
256
257
260
265
269
273
274
275
277
280
286
287
288
291
292
296
305
307
314
321
323
324
326
328
335
349
359
368
370
371
373
377
381
383
387
388
396
398
410
411
421
423
430
431
438
442
444
445
448
450
459
461
464
469
472
486
488
507
510
512
515
525
528
537
543
544
550
551
552
554
555
559
560
562
565
574
581
589
591
594
595
598
599
600
606
607
610
611
616
617
621
629
633
637
639
659
660
673
675
677
684
690
694
696
697
699
701
705
707
709
714
716
719
723
726
727
734
735
739
749
754
755
756
763
767
769
770
774
777
778
779
782
790
791
797
802
803
804
806
807
814
816
831
834
835
837
845
846
847
849
850
860
870
878
882
890
893
894
901
905
907
910
916
920
923
924
934
938
941
1
2
5
8
14
18
27
30
31
34
37
40
50
55
60
62
65
75
77
79
85
97
101
103
113
122
140
141
142
144
145
150
154
158
175
181
193
196
200
202
204
214
215
230
231
236
239
240
247
249
251
252
253
255
261
262
264
266
267
270
271
272
278
279
283
294
295
298
299
304
306
308
310
311
312
316
317
319
320
331
332
337
338
350
351
352
356
358
363
366
372
378
379
385
386
389
395
399
402
408
413
415
416
422
424
425
434
436
440
451
452
458
460
474
477
478
483
484
491
493
494
496
501
503
505
516
519
522
523
527
529
531
546
548
549
557
558
564
566
567
572
583
585
588
596
601
602
604
609
612
614
618
619
625
631
634
638
644
651
654
656
657
662
667
669
676
679
680
682
683
685
686
691
692
695
704
706
708
720
721
725
728
738
741
742
745
746
748
751
753
757
761
762
764
768
771
783
785
792
793
798
800
809
815
817
820
825
827
829
839
848
854
857
858
859
866
868
871
874
875
879
881
886
889
897
900
902
903
919
921
940
944
946
948
949
950
951
952
954
955
