479
239
240
3
6
9
11
13
18
21
26
27
28
29
30
32
34
36
39
40
41
42
45
46
50
51
53
54
55
58
60
64
66
67
68
71
73
74
76
78
79
81
85
87
88
91
93
95
99
100
102
103
104
107
108
109
110
116
120
122
124
126
127
128
132
136
140
142
145
146
151
152
154
155
156
161
163
164
165
167
169
171
172
173
174
176
177
179
180
181
184
185
186
190
191
192
193
194
195
197
202
208
209
210
212
213
215
218
219
221
222
223
224
226
228
230
231
232
234
235
237
239
240
241
247
248
249
251
253
256
258
260
263
264
265
268
269
273
277
278
282
283
284
285
288
291
293
294
295
296
297
298
301
306
309
313
317
319
320
321
322
325
327
330
331
332
334
335
338
340
341
348
349
350
352
353
354
355
358
359
360
361
362
370
371
373
375
376
379
382
387
388
389
392
395
397
398
399
403
404
405
407
408
410
413
415
418
420
421
422
425
427
428
429
432
433
434
436
437
439
440
441
448
449
451
452
458
459
460
462
463
465
466
467
468
469
471
472
474
475
476
478
482
483
485
486
488
492
493
495
496
497
498
499
500
501
502
503
504
505
507
508
509
510
511
513
514
515
519
521
522
523
524
525
526
527
530
531
533
535
537
538
539
542
545
547
548
556
558
560
561
563
565
567
569
572
573
575
576
578
580
582
583
586
587
589
590
591
592
593
596
597
598
599
600
602
603
605
607
608
609
610
613
618
620
621
624
628
629
631
632
637
639
641
642
643
645
646
647
653
655
656
657
663
666
669
674
675
676
678
679
680
682
685
695
696
697
700
702
703
705
706
707
709
710
711
712
714
718
719
723
726
727
729
730
731
732
734
736
742
744
749
750
751
752
753
762
764
766
769
770
771
776
779
781
783
785
787
789
790
791
794
799
800
802
803
804
805
807
808
811
812
813
814
815
816
817
819
821
822
823
824
827
828
830
835
836
838
839
840
841
842
843
845
847
848
849
850
851
857
858
859
864
867
872
873
874
875
877
880
882
883
887
888
891
892
893
896
898
899
900
905
907
911
913
914
918
919
920
921
922
925
927
932
936
942
947
950
952
953
954
956
0
1
2
15
16
17
19
20
24
31
33
44
57
61
69
70
75
77
80
90
97
98
105
112
113
114
115
118
121
125
130
131
133
134
137
138
139
143
144
148
149
159
162
166
170
183
187
196
198
200
201
204
205
206
207
211
220
225
227
242
243
245
250
257
259
262
266
267
270
275
281
287
290
292
302
305
312
314
323
324
329
333
336
343
346
347
351
356
364
365
367
374
380
381
383
385
386
390
391
393
400
402
409
414
416
417
419
423
424
431
443
446
447
450
453
455
457
464
470
473
477
487
489
490
494
506
512
516
517
520
534
536
540
541
546
549
551
552
553
554
559
566
568
570
571
574
585
601
606
611
614
615
619
622
623
625
627
630
633
636
638
648
650
652
660
664
665
668
670
672
673
677
683
684
686
688
692
698
699
704
716
720
721
722
735
737
739
745
754
755
756
757
772
775
780
784
786
788
793
798
806
818
825
826
831
832
833
846
852
853
855
862
863
865
870
881
884
885
889
894
901
906
909
910
912
926
931
933
935
937
938
939
940
944
948
949
951
955
957
4
5
7
8
10
12
14
22
23
25
35
37
38
43
47
48
49
52
56
59
62
63
65
72
82
83
84
86
89
92
94
96
101
106
111
117
119
123
129
135
141
147
150
153
157
158
160
168
175
178
182
188
189
199
203
214
216
217
229
233
236
238
244
246
252
254
255
261
271
272
274
276
279
280
286
289
299
300
303
304
307
308
310
311
315
316
318
326
328
337
339
342
344
345
357
363
366
368
369
372
377
378
384
394
396
401
406
411
412
426
430
435
438
442
444
445
454
456
461
479
480
481
484
491
518
528
529
532
543
544
550
555
557
562
564
577
579
581
584
588
594
595
604
612
616
617
626
634
635
640
644
649
651
654
658
659
661
662
667
671
681
687
689
690
691
693
694
701
708
713
715
717
724
725
728
733
738
740
741
743
746
747
748
758
759
760
761
763
765
767
768
773
774
777
778
782
792
795
796
797
801
809
810
820
829
834
837
844
854
856
860
861
866
868
869
871
876
878
879
886
890
895
897
902
903
904
908
915
916
917
923
924
928
929
930
934
941
943
945
946
