84
42
43
0
13
15
18
19
24
25
26
28
30
31
32
35
36
37
39
40
41
43
45
49
50
51
52
54
56
59
60
62
63
65
69
72
76
77
78
79
81
82
83
84
86
87
88
89
96
98
99
101
107
108
110
111
112
115
116
119
122
125
126
127
128
130
134
135
136
138
141
142
144
146
149
150
151
152
153
154
155
156
157
158
160
164
166
3
6
10
11
12
16
17
20
21
22
23
27
29
46
48
57
58
67
70
71
73
74
92
95
97
100
103
105
113
114
118
124
129
131
133
139
143
147
148
162
163
165
1
2
4
5
7
8
9
14
33
34
38
42
44
47
53
55
61
64
66
68
75
80
85
90
91
93
94
102
104
106
109
117
120
121
123
132
137
140
145
159
161
167
168
