84
42
43
1
2
3
5
8
9
10
11
12
13
15
17
18
20
22
23
28
31
33
34
35
36
39
40
41
43
44
47
48
49
50
53
55
59
61
64
67
68
70
71
72
73
74
76
77
80
81
82
86
87
88
90
91
92
98
99
104
105
106
108
109
111
114
118
121
122
132
135
136
138
139
140
142
144
146
149
150
151
156
161
162
166
167
168
0
4
6
7
14
16
19
24
25
30
37
38
42
46
56
57
58
62
63
69
94
95
97
102
103
107
110
113
115
124
125
126
129
131
133
134
143
158
159
160
164
165
21
26
27
29
32
45
51
52
54
60
65
66
75
78
79
83
84
85
89
93
96
100
101
112
116
117
119
120
123
127
128
130
137
141
145
147
148
152
153
154
155
157
163
