84
42
43
0
1
2
3
6
10
11
12
13
14
15
16
18
20
22
23
27
30
35
40
41
42
43
46
48
49
50
52
57
59
62
64
65
66
68
69
71
75
76
78
80
83
84
85
90
91
92
93
95
98
102
104
105
109
110
111
112
113
116
118
119
120
121
124
125
126
129
131
132
134
136
137
144
145
147
154
155
157
160
162
163
165
166
168
4
9
17
21
25
28
29
31
32
34
36
38
39
47
53
58
67
70
72
77
79
81
82
87
88
99
103
114
115
117
127
128
133
140
141
142
146
148
149
159
161
164
5
7
8
19
24
26
33
37
44
45
51
54
55
56
60
61
63
73
74
86
89
94
96
97
100
101
106
107
108
122
123
130
135
138
139
143
150
151
152
153
156
158
167
