84
42
43
1
5
6
7
10
12
14
17
18
19
21
22
26
29
30
31
37
38
43
46
47
48
50
51
52
55
58
59
61
62
63
64
65
67
68
69
70
73
77
78
81
82
83
86
90
92
93
96
97
98
99
101
103
105
110
112
113
114
115
116
117
120
123
128
129
131
132
133
134
135
136
137
138
139
140
142
147
148
149
152
153
160
165
166
2
3
9
15
20
23
27
28
32
33
36
40
42
44
54
56
57
66
72
76
79
84
89
95
100
102
106
109
118
121
141
143
145
146
150
151
154
156
163
164
167
168
0
4
8
11
13
16
24
25
34
35
39
41
45
49
53
60
71
74
75
80
85
87
88
91
94
104
107
108
111
119
122
124
125
126
127
130
144
155
157
158
159
161
162
