84
42
43
0
1
4
5
7
8
10
12
15
16
18
20
21
22
24
28
33
35
36
41
42
43
44
45
46
49
52
55
56
59
61
62
64
66
67
68
70
71
72
74
78
79
82
83
85
86
90
91
92
93
95
98
99
100
102
104
105
108
110
111
114
117
119
122
125
131
134
137
140
141
142
144
145
147
148
150
151
153
157
159
160
162
167
168
2
3
13
14
19
23
26
30
34
37
38
47
50
53
60
69
75
76
80
81
84
87
89
96
107
112
113
115
116
118
120
124
127
128
138
139
143
152
154
158
164
165
6
9
11
17
25
27
29
31
32
39
40
48
51
54
57
58
63
65
73
77
88
94
97
101
103
106
109
121
123
126
129
130
132
133
135
136
146
149
155
156
161
163
166
