312
156
157
4
116
121
272
555
565
217
218
44
221
56
150
539
242
489
311
306
471
535
28
599
605
540
302
133
423
439
253
493
488
18
102
60
390
557
284
220
136
22
622
512
379
349
201
371
100
222
472
329
517
183
275
394
420
259
492
227
99
257
16
69
527
603
13
434
559
347
556
554
106
291
292
153
350
515
95
274
309
588
366
487
525
164
522
382
239
53
505
372
462
567
7
119
398
575
326
441
608
207
82
81
65
519
98
428
208
47
528
533
280
445
38
553
87
336
46
418
9
332
422
316
322
419
128
360
226
454
0
534
26
89
246
450
469
254
123
377
494
113
411
521
20
94
470
214
91
401
228
460
71
267
549
596
58
198
583
513
148
149
223
453
124
524
503
406
358
611
88
616
376
330
192
431
324
352
328
561
67
107
230
304
25
602
243
23
378
333
262
232
610
19
184
105
269
61
520
159
51
307
404
529
473
30
154
480
614
337
612
504
357
571
617
293
251
147
536
497
40
84
341
140
219
449
43
282
231
391
502
435
590
478
485
160
179
73
63
448
137
197
27
353
285
367
143
138
331
325
523
131
600
300
456
298
237
289
619
373
11
510
152
574
579
79
552
501
212
112
538
273
215
303
581
551
374
244
161
344
444
114
319
518
543
180
32
430
461
83
33
5
381
604
296
399
433
387
277
475
80
624
507
589
108
451
54
413
388
186
166
537
563
188
39
256
42
531
508
146
486
468
340
177
490
276
295
204
288
70
424
225
117
481
199
568
125
130
74
592
496
392
491
110
238
151
416
158
558
407
438
591
365
446
587
260
421
364
156
216
135
109
327
29
86
544
290
171
305
72
129
24
145
354
68
400
287
346
584
104
323
36
598
477
2
168
191
459
369
594
397
314
550
359
248
141
432
546
393
270
621
606
167
264
476
255
384
176
317
57
134
530
126
175
115
111
120
3
410
564
585
498
35
338
59
442
76
601
241
258
93
440
342
426
169
41
297
586
163
368
396
447
464
310
370
443
174
182
607
532
383
570
195
265
139
236
321
389
203
458
234
281
185
345
209
573
189
482
335
286
181
1
6
8
10
12
14
15
17
21
31
34
37
45
48
49
50
52
55
62
64
66
75
77
78
85
90
92
96
97
101
103
118
122
127
132
142
144
155
157
162
165
170
172
173
178
187
190
193
194
196
200
202
205
206
210
211
213
224
229
233
235
240
245
247
249
250
252
261
263
266
268
271
278
279
283
294
299
301
308
312
313
315
318
320
334
339
343
348
351
355
356
361
362
363
375
380
385
386
395
402
403
405
408
409
412
414
415
417
425
427
429
436
437
452
455
457
463
465
466
467
474
479
483
484
495
499
500
506
509
511
514
516
526
541
542
545
547
548
560
562
566
569
572
576
577
578
580
582
593
595
597
609
613
615
618
620
623
