312
156
157
314
202
324
251
563
583
84
7
470
99
435
158
377
392
386
398
236
400
515
209
458
231
272
181
527
190
15
382
299
405
177
288
576
574
337
533
412
448
614
396
287
476
255
141
67
568
250
222
53
514
189
32
52
605
200
427
569
393
595
46
54
44
27
276
5
543
206
103
17
422
507
578
493
453
446
194
119
129
174
39
524
473
105
579
316
37
587
30
150
573
19
117
590
43
549
247
407
420
188
395
442
481
98
556
254
300
379
364
391
557
104
223
456
349
227
433
353
434
182
491
274
215
459
217
503
333
102
78
343
482
208
108
101
296
598
106
253
537
143
322
261
451
29
305
399
50
369
13
356
298
571
374
283
4
462
164
411
97
56
58
495
262
195
47
321
509
157
68
186
361
281
235
59
61
467
33
613
546
109
501
532
319
474
93
116
286
384
139
341
218
575
207
77
132
611
113
385
187
580
100
31
365
387
340
257
204
466
500
83
221
151
604
623
508
428
294
529
619
86
248
79
570
124
175
534
154
521
616
429
36
438
282
454
413
368
34
485
327
275
468
367
332
445
176
249
597
270
155
380
591
73
304
211
210
11
6
180
71
516
621
260
452
457
375
308
430
419
409
548
245
18
567
230
147
242
229
35
297
152
490
617
285
477
480
622
443
362
313
418
22
258
120
271
593
344
450
354
610
320
137
45
510
263
170
519
431
345
192
237
64
306
149
3
329
228
91
390
541
280
256
499
342
60
317
582
21
416
471
357
26
323
118
8
74
551
284
111
163
572
554
612
267
540
352
599
63
239
517
334
25
273
504
401
161
417
88
577
397
307
168
114
136
423
589
121
293
421
440
383
488
92
140
10
264
70
373
138
394
233
310
436
363
156
424
185
252
72
96
547
23
415
449
370
350
406
528
498
171
581
408
425
131
410
609
426
439
303
127
216
330
371
2
506
85
318
520
0
66
291
560
42
315
198
348
311
169
205
302
238
460
232
511
135
336
51
588
487
259
585
522
553
134
41
444
295
523
618
184
12
144
331
81
347
535
212
326
486
596
600
489
162
80
475
328
159
355
539
558
1
9
14
16
20
24
28
38
40
48
49
55
57
62
65
69
75
76
82
87
89
90
94
95
107
110
112
115
122
123
125
126
128
130
133
142
145
146
148
153
160
165
166
167
172
173
178
179
183
191
193
196
197
199
201
203
213
214
219
220
224
225
226
234
240
241
243
244
246
265
266
268
269
277
278
279
289
290
292
301
309
312
325
335
338
339
346
351
358
359
360
366
372
376
378
381
388
389
402
403
404
414
432
437
441
447
455
461
463
464
465
469
472
478
479
483
484
492
494
496
497
502
505
512
513
518
525
526
530
531
536
538
542
544
545
550
552
555
559
561
562
564
565
566
584
586
592
594
601
602
603
606
607
608
615
620
624
