312
156
157
477
623
496
198
284
545
113
385
377
208
82
306
402
96
407
148
423
589
131
491
391
532
335
278
99
189
452
246
169
392
94
270
160
506
137
403
527
615
414
305
365
273
165
557
411
310
425
530
434
605
583
579
244
424
271
27
419
248
88
543
587
322
315
331
13
9
23
202
108
500
442
118
258
471
551
233
76
528
622
428
573
197
510
490
35
129
427
149
617
157
611
249
523
297
416
215
553
193
581
156
518
341
386
259
53
355
585
132
313
517
97
281
542
124
610
201
227
404
159
111
507
326
593
255
241
102
443
467
150
272
457
513
599
594
143
187
179
10
603
264
586
32
260
162
296
106
406
276
379
163
256
482
309
206
544
37
387
177
374
30
174
360
39
300
549
70
239
342
399
182
196
1
512
348
459
480
250
203
317
606
537
180
40
454
418
229
257
340
487
285
223
458
22
154
620
262
444
282
47
339
468
290
469
242
560
597
230
388
352
577
405
293
396
191
338
146
224
211
295
221
397
344
222
141
548
78
95
393
470
618
294
332
372
461
135
93
86
584
2
62
66
401
417
590
161
204
171
369
588
502
109
380
243
555
346
103
316
122
349
231
89
531
185
616
184
558
473
170
497
164
50
228
415
474
421
485
564
514
114
569
354
456
614
183
275
378
238
450
64
153
449
29
277
121
476
398
192
252
426
455
119
409
19
4
600
356
263
488
107
509
304
58
382
559
439
329
155
46
433
394
515
572
195
213
475
69
357
209
5
11
568
308
463
265
595
582
240
247
596
481
84
436
494
12
466
68
412
87
567
26
566
525
312
529
24
319
232
465
98
133
235
578
460
80
181
307
598
437
574
36
268
440
601
486
83
245
478
325
117
142
17
375
320
138
112
33
128
45
127
504
492
139
540
147
613
576
539
205
447
194
289
499
445
345
25
383
56
269
178
116
140
168
462
283
384
7
565
59
73
373
85
519
55
101
535
42
311
612
44
343
438
77
105
358
63
314
274
52
550
464
446
72
591
408
619
79
212
353
120
0
389
190
123
167
28
413
175
431
16
38
521
520
370
286
534
217
200
104
3
6
8
14
15
18
20
21
31
34
41
43
48
49
51
54
57
60
61
65
67
71
74
75
81
90
91
92
100
110
115
125
126
130
134
136
144
145
151
152
158
166
172
173
176
186
188
199
207
210
214
216
218
219
220
225
226
234
236
237
251
253
254
261
266
267
279
280
287
288
291
292
298
299
301
302
303
318
321
323
324
327
328
330
333
334
336
337
347
350
351
359
361
362
363
364
366
367
368
371
376
381
390
395
400
410
420
422
429
430
432
435
441
448
451
453
472
479
483
484
489
493
495
498
501
503
505
508
511
516
522
524
526
533
536
538
541
546
547
552
554
556
561
562
563
570
571
575
580
592
602
604
607
608
609
621
624
