312
156
157
377
203
214
485
456
513
201
109
1
241
429
86
451
295
490
144
105
615
274
107
90
365
408
406
332
162
483
41
138
555
410
506
289
250
593
9
344
599
605
93
502
373
424
540
2
176
42
222
582
442
573
466
223
467
69
197
360
444
460
351
328
608
247
508
305
198
529
481
535
57
44
252
77
278
311
169
205
17
187
263
549
393
47
548
46
347
95
574
8
243
306
583
556
307
358
588
124
334
239
531
536
213
276
322
388
348
112
180
487
219
26
133
158
607
319
420
43
234
374
188
61
572
142
192
343
336
489
12
434
200
550
14
279
614
60
463
516
231
115
445
240
149
337
329
364
622
257
486
141
564
313
591
303
256
566
465
316
172
446
411
464
612
179
356
391
0
23
127
120
99
101
76
11
383
102
242
349
189
293
525
209
596
449
143
290
130
557
576
569
610
563
170
354
503
545
87
544
440
474
575
421
173
570
342
450
403
255
191
25
527
195
302
118
211
448
367
462
543
326
137
387
126
542
163
494
54
36
208
308
139
623
16
39
4
74
174
477
385
510
266
425
416
335
381
370
194
103
184
609
419
581
237
611
568
71
292
350
85
620
323
154
98
514
537
606
267
296
618
423
443
414
528
24
113
590
551
29
567
294
476
577
225
18
369
473
207
121
534
230
624
452
459
22
338
386
346
304
324
270
249
398
285
400
523
392
258
382
438
314
284
171
412
524
571
7
375
68
601
75
100
457
227
378
66
521
327
478
333
228
379
441
232
286
152
53
259
297
560
183
131
32
299
589
578
70
13
28
166
595
226
518
185
157
435
504
260
15
554
119
156
281
30
401
104
541
5
341
471
431
245
204
277
235
264
380
224
67
331
390
496
31
83
585
159
136
196
56
520
359
321
312
371
357
617
168
262
505
212
507
19
301
148
453
397
330
616
309
594
80
613
592
469
125
417
114
21
402
552
20
600
287
325
598
34
182
206
251
455
161
509
495
447
553
64
116
437
468
409
129
6
436
538
275
215
562
317
134
497
88
84
254
268
418
220
315
106
512
405
97
484
399
426
288
33
89
221
361
91
3
10
27
35
37
38
40
45
48
49
50
51
52
55
58
59
62
63
65
72
73
78
79
81
82
92
94
96
108
110
111
117
122
123
128
132
135
140
145
146
147
150
151
153
155
160
164
165
167
175
177
178
181
186
190
193
199
202
210
216
217
218
229
233
236
238
244
246
248
253
261
265
269
271
272
273
280
282
283
291
298
300
310
318
320
339
340
345
352
353
355
362
363
366
368
372
376
384
389
394
395
396
404
407
413
415
422
427
428
430
432
433
439
454
458
461
470
472
475
479
480
482
488
491
492
493
498
499
500
501
511
515
517
519
522
526
530
532
533
539
546
547
558
559
561
565
579
580
584
586
587
597
602
603
604
619
621
