312
156
157
164
271
332
260
540
432
218
621
213
55
537
292
407
43
252
597
219
544
299
371
478
480
381
501
158
569
74
116
94
165
566
340
33
575
5
114
570
201
223
283
135
395
391
200
460
518
1
409
279
208
155
342
210
471
467
581
338
282
175
496
538
237
48
262
412
451
119
530
346
106
442
377
587
490
23
425
41
233
422
235
39
497
32
431
130
161
277
524
623
257
417
298
93
584
401
411
436
101
521
372
276
525
118
541
536
264
251
79
341
513
25
102
428
310
380
217
314
267
12
14
256
286
138
572
16
82
26
45
523
589
115
468
84
506
447
272
404
122
599
558
303
455
492
162
153
598
549
234
528
54
288
27
461
582
225
334
348
30
583
405
37
606
365
321
601
499
343
585
390
52
434
205
174
608
522
4
620
38
268
197
202
216
227
204
354
564
97
351
317
453
394
325
36
508
312
358
134
565
441
553
462
212
10
177
90
125
9
615
308
215
494
543
311
168
273
188
594
307
145
281
618
590
559
31
456
487
532
328
0
198
393
150
363
238
220
349
172
612
184
476
290
99
567
245
76
397
24
129
360
562
435
190
520
514
18
344
117
464
385
403
232
379
366
465
136
337
433
51
345
596
137
624
413
350
224
504
591
470
426
333
616
259
192
19
368
186
183
178
154
617
258
98
247
331
383
46
531
243
592
517
603
373
60
400
327
419
193
330
491
250
416
546
614
539
610
410
275
510
56
362
209
318
143
459
157
588
500
182
296
132
269
44
611
80
236
120
387
515
139
53
152
309
284
108
481
87
63
486
573
123
142
542
446
423
285
448
278
196
75
533
502
375
110
147
72
593
50
85
47
104
67
140
396
22
577
96
488
484
440
576
414
489
389
127
71
203
406
378
443
619
493
88
439
42
280
392
535
336
548
68
293
28
477
179
294
15
144
13
17
141
3
244
249
109
563
180
469
527
83
402
475
105
408
103
498
324
246
35
222
382
429
427
191
306
6
454
81
534
199
482
65
316
313
578
374
295
89
370
574
7
291
602
415
420
386
352
194
302
49
604
211
195
107
151
8
511
86
2
11
20
21
29
34
40
57
58
59
61
62
64
66
69
70
73
77
78
91
92
95
100
111
112
113
121
124
126
128
131
133
146
148
149
156
159
160
163
166
167
169
170
171
173
176
181
185
187
189
206
207
214
221
226
228
229
230
231
239
240
241
242
248
253
254
255
261
263
265
266
270
274
287
289
297
300
301
304
305
315
319
320
322
323
326
329
335
339
347
353
355
356
357
359
361
364
367
369
376
384
388
398
399
418
421
424
430
437
438
444
445
449
450
452
457
458
463
466
472
473
474
479
483
485
495
503
505
507
509
512
516
519
526
529
545
547
550
551
552
554
555
556
557
560
561
568
571
579
580
586
595
600
605
607
609
613
622
