899
448
450
429
724
818
576
653
688
1786
1398
105
470
635
980
93
322
738
711
677
1362
620
227
458
135
1016
1059
847
545
1559
903
1755
1018
1495
535
371
863
491
37
503
1382
892
463
1537
1706
1292
1416
646
1763
1371
1089
365
777
1311
357
803
1456
1590
970
1525
559
1044
608
128
1007
1538
752
268
981
624
1580
183
393
957
1639
1529
1518
615
1531
1151
760
1566
1344
978
417
318
138
823
323
1269
927
176
565
1681
1215
333
1720
206
749
1424
1547
172
70
968
552
220
29
631
1231
478
79
282
1205
736
1575
1077
1080
161
1659
730
1224
939
740
774
636
665
137
43
1085
290
403
674
821
919
1001
1742
1221
421
32
1384
18
1054
258
965
1156
1091
1714
494
477
990
263
54
1732
541
1288
1647
1324
680
905
1208
1545
1636
127
1140
1527
1425
273
956
1460
987
283
709
976
471
353
1411
448
1240
317
1390
202
189
383
1182
617
57
360
895
310
156
358
162
1568
122
361
1242
412
390
1173
445
1169
1507
825
1782
239
1376
1488
1662
1478
1764
498
768
992
1420
1303
1410
718
815
1593
6
216
1588
859
20
1248
915
861
1482
226
696
1145
1212
591
1114
1093
1330
1466
562
173
910
1170
1630
1075
428
1522
1313
513
1019
731
144
867
1541
1583
228
1350
1666
1051
414
811
982
877
56
58
1197
61
1577
874
1183
415
606
281
1463
25
725
1160
1229
1413
673
1193
1534
1298
1249
1049
78
131
1766
69
1509
1582
1470
1103
783
1703
1774
1750
949
879
178
1031
634
583
1462
995
1595
1336
1030
1084
76
1396
1551
212
1198
1237
1315
1520
1499
210
515
345
387
1487
1033
1319
217
1550
582
1333
1341
1668
745
706
460
1715
117
446
1508
416
1264
1063
1310
1233
660
155
699
658
553
773
1009
311
1479
1471
516
31
1095
1175
972
1773
374
1195
474
289
806
942
833
810
409
1062
726
587
1792
1781
146
1402
1485
1585
1637
1284
190
169
772
1589
1318
237
164
962
941
1760
953
1791
771
1744
1784
1127
1094
546
62
1628
1152
1179
1418
485
1329
538
1343
1100
1412
1612
103
1327
935
431
1129
22
166
925
834
1065
253
1569
1604
517
233
437
1210
781
1617
1682
735
170
257
681
1576
1691
141
1430
1386
897
441
302
704
442
727
492
65
74
1268
487
1312
595
1767
794
1013
1779
1015
401
1104
916
1078
881
1660
1276
1326
764
802
1475
42
293
1014
648
1657
979
1188
1369
1352
462
1124
785
1523
1540
1674
1050
340
657
1607
717
8
678
1079
419
561
199
1777
880
1067
603
597
1680
1524
284
1072
844
1251
4
350
1000
1331
975
1683
693
627
797
240
1665
1043
858
1409
891
1481
960
765
887
444
466
443
907
1713
1489
59
1222
96
1214
1599
894
1443
767
780
1574
1707
1340
854
838
649
1108
288
1158
1700
1295
194
804
901
1450
1655
430
397
862
1142
1490
1573
196
893
1461
669
308
1477
116
1137
167
133
376
1282
1017
1262
955
259
747
1366
1381
177
1644
362
758
1395
221
126
450
1528
708
954
434
1035
1387
321
1404
1757
9
1552
647
215
671
885
5
536
555
47
1002
1236
249
1092
550
1245
739
201
1201
1358
334
11
1189
1047
1068
1116
1500
637
1711
1594
1010
1385
1512
1121
418
626
392
1354
1492
1623
200
1567
97
1194
1548
1113
1613
640
1772
364
1241
1785
359
1532
1408
1474
1135
822
1301
778
1086
1597
130
870
616
1586
572
728
1349
1101
420
1243
754
549
373
691
831
231
817
1793
969
1003
819
1484
560
52
244
830
1036
1263
1449
1117
1323
245
594
1209
848
68
230
1372
1026
1305
1565
423
339
1285
750
64
856
16
1107
1216
398
672
269
174
1110
712
378
1741
1138
827
845
1297
1417
1161
1571
84
873
1642
3
198
714
670
973
1106
143
540
622
675
1670
1511
1661
1758
945
351
913
352
694
926
188
142
1246
1164
605
1423
1514
286
1157
932
119
91
664
369
1407
508
779
929
999
225
1166
908
1556
1041
601
1290
871
400
1587
1291
336
1082
1451
751
256
459
996
812
502
839
1345
1314
850
1176
10
457
1302
488
490
1672
923
1542
1203
279
703
12
265
67
924
1497
14
651
770
186
563
1422
1177
1510
306
1359
609
701
1228
1428
402
1698
55
1373
486
1601
2
695
864
247
197
229
544
309
585
108
666
1308
1702
223
1037
1614
1502
1045
209
1561
1685
865
17
157
872
287
252
1400
937
1328
655
246
449
687
165
261
1688
207
1526
266
1274
1227
1247
1503
484
1530
1459
1678
294
729
355
520
568
1775
1192
652
1163
1578
1365
875
1694
988
1517
1768
422
1383
1480
1377
50
1539
898
1602
1553
479
1038
1191
769
1427
682
1281
299
744
998
1745
807
413
1426
149
869
381
1712
1219
1226
1448
940
1136
1076
1605
1071
1199
713
1621
1632
971
1289
1238
30
710
313
1794
1351
737
1357
1724
139
734
579
816
1624
314
1123
790
1159
384
1693
1738
118
496
661
902
974
1718
1493
1261
832
931
46
1723
1105
1287
272
1505
528
171
548
1549
947
1309
911
570
160
1692
1368
697
27
1304
40
1256
1458
813
476
271
267
824
1174
1252
159
1686
86
1021
1444
292
917
1255
1687
837
236
1728
667
330
1223
700
1022
1391
741
251
918
789
1141
1293
1544
514
1171
158
1064
533
625
81
721
1217
1432
578
1608
1486
399
1347
914
1689
388
1273
363
1446
1437
483
203
1536
1083
280
1603
757
866
795
786
1239
1533
707
571
255
951
1048
368
439
1629
509
1562
472
1778
153
1389
104
475
1139
1649
814
111
720
1090
241
618
1125
36
1099
512
1743
1306
997
525
598
307
1521
663
335
1464
1635
82
71
150
1029
504
1122
337
567
1429
1168
1646
584
85
659
389
763
1762
733
679
1272
1776
629
1283
187
301
526
868
213
676
222
319
1722
278
943
1634
1399
1501
921
1380
1543
113
1616
537
715
716
602
510
542
1699
519
1317
1254
753
500
1795
586
1735
338
860
493
1535
592
1434
440
809
324
1346
589
1733
469
23
613
1025
506
136
1265
1360
1278
1206
566
575
1563
1153
756
489
1441
1234
224
1279
1126
650
722
24
482
1299
1053
1717
341
66
1748
554
1218
843
1403
1040
48
109
134
1780
1196
1355
1187
264
1759
1453
346
1787
1664
349
539
1074
326
1098
1725
191
1442
208
433
1752
1452
799
1131
1253
98
853
934
1259
300
1610
1592
668
607
99
77
883
1651
1147
836
1648
842
1184
604
1154
124
1625
573
1653
1052
1663
33
596
1679
1119
408
1405
405
1677
1027
886
846
211
275
1335
1515
656
107
966
1671
179
1393
1353
425
1498
952
944
959
984
121
1143
690
1133
1020
645
1445
331
1705
1751
1721
1754
654
1790
1342
798
1591
1250
612
1652
558
1392
320
468
1005
527
787
298
1658
1783
495
480
34
1172
523
1325
689
556
698
1640
395
948
432
1307
1506
312
182
148
1096
15
784
1028
315
1641
163
532
1695
1656
1472
641
1322
327
977
900
304
574
1280
1439
110
1631
1606
385
1650
123
343
92
705
1457
755
87
1730
826
1435
1034
796
1148
1178
775
994
372
1433
820
1570
13
590
600
1180
1115
406
1202
356
1769
623
746
1620
1112
1024
1697
505
410
630
1476
961
438
928
644
1737
1361
75
242
1473
1006
964
1185
382
185
776
1039
473
1260
73
1600
1564
1134
1225
507
1023
456
1394
702
83
1555
986
1557
329
451
1132
683
276
1431
993
766
933
1162
805
857
250
120
1320
1765
427
692
828
1654
1294
1554
1348
1638
214
1102
1004
1275
464
1667
125
129
1491
1167
145
274
193
1296
1690
344
888
762
1130
1266
39
524
1165
391
342
896
829
761
793
912
154
101
619
1626
899
38
447
41
1200
581
1070
632
909
1788
906
1109
1379
1704
316
593
1213
328
599
808
232
254
1211
1494
367
835
849
366
375
1146
1012
732
100
1609
1207
106
1081
386
1055
270
1220
1286
1454
1271
435
1596
743
180
1709
1032
1729
1579
296
1467
1447
904
140
238
195
1057
742
80
1087
1753
890
936
841
621
851
1397
588
1155
1056
0
521
1060
1746
1388
95
1316
1572
1496
633
643
547
467
638
1627
788
1643
551
748
452
792
1749
1415
1710
370
1339
1740
1356
90
168
394
1504
1204
1120
1645
455
151
1046
1615
791
1546
243
1736
63
291
1186
1149
1088
782
285
511
1097
884
1375
1731
950
1066
325
1770
1469
1258
1675
1414
1483
407
800
1789
436
922
1622
354
89
1
1619
614
461
569
49
1338
1584
1436
1401
147
72
1364
1270
424
454
1235
1181
1739
1701
1719
181
1111
88
938
855
45
1560
1618
1337
35
234
610
684
347
1267
686
499
985
882
404
1696
26
260
963
1321
192
235
332
7
876
303
1230
426
543
1581
1232
1061
132
1669
889
1257
1455
1747
114
840
481
1300
1633
518
1513
501
723
685
1761
453
44
1370
1244
219
1519
534
218
1726
396
628
1058
1069
719
1673
1516
1716
564
1042
1421
152
1611
94
1796
611
262
580
989
983
1363
21
348
1558
277
1374
878
759
958
1334
801
1277
28
529
204
305
51
295
1419
60
1128
102
1438
991
1676
1598
1144
1708
1011
1118
248
530
497
1406
577
379
465
377
557
1332
920
297
1468
1073
380
1727
930
1190
1440
1465
531
1367
1734
205
112
19
1150
522
967
175
411
639
852
1008
115
1378
53
946
662
1756
1684
184
642
1771
