899
448
450
58
338
1330
439
67
807
783
1468
1249
1099
1174
72
1455
1558
360
962
910
1623
857
1196
637
716
399
1520
561
1461
1414
1529
1206
888
1583
723
1744
567
192
1032
1663
1394
802
1610
1779
1112
1234
1637
347
266
759
1433
618
1276
42
1085
1450
1279
633
779
168
1285
619
756
1312
680
112
771
786
457
503
590
705
666
1539
302
671
885
1359
917
1608
1611
550
858
1292
816
904
1698
172
1320
829
1392
1305
1648
575
115
1489
153
1667
887
1001
120
688
1104
218
85
557
1371
809
1294
1481
1571
937
346
361
329
236
906
1405
243
852
148
426
1259
1068
1115
869
269
989
80
203
1510
1271
731
702
1041
1784
98
1283
957
212
68
916
1076
1123
810
1686
1337
199
474
684
1492
509
891
1029
841
392
152
594
1210
397
171
682
611
960
908
712
1616
79
1275
194
523
817
626
770
746
1482
905
850
1524
1284
1403
123
1262
581
353
1335
44
1631
1641
733
935
505
403
1600
1629
1592
273
511
1017
198
573
316
1767
1384
134
1480
1192
83
1671
936
1147
895
799
617
1353
931
853
1540
1128
1302
335
534
923
126
190
911
327
1478
1732
1650
616
183
1222
728
1735
1787
1495
952
1129
982
883
1136
528
1343
429
1717
150
237
14
821
241
71
32
1626
558
1719
482
99
758
1785
1301
1255
1601
1291
939
522
531
480
1050
999
3
652
721
1135
1109
197
1048
29
1531
1083
927
848
1161
1472
300
1207
1022
653
410
161
1307
393
600
1278
1500
333
828
632
537
739
33
703
514
762
1030
1148
717
1496
292
1636
70
1621
587
525
61
450
1178
515
1487
1062
535
974
438
1317
1229
776
948
103
1240
1087
886
1789
1042
1739
462
1082
452
1293
1344
1635
689
366
1585
110
563
1365
874
661
1389
518
1361
1118
117
595
1169
1064
279
968
345
11
1716
12
1092
1238
1582
835
833
48
1290
748
755
395
170
348
1664
638
130
1646
1410
547
278
1309
1741
971
545
1297
1436
408
1426
796
164
559
664
607
870
1339
1727
1053
384
1208
484
159
143
1745
93
374
701
446
304
863
276
385
431
1354
336
519
22
1523
986
1079
536
1187
1110
1217
350
52
622
1349
1069
1677
261
129
933
1584
230
765
398
597
401
1751
1417
30
1670
1058
766
1740
1379
1015
128
1796
651
769
1775
634
458
764
864
415
1555
749
1437
1400
1728
945
188
332
953
1005
1561
1697
834
1360
1406
699
1537
1603
181
1557
111
606
376
1212
1505
256
1517
1213
873
1346
1675
1483
576
647
100
1257
880
832
487
485
1726
405
994
102
1703
1438
334
1446
328
297
1657
375
1447
472
1564
179
381
1046
1588
498
228
1036
1456
847
1385
998
1532
1467
89
196
274
177
94
1246
1778
420
919
1019
1591
1352
305
1768
907
1225
124
255
1683
1541
669
1704
298
1131
271
1120
391
1515
1160
2
1367
928
1386
239
826
113
1430
679
1171
258
233
1328
1220
913
1750
1084
1491
955
893
613
1102
627
121
486
517
60
1154
787
512
127
141
307
1614
1221
1214
1656
530
24
1199
540
914
91
546
1556
1578
1763
844
641
145
185
1536
1469
1444
453
1380
166
147
752
672
136
677
878
428
1388
1655
792
4
730
1362
175
1039
240
1553
896
604
1790
1407
1640
1464
1072
959
690
104
603
610
1474
586
1274
1197
441
1316
1460
107
280
220
1723
318
551
1421
1451
465
882
1299
1267
524
1107
1401
736
1477
827
206
1111
1033
1473
396
281
191
356
1617
1758
569
1748
577
1368
1766
432
964
565
1412
341
1649
1215
674
1156
78
719
599
34
795
387
268
708
388
354
1023
898
1738
992
1615
1010
1295
1543
90
463
447
1191
1521
1287
66
69
456
1258
1449
257
570
738
1488
299
352
1794
840
1545
1755
761
1722
293
698
630
1651
1244
1263
1066
580
1622
1428
1560
1418
419
722
222
36
1542
424
924
1707
729
1253
1347
422
533
662
654
394
416
1579
1073
382
788
0
502
1527
1070
1777
1031
1193
402
1182
1593
460
140
854
186
1119
1024
358
311
1201
315
95
380
1476
1632
1711
1209
1443
1465
1771
628
436
642
1303
1753
1454
1721
1052
217
1105
553
282
454
1375
246
406
1618
862
1272
743
1699
317
813
163
861
837
247
1363
1596
1176
440
1282
1319
588
798
1286
1114
1383
727
1533
1158
1795
1791
1327
1609
342
1256
818
337
1260
65
260
1638
1021
1103
1398
1525
229
359
780
1338
1431
108
1040
86
202
221
20
1037
430
1676
1226
1203
1471
195
1300
659
1681
1038
51
1665
675
605
1382
670
499
55
1233
592
1448
1125
216
767
1372
598
1627
660
612
1506
1547
1660
201
7
842
1514
1306
169
1792
1090
1570
1569
1633
306
287
516
1061
226
167
461
1175
1273
965
1691
57
312
1139
668
160
1003
1173
868
1475
735
1159
1378
1126
865
724
1604
208
1116
288
657
1415
1535
794
1298
1743
1587
1497
930
892
1179
23
1390
920
1695
1419
804
1486
1205
74
938
866
1669
791
1168
875
1453
760
501
1586
1737
105
1566
1340
596
1047
872
63
1679
819
109
1528
1146
1452
1106
1311
400
1612
940
492
1776
1200
1445
223
1059
407
1254
1630
1788
990
1250
1551
214
1713
242
636
142
189
1288
473
1080
1577
715
264
1759
777
720
972
1680
1060
1350
1342
445
475
1666
1708
1334
13
549
1013
411
615
774
1440
1673
1513
1223
413
555
1773
1364
1565
714
1322
1074
1397
678
488
1731
997
1370
966
417
25
116
383
585
1144
41
8
1544
1693
644
176
1241
1479
1654
1166
707
562
649
215
1141
1485
711
801
845
1463
1194
138
665
252
643
510
1331
1724
676
1261
977
1780
1423
900
1081
932
231
751
1466
466
1321
1323
390
349
357
1266
1597
1204
320
838
552
1761
414
1308
1381
929
1089
1016
285
1167
495
934
1526
1356
1682
362
1333
843
691
527
6
464
1
284
1573
1143
1329
1484
82
926
1746
1281
529
726
1296
92
290
706
1067
1747
1662
1245
455
1358
1051
308
1008
958
263
1377
1715
624
667
526
696
106
744
673
941
820
423
294
995
623
1264
747
31
21
1373
245
825
1091
234
1318
244
984
797
640
1157
1000
253
1396
884
378
1341
921
768
543
1546
554
224
602
663
544
96
193
538
601
490
1413
435
980
631
775
1552
1145
860
1511
235
154
1661
476
737
1625
1137
340
321
1756
901
1434
1077
404
725
1399
1567
1086
548
635
151
1122
877
283
371
295
1420
824
1270
1006
1117
483
614
1462
1044
101
1348
301
1619
849
1684
1634
742
625
1395
1150
1002
903
1550
1138
1195
772
251
39
993
572
822
655
322
1108
1153
1124
88
1725
1620
469
951
5
1742
1152
372
568
1720
174
1140
1402
1503
238
987
620
881
1774
184
963
477
718
504
1425
254
1242
956
165
1786
1685
146
685
1134
564
59
1507
1190
1155
365
1248
1078
1227
1548
520
210
1457
745
1700
1314
1172
114
1408
1404
10
942
1765
1659
1133
1376
1369
1355
225
259
471
1093
1055
1057
425
1429
1710
1149
608
470
947
784
122
1326
467
344
1793
506
1643
267
314
232
1706
1652
132
207
451
1027
1345
1574
1181
277
1177
1183
40
694
1142
1459
1252
157
200
489
479
1734
1760
1441
1647
272
542
806
137
1764
894
187
1189
650
45
1236
156
574
949
1770
309
18
1219
1427
687
1718
856
1411
709
983
781
734
459
753
437
790
1672
1336
1729
648
578
508
1678
1645
1572
418
579
1049
204
1605
1251
1580
76
369
135
922
351
1121
1538
803
1416
1435
1590
1599
1442
443
1012
1772
1202
583
275
954
1045
629
38
1054
713
1075
697
1101
532
1170
700
808
1642
683
985
1231
1035
325
433
1674
695
1752
1754
658
1096
412
918
173
763
1357
442
326
1730
1709
1576
1097
1113
219
1332
621
1014
1164
988
1519
367
1687
1235
1689
741
1522
209
556
1095
1518
593
444
785
1043
1374
1688
133
566
1458
343
28
43
1493
925
286
823
1749
368
270
427
1011
915
1499
144
213
1424
139
1184
1563
1508
1470
754
1512
262
812
180
1218
704
481
879
379
1568
1025
1026
15
521
1324
155
331
1018
1162
17
1736
87
478
1602
73
56
1712
1185
313
846
35
9
639
1575
250
319
757
324
1268
839
1628
1409
248
681
491
178
131
1028
1769
46
227
1595
448
118
1228
897
355
377
1594
97
1639
205
1269
1313
1007
584
211
1692
582
836
1432
289
1004
645
493
1186
77
609
1439
1782
811
1310
1783
1056
1132
815
1598
1559
1393
1516
867
646
1694
1237
539
1581
973
1063
805
339
1509
19
773
500
53
1644
693
434
496
1180
830
370
889
373
912
1071
291
182
1606
1224
1325
149
330
1020
692
1624
1762
409
1127
740
310
1696
1607
876
363
1094
1534
1562
249
1009
84
1387
1034
996
855
1188
1165
26
1247
1163
1232
497
859
1589
1211
1494
1701
1501
710
1530
789
125
750
571
732
1733
389
778
1658
75
800
1690
541
507
871
981
975
37
560
162
449
1554
1243
1366
851
27
946
1705
969
513
1714
1239
1088
303
944
1653
1289
978
782
686
1549
1351
1668
1198
1702
494
591
970
1230
656
81
1098
1304
1391
967
831
950
1613
589
1502
1277
421
979
62
1422
296
158
1265
1490
961
943
54
119
1130
890
1781
1504
1280
1757
47
1315
793
1065
1216
64
323
902
16
1100
814
49
364
1498
991
1151
386
976
265
899
468
50
909
