899
448
450
1080
1260
454
348
288
1747
547
249
609
978
822
1484
843
212
1565
328
1198
26
967
597
346
1330
1127
197
1668
1291
226
1128
985
153
813
1635
1160
731
701
1328
15
612
230
365
937
1476
162
1072
1349
1350
798
948
0
1348
553
935
929
289
842
1115
769
567
1448
387
1304
1749
1087
1640
1205
1250
1276
10
427
1187
413
62
778
388
1544
820
215
82
1025
1463
1277
357
1178
169
1508
17
152
1078
1261
265
1094
1653
391
1362
1665
315
489
577
1368
414
594
424
1493
1417
363
222
657
939
705
393
560
1346
1014
1630
703
1525
750
723
420
341
1214
1345
541
1273
1712
1100
48
449
1
649
1298
1320
139
469
1701
209
216
829
965
1535
1446
770
972
1162
986
638
1761
1455
490
1633
1660
1439
1738
1057
1401
606
72
1117
699
1365
830
785
1590
438
809
1409
847
1598
114
1681
668
1719
1060
95
1378
538
1309
83
1185
1716
66
783
1244
158
190
622
881
762
1140
210
1764
1441
620
417
1152
727
1147
1423
461
1282
924
1005
1479
471
165
501
582
500
844
550
1169
1092
450
23
970
979
255
631
1064
891
1482
1651
585
532
286
434
772
371
1414
990
1088
607
1715
161
1359
1126
1573
12
1191
1058
1129
344
340
314
141
354
516
698
811
683
659
1680
1498
45
294
911
647
1730
536
498
146
598
976
901
791
104
319
1355
637
1663
1785
641
19
1190
677
1109
1664
336
1099
1174
519
266
208
1231
739
1380
730
431
46
235
1166
862
1682
775
1043
1059
472
936
666
96
1568
726
131
2
1757
1022
330
1777
299
1686
570
37
63
1717
495
527
355
468
1641
1098
376
1473
616
906
113
1539
718
1504
1044
254
1243
572
696
1275
166
910
1650
751
1388
1674
263
794
725
198
496
1081
702
493
1314
353
551
278
1101
1239
1527
178
722
1772
954
287
1357
1354
1474
528
1389
1204
736
1427
273
324
1159
189
478
1580
673
1628
1139
119
1009
679
1625
569
92
1403
1292
1216
7
801
459
1667
1739
539
1394
115
1274
1393
704
400
1226
1351
907
962
1270
1709
1666
1369
552
213
664
1415
922
453
825
1217
987
411
851
643
923
1222
246
1707
782
940
871
1576
614
810
257
186
1449
292
440
941
1268
617
1451
58
1618
1337
1323
533
678
824
447
1278
435
1053
140
59
1542
1163
1688
1652
1047
326
149
876
1386
766
1299
351
1002
1158
494
1428
589
135
11
1227
1711
805
1151
1679
382
1165
1514
207
817
1245
1108
900
1067
369
204
1726
889
878
512
1259
645
925
675
1201
734
587
164
1411
691
239
636
1724
1793
1584
1501
1781
1000
154
557
358
1255
403
1575
903
951
1487
508
269
1648
651
1212
522
378
1572
1269
1624
1614
759
1242
1477
660
1489
1116
1470
252
1075
1398
711
588
530
437
127
1170
244
640
343
9
942
980
803
658
1586
650
111
1754
1671
732
77
187
430
1610
1776
307
1373
1771
1450
57
853
124
754
485
1528
1462
86
1597
856
94
1431
1767
971
446
977
1395
1509
848
1753
1311
1036
1695
412
715
953
1168
781
1020
1634
224
744
274
385
1642
488
828
914
642
426
1731
1788
981
653
1207
1673
1486
832
476
181
144
33
1578
737
293
915
753
107
320
611
136
1611
271
199
457
1418
1748
483
122
768
1220
491
1281
22
947
1095
918
933
1085
70
1452
959
819
1621
1437
1759
372
1353
332
749
8
1301
120
961
1591
1444
132
1435
452
818
291
409
1561
799
362
1608
1331
13
1778
1097
283
258
85
147
1516
1008
1737
1340
1071
1001
455
743
1017
243
101
904
1538
219
1290
584
600
1236
1177
1458
1312
89
1347
628
839
890
389
763
130
93
581
4
418
185
625
1182
689
1252
482
1316
1662
1481
757
919
1529
1284
1456
67
1361
831
656
1705
1721
633
1657
32
608
1744
322
1702
1503
1171
1137
1029
6
1436
1615
1258
682
24
1599
1567
1149
1215
125
51
1784
311
360
1228
821
179
944
1111
1655
670
1343
1616
103
1079
503
601
1583
1382
1381
1145
596
1136
30
1106
1302
1007
316
1736
1135
175
1383
1208
960
1294
1144
477
868
1729
655
1622
106
1532
1265
1626
1318
846
1141
160
1545
259
561
760
242
313
1656
44
41
309
55
1048
1035
1155
1062
627
1689
432
1713
1728
1018
484
323
789
604
128
956
1238
1524
1537
603
155
1194
497
1391
1186
555
562
290
695
1782
1430
665
742
1786
49
1540
1475
507
502
1440
1034
194
473
36
1588
1773
193
1643
338
1367
784
1400
1038
1466
1262
99
1627
1434
150
761
697
1548
1511
105
458
1295
1256
1410
486
1003
183
1488
1675
920
1694
1745
1408
1520
279
1161
506
790
748
1510
302
298
1746
999
1399
1086
1596
523
945
870
1045
1321
838
669
14
1579
16
927
81
1254
275
896
845
1230
632
464
121
238
173
1073
1336
304
1551
1433
1595
733
1189
1553
1125
814
626
943
975
969
716
1184
623
1066
1492
1352
860
514
671
1122
1224
983
1334
1084
984
834
1517
1032
84
648
1518
854
672
521
1620
992
325
667
1384
535
1342
1478
776
1732
524
421
251
863
905
531
20
1267
1559
1012
143
1358
225
361
833
1581
284
1723
303
629
934
621
467
872
1741
1692
545
1613
1103
317
1700
1469
392
808
1237
605
644
1326
134
260
1065
525
1175
938
1264
1696
529
1235
774
1725
381
599
1703
1459
1718
1061
692
1089
1426
583
156
373
1069
1211
1013
1790
54
1148
262
548
261
383
345
1560
1658
337
764
1324
1021
174
793
998
241
1180
1472
993
797
875
1499
1683
75
996
995
1157
1429
988
888
305
1698
955
806
1497
921
706
1090
902
1188
1526
177
268
88
1678
816
1792
1467
1582
1333
1146
240
21
419
850
310
188
28
31
709
396
713
1240
433
1522
1096
717
855
1011
366
98
1397
674
232
1031
1027
182
339
835
1247
172
989
864
511
849
214
1028
1557
1780
564
1068
463
221
635
56
1676
684
379
480
1280
973
1113
1257
157
1142
191
1344
1016
65
852
451
518
1402
1536
184
800
1534
566
1708
1332
5
575
470
719
1123
43
74
1313
1251
1453
1765
234
1496
1192
1795
1004
1593
1338
1720
350
1279
410
1006
1173
1363
1646
602
38
1661
492
865
300
112
1607
443
786
1566
1225
950
966
390
1569
69
804
1690
874
1077
1513
932
1454
899
1037
1574
1040
80
546
29
245
1751
1246
1425
1196
1563
126
1632
895
1296
885
1412
1272
1167
887
893
1424
1457
1076
1592
746
892
296
1519
87
1093
1407
1743
1370
1794
1585
1179
405
1735
1421
220
883
1289
1687
42
931
1023
1752
205
663
1364
788
1134
1112
1654
554
1564
416
1494
877
1562
714
448
180
1026
233
1432
1422
60
1114
308
1789
1770
1241
579
248
952
1734
218
1385
1356
1755
1130
368
1248
3
1046
1050
397
1530
1107
1465
68
1774
76
1600
301
1232
27
1209
333
129
858
1203
991
576
1199
1762
1677
202
1055
974
882
571
1010
912
505
247
50
578
1042
565
879
1471
97
170
1110
1672
1218
1015
1447
1327
1405
487
53
1691
826
1303
61
402
1030
707
1543
1319
1546
747
1550
1763
1659
795
1783
515
1406
394
1531
297
721
398
1322
1485
586
116
1669
610
375
681
1420
1197
1091
499
540
335
1416
867
1310
267
1253
404
1758
1556
1704
1223
39
1619
329
253
1775
1631
756
680
460
436
1629
1150
256
740
510
171
176
1699
1552
47
1733
228
342
1791
1419
1507
1283
52
894
1396
211
1082
823
1202
401
869
428
815
1287
1787
909
542
1390
1491
281
1213
758
1195
884
25
807
543
1376
777
556
558
1375
771
898
1554
685
1404
720
1796
787
513
738
1644
1366
728
1229
359
1104
994
1555
407
928
462
425
591
250
1200
917
646
102
859
1460
18
1219
1645
1570
465
1293
634
613
374
729
227
836
423
1306
1483
331
1285
537
370
364
474
1587
73
1515
1647
1636
237
429
624
1070
1181
1714
1603
526
1609
949
1266
1074
1533
958
272
1387
963
1706
710
318
802
1263
1307
1637
1221
1024
1684
159
1577
686
827
1495
1210
466
504
773
618
724
1138
1176
1442
1727
110
1710
282
90
982
118
916
123
264
1154
1206
688
1156
1461
192
200
1341
1512
1438
1612
321
964
1480
91
857
270
203
78
745
168
1638
1649
206
1051
1063
1033
1105
534
1742
1120
866
926
1521
1102
1372
1132
356
930
767
408
712
217
1325
1445
595
1052
1041
64
1339
306
1490
479
652
1119
280
35
1297
1019
1083
1594
406
1500
327
1153
1183
841
117
549
1172
1617
1464
386
568
593
1377
1233
1443
347
1271
1606
1589
1750
1249
946
349
100
1740
837
580
236
873
79
590
196
1601
1756
693
913
559
277
840
796
1670
456
1286
662
380
367
509
295
334
690
1315
441
700
1133
968
908
1604
880
1164
1300
861
1317
654
439
1121
109
1360
563
40
765
741
444
1769
148
752
201
1541
708
1506
195
133
1054
422
1305
1371
1602
137
1392
312
142
1335
384
163
1697
780
415
687
1693
1193
1413
1779
71
1605
167
615
1039
1505
108
1131
1118
592
1143
676
1523
1124
1558
399
619
1766
475
1549
694
1571
792
138
957
1288
997
1547
442
481
755
231
1234
574
520
897
1502
285
223
1760
544
1722
151
1685
229
886
1768
812
1374
1639
573
1329
735
661
377
1308
352
34
1623
1379
1468
1056
639
517
145
1049
445
395
779
630
276
