899
448
450
1288
1611
1048
798
374
1332
1499
886
1137
742
300
1319
141
615
799
852
1405
1018
934
1518
1567
395
1636
294
661
1213
637
289
762
232
1492
1132
1654
1315
424
1531
1177
1407
868
1216
264
1160
20
1776
604
168
1358
180
1135
1210
373
1729
571
1172
197
1599
1682
1767
174
1390
1220
1006
649
1538
1224
1431
739
1478
1771
1174
1238
1483
407
1585
551
1709
62
1605
969
1232
1366
1506
448
1257
676
1648
1326
1758
1045
172
1521
1597
830
1347
1490
1126
888
304
76
542
1280
1461
1793
1008
1775
1660
1357
468
1716
991
939
1688
1587
258
985
917
1510
349
981
1750
1095
1437
117
611
21
751
1323
341
1007
233
1205
608
1403
1387
1147
1549
1402
1218
1252
1043
1472
750
15
256
1239
854
146
1710
1536
45
1503
467
861
1077
600
895
774
73
1229
109
1123
990
1199
1279
1067
1646
1526
1430
44
238
79
1450
60
1053
470
616
434
400
535
738
1477
499
1780
683
56
736
1528
722
565
885
120
550
111
198
1406
1171
1068
137
359
898
155
681
351
816
545
562
665
1234
837
721
37
1164
892
43
350
613
355
1656
809
682
345
1056
1409
598
1258
138
1697
151
968
697
68
320
1111
1176
1202
415
447
834
929
1128
1078
1157
1772
23
1041
1756
1324
273
22
1262
813
1016
28
821
1751
382
1666
838
433
973
941
1193
502
1744
1322
625
1685
1755
568
348
1455
100
129
427
541
778
1647
291
1694
817
1158
57
178
84
337
992
1073
669
785
1481
556
362
1491
702
435
1615
285
1214
899
302
664
680
746
1064
326
1029
1738
1505
871
1561
700
506
730
1736
811
1165
1429
1184
282
1488
132
685
270
476
1304
462
27
1192
1381
962
932
1378
50
729
1434
567
42
1085
61
1462
1658
1359
639
334
599
153
815
5
88
978
546
916
1452
844
687
761
1720
1722
472
287
1761
1745
675
46
392
1398
1414
272
660
1444
81
1443
512
113
835
1765
1094
1187
903
3
1317
960
745
1603
1269
477
1260
368
521
713
504
0
1700
33
633
1784
1787
1679
98
1473
930
862
966
775
1723
1377
484
1501
278
297
640
952
1563
1356
466
1533
1190
159
112
959
1256
308
677
756
102
819
1562
584
1649
1286
10
1706
1768
410
1119
1748
139
2
760
1525
253
1665
628
603
671
36
1052
673
1509
765
1198
250
1066
1305
301
173
951
1497
413
597
691
236
412
646
1113
1726
249
445
1188
707
283
163
1375
83
1130
1577
711
1727
933
808
116
718
587
814
244
690
1266
425
1447
1534
274
316
659
548
1618
970
1441
1625
106
403
740
752
423
783
1631
267
208
1707
1419
1532
1475
1523
964
647
227
1449
890
1511
1589
340
1392
1683
1623
679
1300
1298
125
508
377
71
1695
1516
1162
343
32
203
784
416
610
618
148
1547
921
693
1663
728
176
1524
1786
218
328
1124
1460
731
1537
53
1241
1169
1264
928
1221
8
80
1650
17
576
1705
900
1438
313
1519
874
217
1211
1309
1530
364
806
945
1380
513
1480
935
1507
1661
271
938
563
1607
123
1115
875
1737
540
156
717
654
940
327
314
384
67
801
1570
93
846
133
369
1494
627
175
552
1061
1161
592
1426
319
1468
841
149
259
1591
827
1179
1669
498
437
216
500
1361
379
1684
1739
1186
1553
1391
460
1343
1608
1439
887
1362
104
321
794
1785
1013
1559
831
414
1337
1598
1086
828
1717
1704
1635
471
298
1330
107
354
1670
463
219
1699
1038
1410
1500
787
394
1600
580
385
856
1231
566
1340
1367
588
684
876
913
235
1732
161
130
51
836
1223
1613
1004
1107
184
147
347
771
624
6
1355
1476
77
140
1306
795
275
803
1141
797
1148
593
911
889
1445
196
1762
1097
398
332
1609
1099
1267
704
741
206
1227
655
1047
1543
1778
1583
883
904
261
1374
1783
641
306
582
1282
1667
1372
442
49
648
220
878
732
561
912
1487
1514
698
94
845
1363
252
1594
1360
461
1028
265
703
12
331
11
1088
1714
1014
1638
976
843
243
124
1131
1368
157
480
260
612
356
1284
1662
1578
532
464
1458
538
25
1742
1292
329
1548
596
105
211
1674
1062
411
1616
848
1159
439
1021
1236
1668
1348
281
201
127
1572
1195
527
1054
802
924
309
1763
459
1046
950
558
335
1474
417
1673
66
1290
1328
849
390
880
1311
1316
40
126
1681
614
1136
1502
1485
1313
1759
622
276
789
578
609
881
31
1596
652
1741
1225
182
726
1027
1617
525
800
69
387
847
1479
171
1469
167
777
653
1181
228
489
1140
706
380
882
469
977
1133
422
1178
237
594
1295
150
1163
91
1087
919
1101
487
829
988
1789
1338
1373
589
1522
1276
26
318
577
825
1296
1352
1139
1253
63
1703
121
710
1156
1055
1781
1749
1584
361
1089
1448
1116
1083
743
822
1795
1556
458
1752
636
1125
554
360
1446
1686
1689
1084
1329
1109
931
1071
1653
1212
401
263
183
1138
485
666
1624
34
583
122
164
1713
478
1017
1546
1641
1152
547
446
1471
1678
796
339
767
920
1365
1275
1219
230
481
1456
857
975
1496
781
714
1565
1386
418
790
1379
1770
1042
1690
948
488
642
672
524
440
670
367
569
1495
1036
605
366
1333
1397
1079
1100
1459
386
209
518
1788
1092
1065
97
103
1080
1022
1655
1149
776
832
823
239
1217
651
1676
570
1302
517
1024
1350
1069
1753
1693
1544
375
858
663
579
231
1747
48
1364
1153
1150
1675
1602
1411
906
884
792
1345
727
733
1614
1197
420
553
7
1754
262
456
1044
1558
1719
595
1051
1327
956
658
1255
987
438
1233
1642
1114
288
1590
1554
1774
247
1416
1486
851
1423
986
544
1595
1569
1408
312
1033
430
370
1251
766
1182
1493
191
1353
72
408
961
186
549
245
426
1389
194
865
305
388
189
805
764
877
1254
826
1098
479
1026
1581
872
1230
678
1388
759
496
1724
1734
1606
557
926
1371
866
1039
378
993
515
14
922
812
185
1404
162
1074
629
1129
475
495
573
804
662
689
505
1633
1629
1370
1344
325
1010
363
995
1764
1245
918
1542
1289
493
501
1728
1015
450
16
114
455
135
996
954
1708
1604
949
310
914
154
1622
136
1259
1226
572
601
509
1191
1096
1075
85
1777
1272
543
1586
1640
824
907
1396
497
712
1247
1063
486
202
212
997
1
1484
78
4
200
299
1146
1209
974
1794
330
724
528
621
372
944
54
1701
1273
879
873
1432
266
494
1270
791
833
529
1659
820
1274
1395
1467
358
35
537
87
1652
1104
1320
207
998
503
457
1110
193
205
1201
242
396
1005
735
1002
296
1334
190
980
942
246
383
1235
747
1535
131
1757
1451
255
1346
1592
1644
1779
89
757
1575
692
1060
1143
352
643
1208
1702
807
632
1442
1621
1657
9
371
474
511
860
1418
1465
86
1293
338
1601
982
1261
709
1545
1301
307
810
1513
1551
1643
979
1725
631
1336
768
1420
1612
223
840
1383
1394
617
1610
1792
169
686
955
1180
896
1185
402
1746
1228
492
1248
1672
1122
984
1151
779
923
1555
74
64
119
1715
346
1278
1384
1168
1687
315
1517
1120
668
1189
1246
195
818
1393
1103
18
13
1134
667
936
635
1240
1250
303
1203
983
590
539
1576
1003
1424
1773
1515
365
1312
619
419
1399
1127
870
1307
1415
1435
1400
142
1121
344
1009
1349
19
1200
1351
465
29
1560
1428
581
953
221
214
1091
391
1552
177
1354
1782
1291
75
657
634
1207
708
925
179
82
1698
144
1285
755
560
514
428
591
786
1310
279
507
210
891
1118
688
1564
1677
638
248
630
1106
199
1550
1011
251
1145
292
192
958
780
1196
92
864
1331
436
1072
867
585
937
1680
1620
1427
1242
1369
1268
989
705
353
1453
1059
451
1020
1790
769
1237
719
510
1588
1175
1796
1339
620
1504
224
947
645
656
181
286
536
1341
317
99
1090
1718
1031
1050
1057
1049
1425
1489
70
1019
1076
1626
999
1568
443
1271
1030
1637
1619
393
1215
1249
1385
323
772
533
1299
1769
793
1433
482
1277
1105
1318
404
24
606
431
118
152
586
322
96
839
311
522
491
763
165
1571
257
158
1112
452
1593
1012
559
716
441
1582
1436
1627
575
444
607
1730
1142
324
1711
863
1735
897
695
519
1712
1401
1244
994
134
39
623
626
1303
915
701
1265
1117
333
399
1194
166
1023
1155
240
453
269
115
1294
204
449
1058
1102
523
869
1287
30
143
894
1325
215
52
1760
421
1440
108
893
1308
737
908
1743
963
41
1382
534
101
1035
1000
483
1512
602
397
1508
234
222
1541
723
749
699
454
290
1721
1766
110
782
1639
188
280
1529
357
1281
674
213
268
241
1645
1040
1025
516
1791
564
720
758
753
744
1470
1204
694
902
1166
1154
1342
225
226
376
1691
1421
644
910
725
1539
1740
842
1463
1457
170
526
432
850
1034
95
957
530
1566
1412
1520
490
1206
1557
1454
972
1314
946
1422
855
531
1731
555
1170
1144
409
696
770
59
1498
1243
927
284
1628
859
1032
1671
1167
943
1173
55
1573
734
1093
342
405
1733
1082
1108
967
1651
1692
1297
905
1482
389
1696
788
1183
1321
1580
229
160
715
65
1070
277
1630
1540
1417
1037
90
1466
145
473
1579
406
909
971
773
429
1263
58
254
381
295
1376
128
1413
853
187
1634
754
574
1335
1222
1283
38
1632
1081
293
1527
748
336
901
1464
47
965
1001
650
1574
520
1664
