899
448
450
1488
653
692
414
1446
171
809
1769
499
115
1422
1617
1763
1196
509
1732
982
458
1292
851
656
1048
1274
1
1111
482
1040
1291
820
1657
1656
1010
1197
480
1549
126
575
1509
1073
844
26
1703
1784
842
1589
920
408
1714
107
1035
1502
1706
719
1537
1444
614
1774
49
951
217
296
1643
619
1781
1555
1486
276
402
356
490
393
796
972
1459
1628
1227
67
1434
1560
182
1290
1080
1573
1409
1366
1023
1225
988
302
161
657
1705
1268
1393
600
208
113
1599
257
306
1151
1419
50
1367
1626
1582
1479
397
1102
890
728
287
1064
961
818
734
1614
804
1542
1284
1296
1145
1143
1740
873
1159
84
753
649
1015
454
1211
1702
329
450
688
193
1233
1099
105
891
1655
1475
1298
1318
1644
1692
157
277
900
1594
1611
1281
95
1439
1483
680
1329
993
1760
37
1649
269
1484
246
4
1550
304
1462
1416
7
1432
273
89
472
1069
999
650
519
1565
412
1466
1110
898
936
1765
1524
74
1221
1192
354
1786
398
1277
1123
1372
436
1287
1047
948
934
167
1345
1153
235
893
294
564
1682
383
1097
1530
1660
1355
163
947
1663
648
1330
1753
929
667
655
245
355
1492
608
1722
362
1024
1510
1349
901
1384
539
707
1766
433
1055
146
45
1241
1224
1236
1782
578
1186
1516
404
309
1553
1750
546
553
748
1698
325
261
1538
1206
1570
861
56
216
585
1083
977
1234
108
249
1680
878
183
886
1646
142
1289
686
1449
186
303
265
854
646
732
366
1693
1726
25
803
489
1220
1495
1445
430
399
493
1248
90
724
599
516
730
1420
1361
824
343
416
1623
165
884
170
1195
1625
140
368
272
1215
391
1194
971
933
1202
1513
57
1128
1580
946
1579
1231
1659
339
1498
1174
691
722
1169
111
463
1685
1331
1526
1675
701
1631
660
713
1592
1058
1636
1253
1383
1595
1164
532
835
1085
1489
106
297
491
1694
1309
984
342
1677
160
642
386
486
248
1191
877
251
1247
1305
1205
1521
1534
1214
1653
1311
116
43
62
227
141
69
1293
1454
1030
938
1759
1327
1210
1280
1167
1701
1132
723
1074
830
1045
1370
1043
1771
872
286
1095
206
1187
1351
598
1121
837
1790
775
176
1130
263
1710
764
1608
98
1506
328
476
333
1494
874
743
738
795
1478
628
1507
1783
1673
927
636
361
1136
715
871
1531
207
475
1748
542
664
647
1562
760
462
594
1204
1719
1375
698
674
725
1681
1217
348
1742
1087
919
117
1597
234
351
1566
1283
1678
520
1689
1788
1368
1304
1103
1480
468
739
9
96
571
551
1519
445
882
635
1246
1257
794
94
129
670
885
41
1251
1021
1336
876
242
1795
910
1442
210
166
459
1389
1600
1007
527
1354
1140
773
332
778
822
1322
679
1203
799
1696
441
921
1168
1134
346
280
589
963
617
1176
1536
758
1317
319
283
855
169
344
53
1661
184
284
1776
1734
1352
604
1273
942
1238
148
1106
155
1359
503
557
1059
742
941
755
406
1082
1170
752
145
583
1717
811
569
1319
1601
524
528
135
808
976
474
143
400
652
1005
1017
1633
1796
1731
1441
1418
1417
1539
1666
1183
802
1440
1255
452
498
1397
201
863
694
415
1029
1612
1792
172
1125
1178
24
290
763
1039
481
1269
945
1357
396
1377
322
1208
1477
1730
1461
1089
139
58
1141
443
1637
448
937
629
1250
1118
390
377
1630
381
341
1001
1593
1654
156
548
896
1228
231
1342
1063
828
1481
1770
240
665
1622
1704
12
1044
1270
36
1181
1778
1588
1387
1738
327
347
1259
1768
188
1313
1709
437
379
488
1431
407
1584
1751
859
1528
562
733
1618
1551
817
744
1415
1374
894
324
974
1265
424
1401
1084
1000
696
1226
1025
1574
1057
964
590
958
507
1363
1585
271
1739
1315
109
153
1160
20
197
508
147
1036
740
127
1163
1144
483
295
1122
641
745
151
1460
485
1400
1755
82
767
1098
204
334
292
864
1185
205
138
236
973
1463
908
1391
699
540
80
521
987
771
1780
336
259
1695
1152
1721
5
1720
1350
104
978
359
392
1596
1581
916
337
801
59
1131
198
969
196
1586
1154
727
1395
1567
574
1787
1332
1715
749
131
501
440
1392
1772
931
321
1627
363
839
357
622
467
1326
638
1301
1365
1669
983
1619
797
1340
1286
862
990
1279
785
766
119
1027
444
915
1031
373
926
289
1424
175
86
350
1175
579
1346
75
370
1503
470
215
1452
125
1472
651
1335
939
1761
754
410
1690
1691
40
1198
991
360
387
179
572
759
720
1061
909
1237
596
1358
832
549
826
1376
0
682
581
1590
446
510
266
805
311
1546
675
568
693
1107
709
662
1522
220
1258
1177
1150
1413
1295
102
194
523
968
1219
114
1070
1569
417
254
1487
185
435
1016
158
1356
637
1491
492
247
627
1028
777
202
819
1260
840
1762
1042
63
97
1012
460
907
1252
1297
995
756
1554
1767
843
849
1223
1065
278
46
1086
846
134
358
888
1323
1668
1583
453
566
409
1515
1013
270
73
1764
268
1321
1525
789
729
1430
243
496
130
1676
1727
800
237
815
264
455
1172
1100
633
31
285
1455
1344
684
1382
584
39
189
364
330
746
1022
413
1148
1182
1737
962
1101
1004
556
1501
1552
162
1362
716
1068
992
1127
1408
228
1652
100
1527
1404
1645
1575
1638
1511
132
624
1557
1576
421
335
312
1482
1718
16
1041
813
1686
1598
1353
950
1667
1072
1403
411
536
83
997
1222
112
504
856
847
928
1019
537
255
1282
1139
780
382
1688
21
1360
1433
51
924
1369
352
1201
316
1014
456
152
677
1020
1658
892
750
250
15
1564
838
897
875
1785
867
1008
1066
1263
1425
1348
226
10
219
787
887
960
695
1325
1294
515
495
1137
478
1697
1149
922
1450
1508
233
812
866
736
1757
372
1091
47
1285
1471
668
967
1051
136
118
103
288
610
384
76
1500
671
1235
823
1518
879
853
607
1240
1548
110
577
1157
1670
375
654
1568
1497
1189
1470
1505
663
1733
1126
643
389
1324
981
1371
1166
645
38
423
1076
1545
889
1535
765
1591
1271
529
461
1607
282
180
609
22
1410
1559
602
1532
1378
497
1474
30
1108
3
786
661
1634
293
1229
710
554
256
1572
955
1193
371
814
252
530
1316
708
704
1544
1456
418
32
2
1105
1373
425
1364
1736
449
666
906
1603
168
1310
1448
1343
60
1791
72
567
19
1664
48
779
1207
940
1517
222
1741
943
1662
1499
66
18
1390
123
582
669
565
905
731
439
834
1735
376
1146
1756
726
769
1267
611
1411
432
11
672
845
1278
365
28
1490
1671
1312
673
1088
560
33
77
128
1605
737
547
1115
1794
1679
966
331
1275
149
683
852
697
199
751
374
555
868
848
300
1046
477
1320
101
1245
1034
952
1053
747
120
1496
881
1188
793
1262
1427
1142
500
788
345
367
133
1648
1079
1096
457
150
239
711
559
980
676
1243
1011
545
784
1639
1032
911
225
1713
1624
623
821
214
323
702
597
959
1308
1687
27
605
586
541
78
681
949
484
1155
23
1184
1209
203
1328
1338
923
1699
1405
985
782
1571
144
1119
154
195
869
1002
1620
380
858
187
1469
1547
1504
975
426
717
954
741
781
65
841
1216
1746
209
685
1775
1212
191
1033
1529
218
631
1381
81
320
238
1615
576
1396
1158
525
1674
1288
1635
17
757
14
447
1773
965
258
1684
1743
857
1728
260
626
957
1777
543
44
464
1120
479
925
340
1533
810
1406
1426
274
1632
1261
1334
1700
1180
1443
1473
87
1457
1716
831
1672
1300
88
1556
1307
181
224
34
502
1789
776
1009
1779
442
774
427
314
703
230
326
1038
899
1485
61
420
1438
307
690
1347
1394
1232
593
639
1339
1749
606
431
735
469
1276
807
591
870
1514
1563
401
1476
1642
1200
538
305
229
706
253
1179
1078
1213
1049
587
1758
659
860
434
833
1651
1117
124
1414
1333
932
640
1683
137
1165
318
535
630
1006
558
1641
1602
986
1467
1451
159
1037
1729
1428
1587
1018
580
1090
42
1712
1436
1412
513
1437
1647
1468
1171
1398
70
281
1249
1003
979
317
827
620
904
299
1725
1299
1092
1050
473
526
262
241
1062
1161
1093
1724
634
1385
1711
1543
791
1435
762
429
632
68
998
1112
291
494
1138
301
880
1135
1124
1577
1447
531
721
761
13
192
1133
55
918
903
308
616
64
1520
517
71
211
279
595
438
1199
914
613
1610
883
944
419
1523
1341
1423
1239
1104
29
1421
1407
790
1493
1380
212
313
1077
512
1129
1244
1314
1512
1388
1116
1561
1094
561
544
618
534
994
213
178
1071
783
85
267
700
1337
422
550
1402
487
1254
518
1230
174
913
621
687
601
1464
92
1540
563
99
232
1650
1609
91
177
1613
658
315
1242
1465
644
902
718
689
570
836
200
35
850
190
395
592
466
798
223
1640
511
1056
1752
1067
1081
770
1747
1109
1558
772
52
298
428
1793
1173
338
353
221
275
54
505
935
573
615
1060
465
1629
989
121
1399
930
369
1616
405
1147
678
385
394
122
349
1264
1604
164
1075
625
768
471
1723
378
865
1052
173
917
956
1754
1453
93
895
912
6
953
1156
506
1266
970
403
1707
603
1541
1379
825
816
533
612
79
1272
1708
310
1218
514
1256
705
829
1744
1054
1302
1386
1190
1162
1606
388
1429
1578
1114
1621
806
714
1113
1745
1026
996
552
792
1306
8
244
1458
1303
451
588
712
522
1665
