341
171
171
188
624
140
454
522
462
195
238
285
460
282
161
478
120
564
272
18
600
176
242
388
12
563
643
46
599
90
494
38
9
167
293
671
572
651
309
330
525
503
615
426
562
613
420
664
295
548
138
441
101
82
23
593
230
415
364
139
369
75
515
134
322
492
95
110
386
578
435
218
374
432
488
627
35
25
239
69
505
543
636
423
644
261
575
78
523
126
151
55
356
375
81
416
401
610
638
52
292
166
347
119
394
179
269
66
561
579
427
408
284
343
554
640
576
635
566
327
608
123
185
465
227
68
409
331
159
280
479
463
538
568
222
434
486
111
464
345
452
438
98
232
131
659
344
428
72
283
298
346
467
89
499
520
660
378
228
248
382
184
582
358
264
305
678
590
118
223
273
553
511
155
63
349
102
519
407
655
574
609
662
150
7
489
605
569
338
652
76
169
236
254
650
399
412
70
247
477
1
405
376
136
180
360
639
157
53
73
498
531
323
62
481
380
213
11
36
106
211
555
390
384
99
121
34
8
217
396
642
149
237
183
449
4
448
212
584
275
586
476
594
580
108
318
10
204
480
512
124
58
303
194
461
21
682
315
337
677
246
507
20
190
196
359
250
357
570
83
152
24
16
585
681
224
556
621
324
669
259
281
419
513
670
524
171
411
657
27
352
341
199
43
437
308
114
311
300
113
616
142
173
601
277
468
368
135
537
93
534
348
487
125
77
598
215
47
177
44
97
193
26
558
302
51
257
19
617
31
160
133
314
15
40
229
252
472
597
326
226
504
263
424
546
403
533
530
276
29
334
560
94
433
622
234
483
216
260
144
148
74
235
532
137
107
397
514
91
163
370
291
583
129
457
453
485
301
172
286
385
444
500
198
145
592
612
372
614
312
661
28
536
3
221
362
418
313
363
470
526
67
484
84
502
202
547
410
552
186
42
127
2
65
630
197
339
567
33
668
474
679
50
447
673
37
258
425
361
41
654
96
647
417
54
203
115
473
262
591
529
371
165
267
233
517
317
672
48
414
653
304
518
626
306
147
289
335
270
208
491
451
391
88
182
278
571
333
365
220
207
319
674
271
174
71
542
445
634
240
440
458
249
80
665
379
471
355
61
175
497
87
550
521
290
299
297
539
265
551
516
680
611
146
618
59
332
17
0
266
288
112
581
153
493
105
154
589
14
541
577
443
392
373
132
455
603
241
402
310
178
606
219
596
109
253
116
565
439
274
623
251
328
92
459
430
637
501
22
85
549
6
629
506
342
231
351
168
676
658
86
377
181
209
49
350
45
646
294
620
607
60
100
446
189
602
316
490
450
389
366
510
648
296
632
214
482
595
170
398
495
245
243
406
387
191
307
143
156
535
5
422
395
588
367
528
205
255
421
666
164
656
509
256
32
625
587
158
192
39
329
187
206
544
117
320
353
104
400
56
162
641
201
279
321
244
667
442
354
200
475
210
30
103
413
619
628
79
141
383
340
429
325
13
559
540
557
545
287
393
225
663
268
508
381
633
645
675
573
469
57
404
122
431
631
604
456
64
496
436
649
128
336
527
130
466
