341
171
171
63
128
483
439
510
60
30
130
599
521
327
3
503
157
95
376
355
82
298
1
352
467
61
612
309
610
551
618
455
472
574
246
160
312
462
96
524
282
52
42
430
546
485
636
336
320
614
257
69
433
184
236
665
637
629
438
29
493
243
123
131
73
378
608
641
401
592
540
549
174
90
156
580
177
83
7
533
661
418
366
552
384
50
292
274
289
51
278
440
339
217
199
570
291
671
379
662
531
153
198
205
218
251
285
54
270
328
57
343
383
323
432
48
573
473
255
652
600
677
400
387
529
171
338
356
216
615
340
613
44
501
188
76
40
62
262
317
504
84
265
303
416
634
517
24
411
277
215
470
329
542
368
459
441
648
598
266
181
80
444
351
221
28
279
358
193
569
105
392
372
232
206
565
127
426
0
158
36
112
104
660
115
635
530
656
196
147
437
306
502
623
375
555
553
597
264
481
381
308
67
667
588
169
301
49
434
385
508
341
254
417
88
581
474
223
415
596
395
364
560
354
382
500
161
276
495
535
642
6
532
601
238
512
604
18
347
220
389
380
498
152
479
367
528
26
591
505
594
466
93
166
357
103
191
576
450
144
499
231
675
204
240
681
538
319
492
589
622
33
413
149
136
654
640
577
235
13
290
145
663
497
655
571
77
25
275
272
611
406
151
293
116
644
522
605
273
461
137
194
469
353
59
425
253
85
9
311
486
5
100
300
659
331
31
134
101
513
404
658
350
490
621
670
185
586
307
431
419
261
410
296
110
17
436
396
140
39
225
176
519
373
159
465
143
111
72
556
646
295
45
64
242
19
374
593
81
304
247
148
534
165
559
122
409
487
488
333
536
315
35
294
2
283
625
263
628
286
135
190
324
258
245
212
359
557
237
682
402
330
386
313
66
491
452
620
10
244
121
210
79
233
541
86
227
182
139
443
207
162
421
471
142
56
213
427
572
666
12
550
310
68
23
516
302
582
639
478
489
422
170
168
226
679
627
617
494
27
214
335
407
269
476
537
647
163
657
672
650
526
46
325
22
680
616
458
412
468
558
388
507
398
548
394
414
179
32
362
453
583
334
268
229
172
371
429
155
21
252
178
408
219
87
224
119
108
442
544
449
514
603
34
428
71
211
457
619
496
154
369
638
397
280
564
316
16
390
41
506
124
561
451
259
78
527
435
477
543
94
322
8
287
651
626
70
624
377
318
405
314
43
669
164
562
631
575
579
525
643
107
129
299
4
197
208
281
89
326
420
106
587
271
676
37
146
361
239
186
284
74
175
126
567
222
38
344
260
630
20
463
297
150
267
173
348
607
117
584
133
649
456
200
167
249
365
102
228
349
585
668
337
241
201
482
678
595
75
645
523
539
209
138
114
393
447
187
609
248
391
547
403
445
92
664
460
189
99
15
58
515
475
509
203
511
360
346
563
332
202
288
183
132
520
125
256
602
53
97
399
234
305
250
578
180
653
230
464
11
424
423
454
345
118
518
113
363
14
109
484
98
633
446
568
141
606
480
566
120
47
55
554
192
370
632
673
545
91
65
342
195
321
448
590
674
