341
171
171
292
16
653
138
445
171
501
436
163
375
156
588
549
367
592
435
550
250
290
230
626
579
679
149
268
363
95
377
392
631
32
79
221
381
478
78
11
43
136
359
193
493
68
332
660
351
593
400
113
541
681
656
27
173
636
0
217
178
355
251
527
137
248
352
547
564
121
595
406
260
438
670
499
492
209
467
188
627
48
187
678
344
452
112
494
469
286
529
329
580
278
563
488
659
338
675
9
474
20
234
70
84
434
662
600
543
515
637
231
350
77
619
282
185
147
362
30
167
376
135
262
111
183
146
73
657
144
671
472
220
15
126
104
551
408
169
343
365
214
85
676
508
500
56
102
243
41
356
247
197
229
269
65
320
680
557
590
613
578
18
100
240
561
211
233
623
576
201
92
668
105
302
63
19
120
237
81
555
420
587
369
75
38
86
574
14
530
6
598
64
667
616
238
162
523
66
106
463
439
1
366
67
394
335
669
60
245
424
180
8
142
253
219
674
567
461
127
83
437
448
353
490
370
203
276
560
518
145
622
334
650
317
330
513
632
108
295
227
666
399
411
280
89
473
417
423
357
649
153
429
168
71
13
374
476
150
589
49
223
617
433
122
682
604
124
426
509
12
410
481
328
340
630
652
388
402
87
409
59
33
382
39
575
506
51
90
61
398
485
301
582
462
665
246
542
457
349
345
415
17
207
475
625
348
139
166
497
416
58
164
255
54
176
601
134
148
181
451
536
308
371
191
422
218
495
305
202
552
455
76
155
199
573
277
24
205
2
323
287
480
468
21
614
651
568
584
152
98
151
241
577
526
306
427
258
583
673
7
186
346
569
491
562
655
182
339
291
3
432
358
96
213
47
322
307
528
645
642
57
354
242
26
648
174
621
418
522
94
447
525
471
520
554
385
321
641
393
459
140
565
612
159
581
252
116
266
395
40
215
198
450
125
289
449
571
281
82
603
633
72
62
512
634
172
387
629
312
141
421
264
414
454
316
99
270
97
453
486
611
635
273
285
337
50
115
210
646
360
396
664
368
318
179
37
401
643
46
559
470
524
303
502
517
397
333
361
566
42
507
69
299
279
326
638
413
477
556
293
677
45
511
25
514
336
225
165
538
101
570
591
200
160
236
310
263
123
607
364
658
519
458
596
386
599
44
35
391
314
161
412
309
192
464
532
654
510
327
28
585
271
521
548
88
390
196
235
109
319
184
224
373
539
129
228
204
190
347
259
296
297
537
132
378
265
442
558
195
444
620
489
383
487
107
31
403
484
267
128
440
29
53
170
275
661
131
110
324
157
456
425
380
177
341
114
430
546
640
628
300
342
504
143
244
618
93
304
647
74
441
208
663
586
379
602
232
428
36
284
22
226
325
496
466
407
431
119
372
283
274
313
609
610
505
594
4
257
460
34
482
91
615
117
216
175
133
483
206
572
239
531
605
405
535
644
389
443
384
154
597
288
194
5
446
498
10
639
331
189
533
130
249
23
311
404
158
608
256
212
261
55
52
672
254
516
298
544
222
315
479
545
606
624
503
272
534
118
540
103
80
419
553
465
294
