153
76
77
108
211
224
156
114
50
162
48
13
267
145
132
163
269
177
122
95
146
209
167
300
275
49
179
21
24
234
304
131
140
144
91
277
255
170
44
280
278
1
191
59
263
265
287
225
96
205
118
34
166
198
143
134
157
233
20
283
215
102
33
248
77
183
116
80
214
110
302
31
115
232
6
142
235
87
259
153
180
64
197
216
60
160
158
298
46
86
56
174
257
239
212
196
186
82
79
301
98
200
187
19
130
254
83
14
228
97
68
123
237
229
184
244
11
61
152
279
78
165
256
136
176
203
185
291
75
271
141
194
202
221
236
69
28
253
219
207
104
247
3
93
16
266
17
70
2
37
171
208
63
249
240
52
281
188
290
270
282
119
4
101
65
161
210
39
38
169
159
289
252
148
100
47
218
55
22
129
105
135
299
272
53
258
250
58
226
182
227
284
66
292
273
190
276
137
164
268
72
147
201
90
222
67
261
213
154
120
285
274
84
43
199
99
81
172
88
128
117
195
181
112
109
296
12
71
295
23
111
192
45
41
245
73
113
243
264
36
217
231
178
193
149
5
42
126
246
30
125
262
173
204
133
127
103
251
286
303
124
220
241
151
92
168
9
288
138
89
62
29
150
8
26
40
223
139
106
32
0
175
294
260
27
121
297
10
189
57
15
74
242
18
51
107
230
54
238
155
293
35
206
25
85
7
305
76
94
