153
76
77
270
239
273
272
135
288
48
12
174
245
10
271
156
119
161
70
190
200
199
275
74
80
18
52
120
251
78
162
218
186
241
297
150
195
160
11
290
265
177
167
145
178
42
284
40
298
304
289
32
229
217
220
37
143
114
180
85
16
127
28
302
122
266
172
49
75
232
152
158
84
244
41
146
211
124
129
115
46
113
7
67
234
73
148
223
205
100
45
282
108
169
86
57
139
291
68
216
136
192
173
25
130
215
62
38
83
56
214
30
27
140
69
2
22
224
166
201
137
280
249
299
90
47
295
184
82
159
254
236
112
221
247
219
133
185
116
209
102
93
255
77
95
55
26
293
230
23
257
117
181
281
81
296
35
301
134
193
233
204
285
149
189
103
256
4
106
9
194
208
96
118
53
283
227
105
268
278
165
191
142
235
60
163
260
51
261
300
88
3
207
253
39
19
89
6
87
98
141
109
17
61
203
222
240
94
294
276
153
15
132
33
303
212
34
123
64
13
24
92
202
121
197
213
187
231
228
71
179
14
128
171
131
66
21
63
188
104
292
155
111
250
20
59
170
198
97
31
126
248
210
154
65
76
99
58
147
182
8
43
286
176
168
238
206
110
175
183
279
267
107
50
157
101
225
259
36
262
264
72
79
164
138
243
0
91
125
277
151
226
5
196
144
287
54
237
269
242
246
305
263
274
258
252
1
29
44
