153
76
77
156
275
280
291
254
69
8
262
167
177
17
72
196
110
48
152
234
235
176
63
191
292
42
9
3
244
147
90
248
30
223
215
227
278
219
206
189
125
106
300
38
296
126
54
209
19
111
18
199
89
24
173
122
216
236
148
161
1
16
83
137
2
98
232
58
103
211
243
205
252
185
293
276
99
65
132
190
143
158
213
272
194
51
261
123
297
120
32
104
290
28
302
200
188
183
226
81
92
246
184
201
29
299
151
75
93
294
91
115
141
27
66
273
25
133
214
144
274
138
285
178
221
53
71
59
195
13
288
107
61
229
57
249
118
41
225
187
231
220
267
198
284
49
112
281
135
264
79
174
52
88
305
150
55
105
179
154
84
241
222
7
129
212
116
259
286
70
64
155
21
101
224
283
166
238
279
56
282
263
43
37
87
33
44
207
67
20
35
114
82
6
268
131
180
31
109
253
117
298
36
287
12
76
303
202
121
34
77
108
168
245
86
97
78
240
5
4
128
182
162
0
301
96
258
95
266
14
175
142
68
230
277
186
124
289
239
270
250
204
145
46
22
193
304
169
192
119
94
10
159
47
153
257
157
237
74
251
218
255
165
146
113
139
210
203
40
45
172
11
265
197
80
100
208
170
39
181
73
247
256
217
136
60
140
164
271
23
15
50
149
102
269
160
130
163
295
85
26
242
127
62
260
134
171
228
233
