153
76
77
234
224
122
246
184
104
59
139
181
145
2
213
101
53
73
37
84
173
260
151
24
97
204
165
284
66
239
64
41
135
202
217
295
132
31
147
198
69
298
162
276
150
176
270
57
161
30
152
1
58
167
27
115
180
28
85
280
75
233
134
49
65
87
255
74
114
294
119
208
106
166
79
89
117
120
236
196
229
61
63
264
290
34
76
269
265
179
157
253
25
182
206
107
110
189
14
177
261
247
22
163
6
91
13
86
286
243
118
302
203
54
113
103
185
116
228
230
16
287
70
242
153
249
60
300
88
238
214
271
272
51
62
42
35
128
4
48
299
126
263
237
33
149
172
68
251
96
188
209
130
292
43
201
195
240
155
111
174
12
222
220
144
26
125
205
278
231
133
29
82
127
225
38
168
160
159
21
232
275
200
90
219
8
256
143
235
148
123
262
56
20
136
190
221
92
212
283
273
193
141
164
78
7
282
303
80
175
5
0
194
95
18
285
279
254
305
301
81
288
218
268
17
211
267
215
50
32
186
296
131
245
171
183
93
108
304
9
45
140
138
47
105
67
142
11
197
83
3
36
199
210
191
281
109
170
52
137
297
277
169
100
266
223
192
252
98
10
121
72
44
187
129
291
178
257
99
156
77
158
94
146
289
258
274
227
259
15
112
241
71
244
250
40
216
154
46
248
23
102
124
19
55
226
207
39
293
