153
76
77
144
184
82
221
233
259
171
232
9
52
81
116
255
114
17
224
129
214
14
151
190
178
231
191
299
132
226
210
148
225
271
63
197
76
42
131
295
209
79
239
169
133
285
205
237
112
47
288
248
19
1
158
96
30
228
108
174
109
168
179
2
137
235
165
216
161
281
90
208
183
199
164
291
149
34
31
106
297
28
32
107
120
302
282
212
125
258
117
45
146
53
284
201
193
102
86
290
97
270
283
176
77
24
253
70
60
227
25
71
202
145
185
303
159
23
20
56
21
196
213
124
206
6
262
274
130
104
58
98
29
244
91
187
8
252
138
192
66
54
127
49
65
5
83
217
279
121
245
298
75
211
286
278
0
123
113
99
267
238
243
240
269
153
78
94
62
50
203
156
119
101
175
304
173
11
88
293
118
182
280
265
67
128
69
135
266
7
230
247
44
93
189
276
59
296
12
257
68
223
222
251
249
74
234
188
84
242
46
177
3
89
87
80
260
273
170
275
16
166
111
13
264
100
162
287
26
4
254
85
215
35
64
277
27
195
51
150
40
105
268
152
207
186
294
204
154
180
218
141
157
136
236
261
37
272
305
167
61
163
122
103
172
36
134
250
10
22
57
289
143
200
229
48
147
126
38
142
292
110
15
219
300
72
140
55
263
95
220
39
139
301
41
73
246
181
155
115
92
194
160
18
256
241
33
43
198
