105
52
53
46
183
98
11
54
131
133
95
32
162
175
145
194
100
180
56
78
171
173
125
7
202
106
177
83
199
187
129
117
157
101
41
76
4
31
52
174
156
193
104
59
190
91
123
152
38
208
200
118
60
67
135
29
88
185
6
188
103
141
178
182
64
3
198
69
172
111
140
47
44
132
43
168
149
94
39
75
142
79
71
134
73
21
205
127
153
16
87
114
86
110
169
20
51
89
116
192
66
137
163
196
84
148
97
186
8
191
126
105
14
146
96
158
92
37
206
90
22
112
124
136
28
61
36
143
58
165
0
181
207
27
164
209
1
9
81
68
12
195
93
55
204
65
176
170
107
179
77
74
26
85
109
121
35
203
154
17
34
24
53
80
113
45
33
25
23
102
70
63
120
48
128
30
184
155
49
147
5
197
10
166
159
2
130
18
42
201
15
151
115
19
72
119
50
189
160
144
13
108
82
122
138
161
150
167
57
40
62
139
99
