105
52
53
156
64
194
132
126
195
0
48
200
184
188
137
75
4
119
205
180
21
104
19
45
24
35
87
181
85
5
8
136
90
204
148
58
128
84
161
22
94
162
78
206
198
158
108
17
51
14
111
29
62
32
12
6
129
71
13
40
103
26
105
93
70
144
57
173
10
151
133
130
89
187
53
174
192
185
155
77
166
98
179
169
100
18
65
3
186
116
79
9
193
86
190
110
97
207
115
112
172
31
201
52
33
209
149
96
141
95
170
138
191
55
135
60
157
2
37
183
61
54
131
189
50
178
163
30
182
59
39
120
27
154
49
113
101
47
142
167
56
117
28
203
16
72
109
122
145
121
81
134
146
171
127
202
139
82
150
43
123
164
46
208
160
176
197
196
69
159
114
102
44
63
74
143
73
199
177
67
15
68
34
125
42
152
91
38
107
165
11
99
7
76
168
83
92
20
23
147
88
36
118
106
153
41
175
80
1
25
124
66
140
