105
52
53
10
90
186
201
145
65
67
109
19
71
35
166
204
52
21
158
25
195
115
162
149
39
128
194
191
148
7
134
33
165
79
123
97
125
113
51
108
36
95
81
28
29
0
41
192
56
120
61
205
190
6
68
167
72
60
55
138
76
182
11
141
64
135
209
43
13
75
48
22
102
66
5
116
70
114
40
127
9
131
137
87
30
119
98
26
16
62
207
4
103
44
159
199
163
107
172
69
157
200
187
86
130
106
37
104
126
117
142
164
23
58
3
8
101
197
93
24
50
139
143
169
122
206
14
94
57
179
85
185
161
133
34
27
121
2
174
99
150
59
82
154
53
203
54
111
32
176
1
77
12
188
173
112
129
153
42
124
171
132
89
84
140
170
78
83
151
152
118
196
96
20
136
80
198
88
74
46
31
156
18
175
193
73
15
184
92
110
144
147
49
178
177
17
105
146
47
45
168
155
208
180
91
63
202
189
100
160
183
38
181
