105
52
53
197
120
122
63
117
73
27
114
147
92
36
7
69
112
163
20
115
26
98
141
101
91
165
146
86
29
58
203
150
0
189
159
3
172
22
179
43
94
110
124
59
148
54
80
90
142
194
40
100
196
99
133
79
135
13
4
207
169
202
1
139
103
182
176
52
56
119
205
129
83
166
201
35
77
186
61
199
76
171
123
16
66
84
95
87
155
121
177
15
132
190
38
153
143
193
109
44
41
125
8
68
136
18
208
130
113
30
173
42
6
140
137
34
21
33
55
192
71
104
128
134
102
167
111
48
37
72
151
108
204
51
131
67
154
9
78
157
50
164
178
89
31
82
175
209
187
149
10
11
28
85
195
39
191
180
46
156
183
53
23
19
74
118
57
12
60
5
144
49
14
126
160
47
24
32
64
25
96
198
174
97
168
107
62
145
170
106
152
138
2
206
93
200
116
184
158
70
45
181
88
65
185
162
188
17
75
127
161
81
105
