105
52
53
22
5
132
208
79
199
101
154
148
182
91
46
59
163
76
75
100
131
6
48
43
198
10
84
41
147
3
110
111
188
39
42
18
185
104
114
26
108
209
14
71
107
64
133
187
106
62
23
124
162
122
118
47
178
2
7
121
88
168
113
90
66
134
173
15
17
31
32
156
50
158
57
126
72
82
21
186
205
105
85
69
12
16
194
196
153
103
97
152
37
177
49
204
13
136
56
33
127
9
0
24
99
19
120
166
189
149
117
35
151
112
80
174
197
102
145
55
160
184
89
109
138
27
175
53
93
67
157
140
95
60
207
28
144
130
20
34
164
119
195
4
29
179
161
61
68
92
123
36
81
94
193
202
142
150
146
165
98
77
190
8
167
135
155
192
137
206
203
96
25
45
38
65
172
30
181
1
201
176
191
78
115
54
73
128
169
86
159
83
129
58
180
44
87
171
11
74
183
52
40
170
143
125
141
51
63
139
116
200
70
