8949
4474
4475
7588
13546
1500
17454
7058
2865
10294
12302
9925
8145
798
16613
11521
1191
16791
10053
4861
5917
11725
1705
6161
5384
1198
4947
3984
15945
14493
1517
4740
13390
6804
15501
14822
12935
4456
9623
5829
92
14991
10917
8223
1905
4089
15250
7755
11543
5688
9820
7180
611
6984
13959
10695
14686
11778
1090
9146
632
12624
8214
17726
4621
5708
4111
2778
4779
13108
10108
5468
8705
8230
562
12466
799
11330
4469
17038
8747
10790
17669
9034
16842
5421
8279
10904
12009
9765
12552
11757
8624
3798
10315
9960
4636
3401
8084
13505
2826
15853
12728
7171
3316
16637
3407
10848
12526
14616
582
339
2740
6335
15472
3001
16735
765
5611
13282
5780
2427
14775
13785
9029
17296
3079
15086
5157
15864
17552
8575
16702
17122
15908
1276
4432
10431
16760
15779
8082
4399
3545
423
12671
2656
10919
127
15235
10452
11888
4884
405
3740
17221
15471
2372
11981
10850
3944
15726
13344
15126
977
5751
15377
12738
7016
12697
11979
3646
8839
16781
6544
14783
11252
11694
10466
10449
4706
8712
17437
3412
8034
12193
5993
8698
4386
8492
12133
9511
13191
2131
15659
6584
4515
15195
17553
8836
4481
10820
4090
1675
16855
2712
6692
5778
518
5082
9504
103
15139
391
13023
9709
11457
7672
6
13365
15333
15887
14739
13747
5952
9945
15456
2108
8563
8593
13773
1595
15811
2341
11946
7659
9137
2221
8029
16092
7564
6271
9402
7328
3083
14744
8000
15371
6491
13192
17483
9106
3799
12985
6154
14613
12563
14327
3248
7020
14697
6727
6522
9167
1032
8914
2585
4958
11462
10443
6680
1017
4609
14960
3990
3772
12441
5847
6801
7889
15315
13388
14899
14143
6992
17110
16812
1280
6611
2409
3617
3587
8770
3668
8559
12022
2472
4700
2607
12434
5134
144
8865
1071
6510
10553
16207
16441
8086
16830
2447
2679
8711
9750
11736
6212
5057
1694
5151
1412
15151
7360
16923
6267
12439
13818
7629
5844
8895
4667
2511
3138
17405
6328
8863
8872
3077
939
6142
11451
9216
3342
5734
2838
12560
3577
5024
5266
10259
10052
8322
2042
2645
6468
9683
2467
14999
6597
11749
14746
348
11999
5596
4697
9046
8858
6299
8750
13501
4644
5260
595
8699
8634
17408
4868
14703
14854
2601
17361
5572
8870
5043
10159
10156
6192
11978
16955
8802
15565
6812
7596
6056
2526
4268
3263
8274
9121
9656
9503
14593
17716
10550
6446
15583
6349
14529
8390
4682
13424
8715
1097
11821
2410
3026
12775
6865
2912
1998
16796
17451
16118
17746
912
5723
6369
6129
10348
1411
3166
15013
17458
13614
6779
1709
3784
4146
16368
13607
11970
11346
11937
16402
13909
14463
4017
6347
13659
7376
5782
4244
5281
2326
7008
7915
907
15813
11414
152
15801
10301
10001
7834
5405
301
14466
11213
2147
13095
2118
4594
13392
3551
10591
15486
3514
6379
3528
3352
4233
15901
3301
11750
10206
2963
13892
6397
8191
17343
3870
4724
2479
3752
14671
3356
1818
11057
13266
2391
4036
6694
11255
15083
13856
14074
8697
1028
2500
10033
17506
14685
821
8532
25
16723
33
13285
16709
7591
3568
7923
7984
5453
15966
811
5067
10520
16726
17448
17631
11482
9827
16913
3185
10997
14443
13870
10593
14579
11348
8110
14527
17248
860
879
17630
6006
5142
16797
15209
7066
12806
6027
17576
11016
9346
11884
3087
3802
5653
11398
9443
4232
1024
5430
4284
4749
6895
11924
12239
1996
6772
4582
5248
1074
16280
10165
10915
3907
13661
7954
14911
11810
7060
17022
893
5436
1924
12250
7958
13267
5242
11190
525
11216
574
13604
12797
3569
15513
7396
12939
4960
1075
13459
11006
15212
12901
613
9131
8120
14180
12446
17144
2026
6794
14169
5935
3764
17094
3387
15714
2938
14034
1846
3847
1867
17707
8813
17354
13810
1160
7810
2227
15924
17098
1077
17435
12252
11081
1591
15168
4488
11334
2390
9008
14434
3920
15735
15119
11974
14865
8903
1456
7443
7400
14441
5382
14807
15832
15352
1728
10798
3932
7585
577
17501
10551
13836
16336
14545
4799
15601
17471
6659
14606
3730
3156
16484
641
6313
1132
17672
1374
9264
14373
11029
5251
16194
580
14922
8886
5074
7720
11447
9662
16373
8264
9889
1227
15272
10682
941
9701
9134
2274
10192
10942
4713
14083
14638
5217
16512
3926
8754
11126
6595
14393
17289
4603
76
1577
11065
15169
1633
2305
5651
1145
407
937
15573
17412
16168
8309
180
15175
11916
4180
1765
4553
17044
11645
10762
4221
14127
2987
16653
10570
1356
10529
6213
6464
8224
17050
4176
12385
14004
2081
10719
80
16262
13025
5945
9641
5507
4054
8501
4646
9514
3966
5743
8727
3830
1606
3430
7145
3111
5454
16610
2483
3338
14059
14902
12346
3938
5406
2976
8691
8816
2478
10646
4735
12128
6292
17154
9711
7999
16181
4160
8308
9649
4348
11900
12635
5503
3810
2186
3332
12277
1200
14201
12549
8290
17822
1274
14754
5587
3806
13425
1748
9935
12561
2638
2871
8088
10019
6900
12996
14752
14332
9581
8172
15553
3889
13090
13772
8843
16766
2660
454
9237
10860
2040
15729
8227
10129
10733
2291
12355
11592
2439
2530
11417
6380
16690
4549
7712
17316
13327
13883
10676
7918
9161
5678
1682
1169
7434
1907
1290
9113
9974
17363
3059
11799
11520
148
11595
12142
10183
1205
5814
9602
1177
9312
17604
6930
10703
12745
17017
12545
10884
9789
11785
5898
17564
17134
7991
4798
14334
3187
7883
17836
10680
6683
14137
10371
9193
216
12469
1221
17896
14704
17049
6500
10781
5395
529
14080
5470
6929
13815
12787
17112
14318
12713
2972
17389
11096
5032
950
833
704
16288
6556
8934
7955
8851
6420
7633
15590
2406
6085
10397
11511
4164
8689
17561
11513
16061
14091
13196
4328
9295
12974
8313
12830
12781
13061
11809
543
3289
12197
10845
12817
589
14377
10716
17517
2941
10830
5179
1827
7330
2128
10347
14603
5874
16447
3911
9739
11746
16550
10795
17324
2508
6193
14562
11184
2625
17645
1061
5649
9473
7262
8466
12189
15983
14601
2843
5315
815
1733
16159
11950
14905
3265
729
10394
10408
12508
14285
4926
12413
4468
9884
3472
8826
15662
9675
5524
8805
12001
4722
160
2917
5208
10213
7981
2640
3995
10618
513
3621
7793
17864
7705
5284
11523
9520
10068
10752
13222
8119
17387
1418
3796
16731
7136
16881
14067
8061
3216
7430
10576
17018
82
13858
11764
14537
12082
2857
1449
17141
5083
4625
250
10540
15861
592
6194
13101
7365
11806
6973
15575
11157
1811
16081
12645
1598
9547
17522
2266
5286
13098
17245
6885
1685
3299
6915
15048
13279
11156
16591
11329
3313
6728
13442
17788
14970
2997
8268
4659
15878
16869
1068
8511
12711
12037
15462
8491
13520
914
8977
15550
9831
9091
16919
10777
11848
6008
5753
15483
4075
8626
11152
17805
834
359
8760
3414
12028
14148
13631
16016
2632
8566
13658
9232
8811
4281
13603
14856
12694
3074
9858
694
5402
13100
4921
6873
15675
13682
11663
1672
2196
4558
15667
15936
863
8620
6106
2189
15685
16504
2827
6766
15600
5183
16917
11068
7272
5811
15705
2094
97
16240
11483
5169
2575
2549
12727
2208
6290
1911
4912
13265
1631
4497
10996
17684
1713
15427
11246
10756
3098
1797
2553
6709
4478
15584
8480
8597
1300
791
5370
15011
14401
11229
9499
17085
8623
916
7329
234
10149
1350
3738
2009
4528
11321
7552
14577
2029
15990
8948
731
16603
7967
7900
12955
13516
10169
17895
8169
11380
14956
15468
5933
14422
13428
15403
8007
1462
14998
13834
3548
8734
2311
10989
10873
10859
5832
718
7893
2254
2892
8253
7691
17398
17703
17734
14651
6566
8292
2788
522
133
8548
5956
17750
9573
16956
12593
6253
12621
10150
661
12171
11676
6871
3171
4818
17131
4443
4046
10201
12034
16145
894
2766
8146
8530
437
17236
6816
3226
12528
1042
15538
10784
736
10732
16540
15066
16561
8966
16549
11235
17584
7117
9774
10048
3397
558
6913
14965
16378
16371
2168
970
11308
9868
17600
7271
667
4519
10641
4077
11456
6078
13896
10660
14417
2899
17082
338
8654
16035
15375
13012
13554
1759
16618
555
10725
14838
4863
15985
1122
12765
13534
3337
6309
4718
13276
236
1384
14092
16080
17818
5877
13668
17725
11146
1284
9725
6046
15124
11392
13926
10573
5817
17351
16776
13649
1373
4009
4919
14311
10515
1717
5724
15866
11535
5288
16822
11633
5417
7183
10335
6706
17171
6832
5107
16534
13583
17603
8305
5709
10966
12891
12093
101
4906
10853
15825
6688
6059
11819
5301
4837
5920
8999
8508
15266
3542
6798
13021
10361
16169
434
9911
4850
12306
707
13518
7732
6227
1179
2349
7317
4924
3152
1698
14144
6677
11683
12803
13952
4719
8334
6385
8677
1802
17751
2249
15282
10414
979
17739
2462
17749
2113
8714
9092
7651
16339
12440
13779
126
5160
17691
14040
5338
14700
4223
1278
2415
6186
14586
8611
8143
13360
7303
16601
3201
12200
1687
16390
12849
13426
17382
10353
965
8210
11842
6148
14088
9872
6467
12965
8519
2496
4591
11132
5624
17218
10356
5310
16098
9253
11671
6702
14299
11422
8776
8686
7097
3463
6470
5126
4061
10242
15678
11953
10016
9970
9819
9786
10117
8666
3464
13179
8944
15775
12590
7959
12512
9343
327
1926
15847
9897
239
13242
17835
3290
8091
2694
7
16943
4987
13944
2205
13538
1393
1571
6339
7800
2847
14302
15906
16249
12812
16316
10304
13323
1096
16995
11697
2790
6399
11705
2927
15255
4168
16004
1804
8588
11148
2685
15280
7403
5971
9224
9039
918
10862
3167
10801
7848
807
16462
7448
17395
1469
4703
13794
9238
13845
12326
3057
2974
7715
7253
228
6057
16220
3884
17890
17792
15019
730
6356
10912
5546
8075
12777
2438
3687
3962
6466
4707
17625
6366
13710
13166
7423
7602
11154
6411
11307
6320
4308
1148
6494
5392
12479
12650
14002
13331
4064
2027
16711
9565
14053
7941
15516
2754
11685
13144
5048
10366
7956
9652
16889
4998
17586
15002
4608
4362
10684
5044
13473
10273
6368
6430
15378
12069
3651
11768
10774
11491
12890
12066
13881
1993
17897
13398
15160
16256
12993
11891
17191
17455
12994
10210
7041
16045
6768
14984
8507
7248
1507
17536
10035
14850
9841
5320
2709
10061
17080
7053
5528
6839
9017
9051
14218
11141
6983
1429
3294
7917
1947
1440
2352
3684
4067
8267
5010
1657
15780
16187
4333
1906
6103
4192
597
10663
16978
4460
12379
14659
2690
570
5090
5435
2067
9158
2913
11044
7404
7115
8197
1310
6650
5886
7069
17704
14595
3469
16230
17390
17894
2542
6010
2308
3468
619
12855
2858
14217
16114
354
2900
323
1534
7439
3834
1201
3655
10941
12490
1826
14390
10009
4380
5674
8345
9271
14122
8116
10459
15715
15274
12017
16922
5205
2722
15290
10648
12046
3903
17479
818
14952
8377
11996
4252
410
6153
2711
3763
8864
16379
1196
8560
8862
8420
2229
13243
11012
146
8668
4731
10407
10089
750
14699
5746
7086
7582
9677
1439
9609
6918
8373
9341
9268
5761
11575
8126
11293
889
10064
11566
1004
7694
13528
15572
8462
16046
2810
8580
13130
4890
4030
16006
8605
3280
12286
16474
14267
8987
5612
10023
11120
10141
13374
7357
497
17322
5632
9064
5063
8396
674
3069
15852
9645
10564
11485
3291
10332
2728
7106
11013
10362
12414
16369
12599
3858
15841
17774
16535
9226
4540
13068
1089
1896
891
3582
16918
9888
12558
4403
1240
17565
7785
12310
3534
9182
14238
16841
14029
16982
16623
17402
8818
17095
3084
6165
4371
8876
5061
7760
12480
14112
3515
1451
14457
7321
3129
15799
16884
117
6108
12835
8998
1029
1900
4122
15434
6216
9247
16117
16361
17282
10317
3335
15559
15615
10188
3278
12705
6069
9963
13967
16973
9491
11576
5450
17615
14526
8239
12274
15003
971
2348
11893
13646
10091
4121
8355
11728
10601
17230
16214
16287
6068
11469
12345
14585
5701
6874
7021
16470
8467
7269
11816
4261
2732
13757
10221
13553
862
9195
14415
8291
1719
362
1051
11085
12112
3766
12610
4421
6777
11395
17028
17875
10351
5422
3465
3685
12741
3725
4869
14683
4307
9274
2517
646
1696
944
16905
1640
11912
5175
13927
12653
14622
16366
14743
4242
8021
17498
12553
3002
15558
13264
11986
13147
4606
12627
9105
5471
14986
9128
535
10202
8042
12946
2634
2101
7372
11381
2945
15316
14492
6919
9873
5190
15760
15946
10766
3383
15948
14876
13880
3327
9175
4776
4741
15421
2554
5637
15022
8613
10358
6452
7791
4498
6234
11393
9891
7229
278
12631
3912
13764
902
11679
17228
2287
198
9314
477
8964
762
8592
15728
1614
5883
6463
2906
17252
4266
5518
4161
7551
2970
13961
12967
14860
12574
2491
9515
16614
10081
8428
2330
5493
5254
10634
1126
5957
1396
15798
11027
17740
13986
1064
16804
16446
14874
6619
14227
8947
17678
5124
1166
3213
271
2943
6219
9065
13189
3561
11432
8368
2122
12166
15989
876
6233
6819
11338
1187
14632
17595
12415
17268
13372
157
12179
6902
2636
1069
15182
6162
12839
13400
11011
3970
13057
2981
1752
10841
9870
9427
4470
13307
9986
11758
16915
2187
14396
1048
6955
9821
10352
17297
11087
12600
17349
1422
14397
675
11993
17393
4767
14962
5401
15334
16463
1479
5478
651
7236
4711
1897
3395
15020
8043
14508
2203
13760
1133
10406
2805
12365
6979
1590
15543
17535
11347
12504
17831
7748
13124
2921
4751
6716
11053
15400
4094
7544
7862
11191
12270
17664
11618
7998
11194
10143
8414
14339
14249
7576
10234
8985
7946
5591
1883
1286
2487
6280
14407
8687
7129
15956
13965
6490
2188
10455
868
17580
14781
3416
1655
6675
6731
14216
2065
563
6061
4031
17318
13728
11498
1689
2949
11247
1715
3517
9976
10741
5607
11536
120
12945
17021
7781
16660
8048
9836
612
9067
7842
14975
8702
15215
10558
1803
6261
9537
10340
11911
13496
10889
274
13252
10271
4178
2170
8909
7654
15863
3549
11362
14574
8925
4019
17802
11894
3421
11558
166
17127
8343
1060
6825
13170
2746
11932
256
8113
7789
5714
7428
480
1026
9045
15778
14328
316
15597
6730
5680
4420
3102
1602
14830
7983
9376
7495
7615
6432
9004
6682
4375
8854
13079
3790
5943
8188
9591
14817
4211
401
15815
12502
1770
9025
6249
9180
11562
445
6141
11335
6398
1220
17241
11210
10940
8129
2226
17752
11965
1646
16261
1080
12644
13117
4550
4154
4887
15588
6787
3809
10155
11975
15668
3599
4676
6922
16370
16584
5668
14098
77
5296
3177
3443
5646
1100
7040
14888
12909
1455
10282
184
4562
1047
12616
1945
11256
10715
17492
13842
16744
17320
1343
15198
5141
11905
12293
13723
10545
12918
11022
9227
2404
915
13715
10327
13919
17039
5881
4411
2909
14765
8209
17240
17578
3878
581
3053
16269
10254
15870
7000
14836
14046
11719
4309
13500
17493
16707
12537
12470
11695
14894
1899
4840
15497
8529
15805
4321
13330
2939
4391
10076
12125
8512
1163
14504
1513
4640
13570
2393
12208
14549
5875
12331
13735
2883
10103
11949
17538
5018
9866
12982
12156
5840
15919
7427
84
154
16758
1869
2017
14304
7566
14717
1463
3096
16047
3450
11772
2803
12571
11771
17055
6758
17225
2848
6406
10303
9472
9818
8713
13621
9682
6384
14322
4835
7538
1644
3787
10858
4358
12542
3349
13666
13716
7749
15723
13324
10470
16344
13656
11160
2328
922
14274
2560
12923
10739
15070
10207
4414
7469
11983
7072
8885
2495
1882
3491
7358
11704
438
1943
14134
3499
5961
14755
13140
4400
13002
16436
4785
13263
11200
308
272
9672
14505
1529
6554
16531
2955
15569
15689
12053
11031
8317
10563
16676
11429
4078
7632
12169
4750
13556
598
7244
3652
499
15301
14163
10514
5947
15658
16571
6321
4901
9832
5669
8956
10990
17593
16931
16553
7727
9601
6607
14212
10283
16027
16301
8122
12471
16324
10687
9902
17353
4251
4994
9425
1291
14532
15103
2055
10701
14831
13803
13128
17748
1339
10472
702
12740
15498
6394
8177
1695
9313
11795
11355
4671
1859
6707
14039
2631
4245
7164
8973
10596
10293
13042
16936
13070
13507
4238
10554
4093
9518
7264
11066
6011
1624
13228
5272
17220
2893
12098
4408
985
1549
1124
17079
7280
4390
3256
5932
2613
703
1267
14790
686
10409
1706
4688
1573
6937
17885
9076
7569
12042
3004
3157
14681
3061
5901
11844
14534
16853
2034
12661
17701
9093
114
875
13029
14432
11525
10380
10787
15500
6762
187
11866
3070
3647
17546
9449
8986
16115
10626
15373
11403
12148
9205
9680
14124
15257
6957
54
1535
8753
16216
9489
7628
9405
11703
10549
12910
5207
2525
2149
3310
14559
12493
11712
3797
8899
16275
8894
3076
16633
232
800
16184
5182
3828
16444
475
4234
15236
13044
12770
15409
7968
17255
4982
4727
5442
1941
16988
10264
10835
3192
3844
1329
12913
12191
6132
150
13763
3227
6949
10627
9759
4124
14317
17867
13047
6000
390
2469
15073
14766
5907
13001
15997
16203
3220
11167
7927
13034
13601
8520
380
2618
1512
2214
9351
7510
7304
6269
6890
11079
11666
4618
12078
712
3662
7638
16271
12229
7173
8890
7695
10802
13797
9582
5769
2969
6753
2829
4813
2633
9202
17659
16568
11192
16994
13423
9885
2378
9650
2622
4143
16627
17312
4368
500
2350
14649
9058
9921
7798
3016
4438
17111
16673
3981
1710
3532
6565
2611
7925
3036
7573
8550
13805
7415
7433
13309
9542
13826
11574
13160
13825
10633
13463
11587
13928
858
3480
13322
14731
6850
1379
12670
8733
15986
11461
14140
6303
16608
5861
3431
15130
14484
10421
9815
10368
13770
2651
10424
9937
12258
16802
15549
8392
9484
2466
119
6621
5045
7890
8790
7901
4642
13808
8852
3184
14133
1398
7114
15616
3266
3402
6419
14209
2935
5975
3747
10411
3207
4955
8406
17037
9394
11906
12784
11607
5976
14155
11223
9339
9928
10800
1354
1121
8109
7259
11357
17843
8527
12417
7156
15639
2309
16734
1282
2405
164
7227
11811
13594
1184
13690
4664
2802
5790
5278
8784
15304
3300
8275
7024
6042
6084
10871
9416
5204
14411
13873
16205
2092
3124
9971
3368
3054
15294
14146
6898
14848
10438
6232
7816
3727
16604
2903
12513
8052
7840
13618
11311
744
9813
11634
5302
2737
194
12242
5155
6668
16630
8554
13129
13610
15939
8130
8005
8234
6726
16395
6822
2146
11336
409
4564
15054
4426
15081
3357
1000
4965
3231
9097
4638
3789
15822
10412
14110
13783
9291
9792
9823
2705
15407
17724
11396
13654
4966
536
15655
365
3340
9451
11951
13410
8569
3476
10999
4091
4018
7313
7256
6051
493
8590
2942
1186
11481
8829
9657
14873
4382
17554
1778
1292
4041
16961
11091
307
13110
6968
7224
5327
14378
11684
13517
733
10819
8363
13455
9111
585
11415
16788
4915
15068
7307
10726
5277
8423
17490
15192
2791
11800
9403
10785
3370
5367
7102
14408
17041
2134
11641
9578
16363
17670
9544
12058
1351
2117
11943
12264
12
3164
10583
2218
8138
10154
2004
17872
12486
5122
2443
15680
9407
3558
12225
1014
8032
14000
5396
4627
1268
3794
16416
16516
3225
11310
10956
10789
14631
9668
13347
10847
3031
3689
16420
17525
13030
8856
15897
5293
9318
10484
5515
4116
4790
7237
17585
16174
2206
2595
17482
83
2383
7885
3994
17065
12371
8915
12209
6043
13766
14020
2087
11689
5494
6221
15759
14509
431
15579
11125
11001
14841
16183
14859
10072
6640
10825
9179
11464
10958
17418
15972
13730
5745
3901
12798
7642
1764
6197
8015
9890
16733
16113
16611
7980
16720
10357
15580
5999
6202
15670
17278
13515
1257
7717
8667
16273
17174
11309
8809
9258
16736
9100
2641
7775
17489
1441
9333
4875
8614
8685
1738
6574
12525
12897
11416
14044
312
7123
12548
13054
16821
5411
15834
5341
17581
1039
9732
2550
15010
5380
553
2521
9735
845
669
4277
16191
15682
1974
10196
14154
14513
3315
1616
5499
8775
10372
8123
2332
1731
1520
4008
5168
12398
11345
17265
3493
10649
927
7819
13563
7417
8945
12867
12866
16970
176
1315
8871
14804
7441
9168
2697
1020
7371
9747
7554
14060
7265
159
17854
10885
12231
11858
16257
4507
6827
3066
17549
1952
3005
15453
8105
10826
12795
3736
11586
8252
17377
940
12366
9526
8002
17868
10487
8055
7168
14553
1565
111
10306
13258
5925
11690
12708
387
5022
13672
8456
6742
12724
10866
4531
8245
6903
14474
382
8090
9643
8768
15216
1886
381
17534
12540
17514
7830
3198
4183
17848
4984
16424
1893
5641
6443
17842
14920
3951
10498
17385
13451
5891
5413
9081
14386
9082
1223
12154
4902
1363
12588
10258
8943
3441
15875
12330
9592
13415
1754
15929
10530
16244
15383
8329
2795
15029
10878
5797
9992
14602
1576
11038
7865
16926
5662
2333
4085
4109
2002
556
15228
8931
12925
5930
14452
13175
9684
6829
7444
2107
1299
1786
15874
15299
2908
1378
2463
14315
1808
8220
2385
6662
17570
10069
9398
13343
1178
10635
14045
2599
844
6699
2958
7446
108
3363
17300
10640
10229
920
15335
2381
17204
9334
8644
14668
4024
14232
12547
17714
6251
10926
17511
1238
12583
3867
16880
14366
14330
6670
12911
17083
11002
1007
6521
9775
999
2682
7204
8477
5072
16833
16384
14458
6277
6171
4693
17172
10516
7502
1506
7281
2700
14642
9090
5989
2238
15424
4073
17267
13693
14414
2565
14323
485
7379
6314
2730
4170
1467
10451
2075
942
13636
10653
7746
6520
645
16785
7933
11486
7987
7074
10323
3760
3739
14599
8403
9108
6868
13992
2874
4601
6371
11171
357
7153
14624
7765
12898
6864
17155
15688
14797
16152
12159
6169
5655
14646
15701
10718
8645
14772
7877
14273
13338
16036
15049
16009
3272
15771
16792
4534
6424
15657
10392
17852
14043
15340
10147
11839
10689
7926
16965
12679
12930
1600
6021
11936
8248
3961
6113
13789
10164
10856
8741
6203
9190
12696
16643
12979
4539
16858
8861
4487
8350
4087
16910
3613
13033
2762
5691
11873
11025
4814
17145
2566
12180
2725
10321
15671
14168
8658
1824
2448
10748
7473
6855
1586
12292
13105
6989
17115
7013
16309
3829
8648
14489
369
9999
15402
5687
11629
14028
14176
6439
16322
16403
610
1259
3877
11827
2670
17829
14801
10274
9806
1648
10799
3859
15223
1959
13134
9519
2652
8398
16170
13822
3058
4905
12585
155
11287
1114
1604
14336
13174
5982
5371
15838
5843
15464
7953
9423
1487
7213
7584
9080
12715
4369
5330
4220
5388
5848
14810
11908
2593
16501
4068
11741
11470
9512
15517
4892
7141
2275
5264
12522
13633
16138
11082
6943
223
9630
6144
9353
2699
10773
1528
9893
15465
14161
5541
14895
8431
6128
14205
293
10588
4305
1903
7479
12782
10138
954
12291
14297
14946
9430
14917
11599
6765
9490
3939
16605
8255
9978
15774
8721
8020
14617
13569
7675
13799
3880
17505
16938
2
2973
2604
3550
9013
2293
13202
16921
15693
9027
10181
4442
10137
7864
13550
12756
4807
12640
13911
13526
6757
6852
11938
12390
12987
5227
9646
17844
15702
13053
5635
13472
4401
11441
12980
12686
17700
249
9256
2397
11490
10349
15050
3273
8497
2723
7309
8514
269
10170
3117
14247
9270
2804
4698
10313
3888
14708
15276
7873
6623
6780
12722
6643
13443
12407
4769
4953
978
6920
11783
10674
14001
7455
16330
981
6451
14820
4817
14490
1330
3742
12509
4978
12584
17484
1437
11242
1229
2653
13378
12622
3285
1634
12235
9214
9740
17771
4504
13574
2316
4957
14643
11033
2545
11942
945
5343
6316
13432
15455
15254
9560
17317
7664
14823
12608
6740
9147
6360
1793
2219
12710
10071
11221
17088
13393
8306
22
928
6639
2659
2713
16172
12138
1325
3367
2533
11554
9874
3606
10232
15292
8108
17573
16813
13831
9647
1377
5019
13966
1189
17045
11
10445
3454
5571
10683
374
3303
3985
10265
6289
6691
16538
1444
5441
16258
3100
1642
5588
17688
7821
1891
9062
4349
15761
3481
12992
4062
1986
10527
2596
15884
7496
14663
6026
3780
2000
6641
10279
11427
2695
13598
15695
5176
7521
10450
8053
17067
9329
6972
4855
9692
15660
11060
51
4828
2346
9327
9396
7352
5923
7937
662
2584
1382
6392
1583
8855
14289
5959
7138
854
4286
5312
11538
1011
4020
6307
5109
6206
11850
3702
8337
9119
15672
15710
13708
15891
6847
10291
3960
2936
2412
10059
145
11092
7535
16851
11201
6137
10316
11386
15418
1853
17738
16472
12742
14787
7822
14372
10700
7148
10892
13676
14425
17195
549
6428
6272
13960
1607
13535
2989
17591
2620
11093
751
4772
6715
4579
11739
14949
3023
17226
10937
17853
6247
13153
10821
10002
9282
7382
16306
13990
6576
11565
12358
13918
13452
8331
5263
1386
60
10292
9648
7562
10840
14387
8793
5693
6497
5902
10578
12603
1002
5581
17000
14402
13893
15746
13297
11851
3277
2153
13250
11743
9413
13781
5842
5305
905
12226
13694
2177
11853
11556
8134
7568
4480
13236
13678
779
106
17794
828
16319
5255
1435
11606
7043
13699
7291
17272
15270
7157
15826
14344
10153
6624
2099
3060
11476
3917
1980
11832
9204
16542
16674
16239
9006
5393
10391
7491
5610
9469
12087
3346
12772
3125
3755
14669
10823
3774
3650
9298
7668
13547
8352
16510
12476
881
6370
16706
7176
9418
9021
12369
15561
9847
1936
14858
16839
4513
2097
14279
12580
10506
16426
11300
16148
6264
14811
6228
12319
8912
12816
17801
14969
4131
13994
8445
16521
482
10709
3947
2370
11104
6317
15225
15840
17434
7094
3496
7169
15193
11070
15876
2522
12222
10528
8710
6809
12105
310
15186
5576
14576
11107
14845
3818
8009
14295
3460
4720
9229
13237
7682
363
13567
1328
6982
8183
3204
5756
8465
71
10655
5586
16063
11405
15253
11756
16843
14612
12013
1055
17621
9943
5853
13611
6783
670
9263
14089
10475
14278
16532
12045
11023
2983
16929
13475
11870
12573
10983
16756
9281
13118
4684
15041
7240
8883
6281
15681
15512
17893
7022
8131
16147
7589
10888
4651
5931
5477
2982
15431
7759
9187
2318
4910
8460
2080
2223
16236
14788
11042
4536
14792
15170
5705
590
745
15065
17219
17366
14105
2515
9927
12751
11541
13525
11144
14719
10311
12075
16413
16072
10185
1232
9781
8003
1383
15425
7657
7530
140
4363
9285
13417
7637
7412
13524
6729
17465
1040
13246
8581
630
678
3304
17598
11097
17481
11115
16231
8752
17150
15712
948
6536
13738
16226
11637
179
16387
15725
14101
2243
322
8056
1582
5108
11004
8148
8830
16001
109
4097
1545
6454
12614
5712
14964
12421
6879
6407
9948
8543
17825
12820
10617
6532
4330
285
8115
5978
1135
6563
877
14696
9543
5991
13351
5791
7078
14248
12113
14652
16450
2504
5472
16502
16154
1848
17823
6568
12024
4985
14369
2301
4385
4746
17453
10808
6627
11613
8215
6529
15540
10916
11711
15114
4462
14042
4920
7741
14728
13180
14472
5750
1524
10423
1976
16134
14281
7383
9660
13239
8937
14675
6518
9745
378
3741
7437
1735
3251
12673
5363
12265
7504
4506
14211
5818
14445
995
2898
2598
14062
13795
13669
14420
12392
7297
13022
9250
5075
1957
1603
5830
4165
11175
16628
16579
3669
7489
10786
9790
10704
5918
6585
17523
3987
5663
13982
17680
3197
11876
608
1137
8297
3686
16790
15787
2049
8439
5035
17423
5884
436
8179
12347
11248
5838
1501
12790
13685
12111
17463
4148
4230
2568
5125
8791
17102
5237
4903
15349
12316
2461
16621
5754
8141
1856
1335
5270
14160
15026
4162
8307
17033
5696
14942
2195
14308
10228
10838
7159
11608
12877
13945
2480
2357
15288
3564
8256
8362
13106
7349
6005
3215
2373
7647
17762
8442
9640
6741
8087
882
7199
247
12442
15625
1551
13923
2200
7116
4218
3234
9200
17760
4584
65
7084
16144
9812
9117
12837
2192
158
4364
628
14625
12684
14716
15374
5287
17063
4788
3396
766
10425
3447
10691
12729
14587
4126
8101
3188
13796
10130
15208
14691
1375
6127
2937
6083
9055
9972
3495
4885
3141
11323
2523
8284
295
10086
6178
257
6444
13695
4276
3232
9068
15109
6054
11399
4027
11150
9003
11972
10474
334
10099
9664
3998
2996
15027
413
760
1086
2991
1525
14995
2023
6821
10913
5428
16197
12754
6967
11100
9054
15060
7751
288
9254
3814
7223
10037
1174
1658
16333
12220
10875
5259
7714
5736
1526
7611
2011
1015
3306
5008
5358
9465
2639
7325
15893
13609
17020
4873
3419
14502
16041
4699
4554
6673
7388
9851
3666
4616
8050
8323
9069
12030
1472
12620
3786
13804
3710
4465
8557
17851
11137
7483
16529
1531
5704
4063
11790
6661
5497
7904
4004
3131
10918
6614
7868
10559
16200
15260
11204
17355
12954
10447
6079
11231
8285
17796
4071
5231
1930
1881
3418
7508
136
13801
8578
7579
14031
10562
11732
6496
10625
8434
11939
6940
13823
16250
14733
12216
10496
16125
665
4738
13037
13013
8444
11188
10970
14641
2591
4823
10603
15004
7786
3973
10833
5198
4263
10504
1009
17787
17878
3045
5154
5113
6461
3235
9991
16391
15881
5551
14572
9524
4423
17638
15097
7627
16107
3484
5038
5328
511
1613
16317
10305
4754
1070
8516
4388
10839
3805
9433
2866
8429
2241
8875
9458
3000
7411
13887
4830
15845
5851
7402
12941
14796
11895
12065
502
16478
17539
16162
13974
14886
4225
15131
17333
14875
3913
10589
5810
12594
393
3897
15284
11371
1850
10974
16177
1813
1979
15036
15969
3405
1108
13067
7982
2140
15803
2264
6906
9481
801
16439
16898
6880
2524
14058
5700
6427
10240
11825
6333
17057
16217
9830
1902
9877
7364
9026
11269
12162
5268
3516
7630
2662
15783
1213
2401
12444
8073
7587
7739
496
15758
2851
2085
10721
17313
11199
13305
1662
11664
7768
11072
17193
4247
7947
16647
5106
13920
3745
7975
3660
13214
1336
1589
15174
6130
6240
2658
16337
6553
7108
12305
16590
17384
16243
12860
7667
980
5946
12449
10948
6848
17290
11632
1933
13122
12155
11168
6285
16810
14219
510
3635
6901
14385
11715
11499
4416
13270
13493
9223
13123
9364
11320
12721
6994
578
5465
8046
1724
7409
13163
11185
10824
5037
7649
10611
8801
1474
3239
14953
208
15993
15449
15970
3459
10964
17371
3800
5563
1563
14115
13112
13394
1559
16340
13226
8552
4576
11961
6082
4992
6252
469
6374
10758
13414
17510
17182
17058
6382
2190
4856
15694
17709
13284
17133
14560
932
4182
1231
2890
13049
17086
6393
11557
3605
3546
12874
258
3361
2569
4617
3339
2888
17662
3150
3172
10690
1477
4950
290
14351
13605
12963
8901
3237
15322
10972
9199
5446
9800
11326
14165
12683
17838
11313
16548
8797
2849
14645
16445
4620
2260
10949
5215
4066
9923
5656
3769
13680
14758
15564
9535
16636
9829
9296
2095
17834
6749
16544
1357
2068
3350
16680
8553
1918
982
16879
12473
13732
11344
6751
15741
16846
10797
14361
12591
3365
7710
12510
12607
1490
17212
12083
11572
7644
6217
8261
3411
10244
9577
15902
2922
2780
364
3982
8604
9532
4733
11977
10854
13643
11431
12202
16541
6319
13756
3012
16844
14123
5230
2336
693
15430
3933
15568
11438
16695
12736
3398
7645
7852
6209
3115
2152
1923
15055
8850
16211
12892
14256
12215
17352
6183
6017
4781
15703
14676
3064
7832
304
1955
14032
3708
9691
10006
17869
7892
9192
17839
2259
827
17804
11791
884
15045
6415
7902
6410
14598
14501
5695
11665
5298
2668
2944
1847
11428
6859
4445
17712
9363
7509
16809
8570
13851
16486
5375
10658
11831
12960
174
6910
9495
17242
9713
14381
13375
4034
968
2342
8905
2366
1829
13467
7623
6811
7779
14064
4839
6655
7065
15211
10191
15727
11863
3345
5544
16215
15134
7471
8938
13905
14522
3977
1254
13401
16488
2150
6626
12397
9702
1739
10922
8591
6062
487
7903
4891
13465
13514
14270
6526
17286
1406
6001
5720
6066
6577
12888
14705
129
3949
5274
600
193
14769
14368
11473
13335
16357
13866
3351
2091
16554
7592
10582
15341
3539
4932
10891
16479
13549
14510
13273
17156
17624
8118
2985
3706
5889
15909
4723
8800
6151
7435
2718
13503
17660
1497
10813
8907
11847
2389
11585
1758
8400
15014
7050
6412
12934
13256
211
6601
172
1099
7641
7498
15802
4365
967
4705
10829
12555
9529
8246
3173
2191
12791
12281
11238
13843
220
3169
1165
13736
1005
17222
6977
987
5845
11187
14673
11605
17873
15596
15938
2948
481
3135
6170
9389
2231
15628
11852
16803
15204
16475
13358
10537
14824
8207
9566
7337
7105
4412
5482
17781
7279
11387
648
2884
8336
7095
17562
7688
5347
3328
15218
15390
12436
10694
6364
2745
17215
3711
2605
16890
6899
10886
6805
10486
6923
9628
12732
14782
14982
8806
11193
15519
16348
5825
13970
12682
16310
10584
6345
7336
14262
8642
17148
14794
8683
7087
17727
15944
700
8289
4065
367
5137
206
188
16754
6672
4132
11292
13
6002
5469
12905
7718
10673
15242
13152
15860
1937
6164
5519
3865
13043
10986
14382
16670
7101
7315
6340
1910
6346
9085
11183
11453
116
4256
759
10260
4108
11494
1730
17653
16963
4716
3147
13377
8949
3942
15244
6245
6953
6759
4145
8565
16745
14988
320
7165
11262
9367
1095
5665
415
16950
2831
1841
12657
2441
9564
491
16900
12859
15855
9502
4605
7692
5051
15644
15867
17800
440
13409
3425
1347
16556
14495
11885
2420
7083
4922
17500
15690
9509
6126
17054
392
4786
4836
15539
3659
17692
13529
16850
8659
5250
5694
11169
17140
8357
17147
15240
11830
10209
15782
8144
8789
11551
16377
15612
9000
13292
12977
15289
5068
4612
17665
6950
3584
13602
3691
4882
16691
2455
1301
10568
16272
13065
10650
11909
13487
14837
7920
5638
9316
4
4377
8542
3732
5619
5633
2452
10468
17667
15477
11077
15361
16165
3445
501
5112
15246
16990
11337
10075
7882
81
14687
5069
3737
557
5517
3643
5987
7620
14724
11051
8441
16356
14628
10943
12821
6823
2643
16770
13137
14384
3386
1962
13148
10771
16421
12374
1958
11918
1457
17270
7916
2534
17841
5105
12165
3842
10803
15365
8505
7976
9954
15034
2431
17431
14714
2919
3986
11841
14989
3112
4437
3034
9737
15239
7023
11889
9826
4904
10842
9155
3181
17487
1953
15856
6697
14736
10461
7390
12822
14239
8359
4055
11402
1769
15460
10329
5530
17682
3448
5661
635
951
12218
9116
15392
2143
9545
4217
13096
11808
3991
9742
16043
2785
6916
16617
5221
9438
8181
9361
3014
837
14570
13634
15961
17650
4139
6539
8965
6114
8366
803
16567
5261
16820
16362
11545
2610
1885
7113
7881
13802
16040
13260
7771
11696
16129
1989
620
12804
6987
15443
3876
15713
5059
8231
14751
7327
5685
11929
5760
2005
132
4942
9848
7438
5443
13683
2285
14919
13181
11367
8262
5897
13078
11050
2161
11669
1972
3964
2445
12587
11400
7794
1073
12613
15077
17260
8621
11777
10544
14623
14261
6409
9366
579
15563
16698
4332
706
4101
11751
11626
1139
11597
4226
2589
6352
15865
3688
564
19
12990
4652
10929
13820
14563
16150
15164
11568
2072
15698
8908
15857
3593
14220
15581
8158
7590
3968
24
10008
7536
9156
16438
699
5275
5728
14997
3972
6447
6849
3270
4981
1171
3039
9244
15450
16675
10791
13696
12256
6861
3410
15043
17362
5164
8795
2842
14030
3782
6696
11874
1332
8486
8411
1404
12054
15676
9047
6713
1321
15485
16477
777
7730
2612
8781
16912
13207
14897
14406
2844
904
3104
668
12792
8596
8720
16354
7466
3915
7426
16655
1836
5523
12144
10104
2616
14226
5675
9975
2380
5234
8099
11437
15262
10386
3555
8335
9487
14741
7874
5111
17611
14310
10308
10097
16095
12626
10679
3028
14403
15357
4359
6604
11391
13050
12802
5065
16719
1471
2741
8653
17883
16524
8708
3821
11667
12687
2474
7972
3776
16291
3120
15326
8792
13819
13523
9639
17467
10333
17862
4844
7299
1088
4100
2789
466
7752
4316
7218
5762
10831
1391
12499
8589
14429
11076
10186
5719
5605
14900
17207
4725
16198
8418
4532
5542
9294
8058
16525
4185
6184
2520
8922
8160
4228
15532
15752
4597
14805
12005
9746
13647
9184
12919
5416
7684
8194
12050
1277
5420
2338
17325
3969
13221
679
9213
6854
8834
11615
12064
10511
15332
17302
1326
12136
1057
14528
12843
7699
4304
13587
4079
4979
6386
3578
15473
6330
4795
3021
17368
11240
421
3536
15098
12424
8825
10495
5033
15112
3312
1180
7827
4993
16086
13665
2460
16979
6087
9498
5216
5243
1725
551
12482
11971
14309
5025
4159
9066
14139
14340
12094
15120
11920
8537
17668
13406
8616
1708
13674
5729
16536
4196
9569
9743
12261
6917
11727
10925
997
7037
9241
16364
10507
9140
1417
8678
11458
7660
16448
11237
3209
6488
3015
14867
14896
4454
14910
16886
13254
9764
14494
10102
17527
5433
4418
13786
14814
13085
7370
1389
7577
4153
7324
7059
11475
7711
12461
10931
9620
3573
17575
8063
2925
9078
16513
1828
9377
9095
6506
5804
8449
8518
4696
16050
9934
1430
17656
219
14189
10896
12536
3113
13302
2742
11138
2183
17331
637
225
12375
9399
6262
9738
1546
5225
7109
14735
6862
14827
4302
1134
3699
8044
17006
6774
9860
4138
1721
14073
3503
12174
61
5822
13348
8866
6606
10876
16937
7422
1504
10127
2157
7945
11752
9590
14971
6022
9336
13005
6458
8764
8504
8737
6355
4366
9881
5455
14496
17061
14727
11149
7245
10869
7407
15921
1034
11423
268
17459
12288
2603
5557
17560
5456
10093
16594
1492
11803
17149
16958
2371
9863
10142
17323
11113
10114
2272
6605
7626
1743
900
4883
9985
16657
16848
13004
15187
5555
17266
12051
7406
4633
6754
14342
15267
2289
6617
11611
4670
15923
3598
10157
17826
6533
1515
11003
3927
12577
8071
14015
4483
10026
12008
7922
9194
4571
9595
15524
17076
534
4632
4043
1307
8808
9482
11654
1036
8270
13806
4851
6927
7992
13244
14243
3179
13251
4770
9049
7131
16487
12638
6034
8213
12196
16888
12433
15709
7757
17027
14557
3223
294
15104
17283
8070
9277
11628
8773
1289
13750
2103
15367
7622
8719
1862
5252
8453
6030
7815
9370
12519
11270
15205
7879
7274
2374
12254
1185
2256
5934
15591
7174
17696
6301
12484
11153
11249
16907
2319
4615
883
1566
91
14564
1783
10749
17306
4239
3182
11251
15214
13988
3704
14102
16991
7120
11186
10373
16826
11203
9996
9446
15078
17064
16467
14008
17840
17427
4755
12114
7018
3325
16028
14933
10342
10098
16981
13291
13312
17647
6112
2861
8294
14234
3283
12999
6689
17628
17130
4649
1458
14468
5994
9850
5521
1809
15067
7334
11385
10324
14242
15697
9570
14259
2276
8603
6367
8822
3479
7211
8310
7453
7973
11047
5332
260
16372
1995
15755
9118
9496
15232
2106
5764
16876
13317
11614
13592
8037
9887
9210
14175
5222
11161
13753
9442
13165
2402
11588
11931
15731
9541
14116
11992
9110
6720
2367
6782
13321
11189
6089
6332
16143
8993
3692
1204
14512
13187
9556
13971
12295
12773
15102
9292
17626
9867
8900
6254
14041
13688
10125
13156
3705
9061
9112
13775
7119
6426
8354
9220
15091
773
16326
12691
2016
12405
7474
16629
9617
1556
6786
10073
3482
6324
17693
4353
14253
8730
15707
11528
13841
7769
16829
2248
1865
1082
9235
6231
3245
5812
7763
48
10796
14567
14009
3212
15664
12703
139
479
6941
13326
16933
8892
2664
6378
13752
17821
10538
17529
1242
9583
12403
7447
5139
9700
366
3494
3343
1460
10806
6275
10085
14051
9218
8756
4629
2444
2104
14394
9115
8409
17813
16312
5073
17556
16962
13697
4457
2536
8571
7276
1870
2841
5220
10805
6789
10058
14773
5614
4379
1188
7356
5855
3429
15082
1219
14581
12858
17308
2019
8447
1729
1741
17441
2237
3038
6436
17105
13722
13510
9994
4784
1033
14726
2735
15107
14426
9922
17786
4628
14939
5659
11030
629
10623
14597
8432
2298
13019
5300
2813
8996
3037
5574
9575
5642
13571
16693
5839
6891
6421
17859
7481
11325
5334
9966
17806
4967
8251
10644
13131
1217
12651
10410
5419
16433
16133
17304
4878
15666
14440
5078
4381
7670
452
9099
16247
14207
12609
15300
12139
16094
10960
1714
14507
792
4477
3511
9733
12020
5606
2408
6799
1102
15372
6747
16689
13143
7135
7092
17782
17488
15904
9894
6472
4197
1022
3531
4275
1447
7002
3567
8079
16073
1552
11413
6738
11904
15085
13218
9016
605
10793
5226
9538
17477
9678
1480
14313
709
2440
13311
6931
8163
17661
9466
12244
15814
10973
17765
1872
15141
6442
16332
12084
17213
11341
17303
7838
8281
7408
17881
9359
15419
3899
1273
12004
7878
2083
4858
8060
14435
5801
3767
2600
15476
9919
8257
8920
16805
5279
17646
12100
7658
17608
6388
13829
2543
12108
3046
13458
4938
10314
1046
17753
13635
1732
13308
14565
5864
15890
11674
2166
12894
12927
1317
3978
16808
6926
15617
11158
12921
4653
10200
8494
5036
11442
14082
2673
9138
13724
6177
10670
6016
12529
7970
9549
8454
4517
15226
11865
7353
5457
3318
3722
11742
15248
5914
17824
15370
9173
6308
6459
11982
11883
9718
2583
4580
7680
417
7458
4774
9280
3855
15797
8051
12562
16025
17438
1251
6844
8585
7158
12572
11435
8204
5908
15311
3979
196
7612
17263
2395
5262
1915
846
7867
1838
17687
840
5856
16847
3602
243
2198
5660
8782
17026
10592
6947
9946
6207
5399
6037
12313
8847
15599
15328
7366
2952
4879
2376
4946
1629
6907
12763
15051
5988
1628
15547
3931
1667
10677
769
5737
11043
6550
10605
3399
514
16131
13364
462
7203
17860
15268
17137
14326
3260
12832
12337
7804
15717
13109
11661
14584
7077
3993
3914
7828
13885
4744
3439
13619
15000
3775
4838
9086
12234
12853
8153
14068
7350
3873
10204
10698
11782
5543
639
7961
15820
15001
10727
291
7845
13875
1632
7082
9379
4236
6998
13471
5699
4467
15037
10485
9342
17711
13727
3694
16461
9644
7226
14057
1230
5087
11807
2211
14695
10539
2854
7539
3427
7200
16811
12140
13287
5397
15848
2078
5859
790
12063
9782
14771
6875
13564
15224
4044
8287
2201
6928
11390
14433
10991
16010
4964
10817
16523
14473
8127
16311
4214
10341
12266
8241
6413
9663
6118
11721
15743
1067
16225
10270
13689
12575
8426
3250
2761
4392
9324
11714
8149
14808
7517
13898
1973
2706
11401
3636
9849
8896
10263
9234
3018
13240
13513
6836
4748
6734
9142
5648
11364
4589
9439
1920
4393
9728
17069
16057
163
7990
5039
9145
9391
2597
2148
7808
7835
7010
14723
4429
14660
9059
252
7814
794
1380
7464
13543
3608
11275
1167
683
10444
2862
955
14819
13777
11280
10041
9421
14615
10010
3811
16127
5578
11693
3078
10415
5451
10525
8482
8574
11352
343
13288
14197
16032
15499
14071
4801
5540
1670
17694
5601
15454
7234
1486
8976
13519
3056
14389
10065
5973
12841
13537
4006
7733
12654
5412
15922
3524
9584
1831
15234
8487
11266
16053
7263
5167
16577
1241
11261
4283
6645
17291
6259
4523
1773
9422
10629
3590
14967
14214
6685
9311
17636
9154
9040
13985
10354
16784
12411
478
11448
5479
376
8026
8637
16649
13641
12149
12675
16941
11753
5716
15768
11501
11123
13506
9478
17146
7505
6350
722
1352
11707
11174
17357
4691
12107
14356
5958
8333
11529
6813
10319
9616
4687
11867
1665
17504
15158
12995
2133
1774
14725
10051
17602
13943
9096
1814
2708
1704
210
1777
12836
16058
15343
10004
5194
3333
170
8218
13878
7607
143
6376
15786
9673
13142
6602
10331
2442
5181
10115
3344
6437
13172
14776
14094
17347
17178
8164
6063
5241
959
15491
7777
4072
7550
9012
614
9534
1532
1877
15886
441
4824
12840
1302
63
866
11407
5304
2432
9463
617
9767
8107
13652
2041
5398
10402
10500
12073
4715
8137
10395
7863
5593
11164
5977
13675
6571
17847
15673
11522
1511
4877
3123
12002
962
3275
10336
13171
11286
7707
4721
15823
6093
8942
7861
16021
7662
17350
13115
5904
9246
4155
13953
6948
8175
14398
6642
6163
14928
14936
1214
6007
3619
11822
6652
12636
15106
3698
4433
8100
2375
218
1155
12602
8810
9228
17229
15846
200
14338
2137
2995
10078
2994
6630
12360
10804
11129
13800
1796
8240
6969
17768
16345
4327
15306
15718
2681
13229
870
2961
9259
12211
1898
13215
14656
2928
2212
10905
7343
6842
4520
88
13103
1868
6588
11349
11472
14979
16139
6041
775
5666
6791
847
2615
13116
1359
3255
4945
13440
3130
3321
6058
14276
6615
13149
2990
6331
17097
10843
11549
1605
7790
1402
13572
15368
13590
5749
5162
16255
3458
6182
1365
12515
12294
2768
5144
8950
16013
14893
16223
4259
4324
16005
9384
12716
5484
6932
15178
11225
4870
4288
3092
13407
2323
17468
10984
12122
2856
5447
12998
1226
9201
14096
11762
9895
3826
10343
8568
7962
6156
7283
9834
16123
16526
9315
12517
9417
1195
17299
13469
4692
17440
5378
16452
2950
9983
14762
10508
14655
5970
17685
14282
15927
10517
14271
4943
15882
5962
10082
5120
10031
1521
8958
12961
4186
11239
3042
2331
13850
9355
17060
7355
4565
17403
8485
11964
1697
2292
10895
10577
11802
11018
9300
4914
5006
8656
3341
4267
7266
10717
4505
10106
5950
12323
248
8974
6268
15156
12633
6237
8674
5799
1787
10401
12604
2110
6882
11610
7537
6099
16692
17326
7565
15916
17544
6124
2993
9734
1781
11506
11559
6519
16641
802
8254
3090
17759
13729
9239
795
4297
14093
14600
8584
6678
15053
11181
15747
12401
17485
15515
7490
8700
6764
13832
8971
625
12349
8567
15796
16186
15314
1942
3817
11602
5319
11638
6482
13790
988
17231
16254
4930
7316
7721
17689
3406
17009
4712
1668
3331
4732
14592
2559
9242
4854
12372
3714
12285
7399
4573
9390
12752
14680
6440
7907
10688
15926
6035
7128
4419
17528
8463
4672
16838
15227
13787
6226
13673
17346
11957
12533
9320
12176
15446
17436
11976
17543
5858
16305
5621
13253
13978
2428
8515
10662
17066
13972
5197
2571
4650
8573
11304
9722
12137
11798
5910
16763
10460
12507
16828
5195
6883
1522
11215
10980
13581
17342
12106
12532
17415
4745
7341
1294
8446
13650
7635
9052
15171
15442
15046
13212
15297
16669
4995
6383
14662
3478
1587
1442
10363
12135
3729
12393
4205
3661
784
93
2774
8391
5153
14345
1740
7252
5351
11915
7697
17856
1197
3238
13238
3611
2878
8923
5550
3423
13058
2171
3168
10013
10245
12443
17769
13003
12060
14453
11324
6858
11465
956
12383
10879
2204
10120
15261
11699
7319
13133
14722
7150
7896
5040
13939
4489
3703
2343
10042
11875
12680
2290
3967
9685
12263
17180
9521
9435
3667
15162
9997
4804
10017
10233
2169
3137
360
15830
10296
2485
10224
6359
2473
8707
9551
4948
4510
3631
17606
4753
2750
5757
10092
13020
742
9580
8049
17003
10849
11899
8012
9878
3709
265
14826
11166
12748
2063
13483
6255
7520
11045
6735
3680
279
6109
455
4140
17101
14479
11767
9188
7703
7194
6101
17121
2216
12895
3654
8405
11540
11041
976
5890
16457
14980
7118
9307
10417
16642
12669
1801
2980
11122
13161
5258
9431
15756
11009
289
4278
2100
12730
5049
515
12048
12126
17416
12120
5539
1265
17274
11677
12949
10110
8382
3508
5247
344
571
16518
5990
17183
657
3724
12916
4144
15744
5776
3614
4845
12468
10736
7560
17330
17273
398
5046
6775
14784
11609
5820
17337
14113
5640
9301
4447
17609
13478
4734
7210
6246
6717
4384
7549
10429
15653
9249
15637
12857
9554
14768
15147
1686
9708
1212
6860
16654
11373
7293
377
2753
3975
10696
16179
4212
7825
7522
66
6075
17627
1409
16777
1038
4820
10556
16238
6524
4896
778
12163
16411
13286
6372
16493
4933
15941
15651
11421
15008
5235
9440
16259
10297
2579
10531
1592
3600
5763
17644
14395
9913
2202
2361
714
14070
8018
5616
1940
7514
2165
16980
10174
5862
3451
4187
7764
12000
13233
1884
15012
13210
2671
4624
3712
5009
15996
15177
12801
3641
17370
11968
10208
16587
10651
16494
4103
6166
12944
15824
15528
4630
6266
11901
10907
11343
14543
1523
10512
8967
7177
1438
16327
6315
1961
6362
9613
16241
5409
16160
2720
14690
11342
10945
813
12834
17461
10654
7706
8555
5926
17728
949
2353
2299
3623
8796
6616
7238
8185
17356
13758
373
13566
6502
3791
14076
17502
3391
4287
2251
2247
2889
4846
857
10454
3392
16367
8286
10163
4383
4191
16029
3757
6745
11653
4811
14996
17512
3320
15451
12296
3918
11709
15351
7284
17119
9816
5236
1054
7007
8547
4583
14086
4747
14688
10778
17002
1654
14250
5084
5533
6341
14065
17587
2312
8957
14539
13217
7578
10034
2809
15873
12425
17642
10318
7155
4482
6431
2509
1478
8057
8525
15293
11659
14141
7005
15017
11985
10868
5000
4472
10861
2322
14861
3086
4561
9631
4634
6474
9251
14800
17373
5795
10490
99
12912
5079
7849
10924
12450
12564
6703
17545
12813
12720
7107
14934
14863
10346
695
15577
547
7548
2079
4303
4886
5570
9611
2924
8522
16374
1181
13861
10882
3174
10975
13615
8263
7928
975
8962
1176
5758
16213
2738
47
2047
10822
5
11834
13342
3233
3504
11130
7289
15548
3063
12283
17444
14191
6453
9629
6495
3900
15411
6323
1844
12972
16406
3701
14252
2667
6145
9862
9557
5034
15603
11365
7820
7167
6478
2324
15980
7151
1349
12958
9527
10220
2039
15386
16212
12014
8
3645
15230
6552
16586
12241
17755
1683
3693
1428
14410
17722
680
17166
9368
9322
9814
12786
8250
14172
231
8652
8187
3276
4021
16468
14095
17476
6564
10152
12702
4207
11997
14941
15818
2433
1150
3518
10770
11621
16105
10302
11636
6353
17187
7419
1123
15912
4141
12642
7028
5318
7796
1466
7608
10218
11723
14052
15452
16771
15773
1544
10959
8054
2476
7797
10857
2356
7792
221
14221
11631
10953
11550
7027
5967
1771
14145
973
3522
12506
7196
6548
7450
15279
17192
654
14157
4431
8690
12948
8725
9958
5963
5303
16315
2564
13038
9087
5536
2839
5373
2586
4040
14192
5323
14228
402
15285
14884
4336
10708
16986
9822
3269
919
11484
1105
1109
964
9297
8910
325
10126
8954
11170
15256
4274
15319
14940
10792
2124
3629
4229
12570
929
16435
3307
14825
664
10493
1153
1625
9266
5101
4175
1237
7311
14544
7011
1737
4296
3726
12815
16408
11879
10636
2426
9083
2714
6225
3334
16055
1871
13938
5199
8746
17259
12550
11600
5163
6019
14684
5892
1434
2513
17046
7124
6265
3322
10590
5592
1498
8243
7273
14633
17871
822
8718
14923
12796
195
13482
6429
890
5974
14324
5020
4424
4792
10542
2608
3989
11014
3670
12825
13064
6032
15493
9865
6631
7724
9130
58
7354
5055
908
13370
6310
14265
17223
16469
7254
12146
8777
1152
12132
16903
9240
16870
9461
1003
16520
2302
5568
14108
16606
12452
17070
5103
12432
10724
13066
4502
5285
4051
6120
12232
2457
12361
9419
2224
11509
2234
1076
5321
16334
11828
2136
2358
17731
1641
8930
16066
7652
32
4050
14932
17845
17224
10047
738
7026
9842
8545
11000
5779
11328
4311
15191
10387
9160
3288
9098
2868
10067
9139
10379
6962
7133
14237
8342
3455
17208
17757
9183
13341
1216
12976
14203
3601
16749
16728
7091
3845
2069
2419
7305
9859
16464
14063
11117
15533
691
13368
12317
6942
9464
87
10740
16052
12495
5410
15595
10107
8301
7932
38
4033
4986
16927
17143
10427
6417
13301
14558
14174
8831
2334
1637
1475
5627
899
263
2155
17507
13848
11941
12847
12459
15295
5291
17117
17618
8495
13719
13784
6732
11675
1671
10880
3426
2185
7681
852
11356
10178
79
15859
14181
9522
2957
3857
9290
6250
6498
9517
240
10146
11274
15080
1984
20
12321
113
9669
6484
7698
2265
9785
17720
4436
1620
9803
2531
16522
1780
2139
13721
15544
4867
7160
16827
17383
7844
7723
5174
6818
2492
13701
8095
2235
12353
9910
12115
8798
16167
11837
16352
14855
11907
12412
6893
9924
4637
9485
16904
7207
6273
2514
626
1510
7079
2934
1837
11477
3909
6958
11573
13901
8627
7391
4213
12061
14229
5132
14416
14379
6776
13677
7977
16767
14360
14816
1253
13384
41
11578
11078
3146
6107
4657
8551
10710
2642
6086
2151
16624
15127
4107
16460
13793
12531
2351
15440
13376
938
15971
3134
2801
2059
11591
17747
2486
1173
13949
14869
10637
3509
6322
9206
11824
7494
16664
10923
15317
15606
6744
5026
5912
1119
5672
14530
1932
11622
12038
8383
13940
11106
11864
10330
5322
11211
16182
10281
8675
6116
3812
3734
13051
16794
7813
7829
2758
4314
14720
9299
12396
13183
14049
1921
7025
6456
1660
5185
9071
6136
15448
8633
8186
11202
690
4900
8404
12665
15623
17702
6158
10250
6608
10193
2360
649
15153
14033
10574
16662
433
9965
7855
3389
7339
9784
17633
11774
11507
9222
6870
14376
8298
15346
453
15117
15380
11268
11124
16093
12068
12514
15490
13088
13863
16634
7034
1701
9665
8004
16801
10686
11277
12861
12300
2691
13136
13046
3804
14555
810
8367
4394
3751
16769
1243
2879
3547
16103
3756
3371
15435
13725
16492
13495
2384
9127
6297
11026
2488
13107
15762
2881
4996
1494
1766
786
11471
1062
15994
12303
12201
8184
12332
14835
15281
16453
8882
4694
12348
1557
12655
13162
12129
16717
6074
5647
4086
13886
3376
3983
13299
14552
2551
16175
7003
8269
13521
9962
17810
2986
8387
370
7527
12228
9825
6788
3017
10025
10961
12968
5559
13844
10285
17537
5726
8388
15506
484
4171
314
6653
1887
11095
11273
7076
1700
14467
10572
15347
15030
7745
16079
3183
16019
7876
9536
4604
4775
9136
6503
8693
3770
12940
1025
15794
9555
8348
14550
13325
6492
1991
933
6557
212
8853
9751
15072
12487
13014
8380
16210
3874
13468
6473
14583
8932
8014
17364
10759
542
17407
9
7938
10547
11173
12755
107
5307
7728
2057
9060
8475
7459
1790
11289
9989
12753
7232
8237
11845
7206
15984
13782
9571
15800
3145
7332
16289
8198
7738
6513
5564
10519
15219
11176
3580
11701
11206
17422
3620
5357
8076
2594
15979
17798
9903
6573
10608
14054
10890
16573
15312
16977
12070
6342
3435
7014
5423
337
7208
10376
16049
14862
1579
7609
8650
7913
14927
11882
4119
8017
15940
14320
6863
6434
4500
10063
7359
8316
6438
10197
15630
16482
1244
16840
15245
14290
11716
15730
5833
2779
11376
6462
168
16739
11584
16583
7036
8117
1702
658
5658
7121
7493
15987
2392
9286
12838
6060
8242
12914
1194
15918
9939
15518
14003
17087
12852
16465
17882
17233
13190
13491
12886
8617
11877
6396
17533
11232
9947
8849
7374
2127
15552
1104
12619
5081
1908
6014
6134
8939
7306
4290
17190
8189
8156
14183
10148
6031
6256
11601
15062
14173
2894
9053
2905
12922
13248
14499
10742
17772
10310
512
10021
1673
13395
5047
9741
10257
768
3461
13216
17832
7700
9793
516
4322
9676
3208
16389
7888
3452
7754
3658
14343
74
8736
1266
17004
13813
16355
11410
7772
6401
6746
17369
10286
5738
6305
1929
10225
15877
15207
4194
9257
12260
9987
9614
4680
15776
10442
1031
14106
16451
11198
7290
9420
13846
9563
3713
9695
12731
2076
13767
6833
13083
13480
15342
7192
4773
12199
3744
10911
1971
9209
16128
4396
1252
16551
2006
12445
10168
2121
11868
14517
930
3008
6884
1387
633
14883
2277
6686
10630
1156
6951
11179
16852
4378
8399
13830
2471
2454
8490
5815
7242
4449
10887
4410
14291
992
697
5594
16666
8103
15618
4514
11305
5345
472
11260
10575
12489
5953
12081
1505
9736
11745
5316
13755
11952
16071
2244
4695
15408
2345
17319
9896
4852
17196
3
10027
17766
12878
261
1821
8435
9655
12141
3393
14833
873
15484
14657
16597
16059
2931
13599
3202
2501
17855
5569
15038
12177
5789
13807
16514
7089
7574
5005
14321
11316
9995
17761
1136
14461
9050
16663
5313
15716
15541
12496
5548
1353
11910
8832
1001
13306
11526
1537
11306
16088
9207
7690
5893
15057
652
15359
3106
14531
5360
9546
318
6610
2050
16688
7523
10448
2666
11598
16335
17035
6961
11440
15436
13310
9479
9704
254
14993
2979
14079
3815
9810
1585
5670
10647
3142
15231
9462
10416
2436
16083
7911
16034
10040
10140
2644
7454
12207
3589
6712
471
11032
4367
10277
14566
13946
572
8619
5502
14388
12538
634
242
8814
14851
8774
2413
95
13915
507
4299
9169
17889
1960
2518
15708
5980
15531
12451
15736
6778
2891
9689
13391
1722
13877
13041
435
16136
13439
1143
6541
12615
10084
13679
14536
4058
11284
1785
9727
2916
14013
9197
16509
9666
13017
14992
13380
16832
7774
13231
10779
9593
1473
5364
8723
10604
1305
4014
12172
16400
15851
5954
17424
7934
2286
10145
102
10632
11927
3735
8804
49
14477
3574
6097
783
16667
15298
8602
10560
3615
9362
16432
15023
5985
15190
9808
16681
16825
14284
9674
1224
17113
6586
1146
4341
1649
3486
17420
11944
504
12652
8412
14497
4105
17657
13740
10212
12198
15252
14190
10628
7716
2556
14957
4035
15197
6139
14400
1427
6365
1753
5683
17
6609
12743
878
14418
10705
10238
6866
9770
2537
10753
9567
3240
14380
14022
13645
11793
11539
5325
3296
2363
202
2793
7648
10567
12062
15121
15754
361
9448
8635
5271
16385
3544
15523
13071
14498
12501
6125
10377
841
1519
9942
8600
3095
11314
16410
12187
13642
4826
13976
7163
13929
358
8812
10534
4991
5824
7233
5852
4329
9480
205
5609
14694
14491
3359
4728
698
7506
2918
13329
3795
4766
15173
7214
5944
5983
17635
9497
10811
5846
5299
11197
11933
6304
8933
1085
1149
14024
4593
11672
11147
6761
5510
11195
14178
9163
3200
4300
6038
7516
14121
5860
16085
16102
9196
14421
12477
3761
16208
9579
5143
73
5021
1420
7870
13412
6934
10780
4777
15554
2828
5774
12101
2792
6505
16483
3895
16609
2592
11646
6375
9441
10236
4555
3033
4354
11218
12984
3579
1988
17649
17764
6110
13653
3905
15413
3681
7666
6048
1465
16543
16740
1116
9483
3695
11624
17478
16392
11297
6270
3871
17016
12947
13474
9035
17173
6763
3533
7042
660
5476
14774
14021
1423
4730
5827
2853
5501
1019
5348
495
8913
5407
2823
9605
7130
17884
14542
16338
131
292
2482
6222
12095
468
9101
11966
2674
11639
3625
5165
15917
9401
723
2507
1493
4112
9553
5054
7247
12033
6094
10737
8244
9015
14353
17614
7908
1063
10261
15459
6924
1369
10100
1468
2886
3837
5582
1314
12456
9539
15176
11603
6174
4765
3697
3424
8219
4848
10404
1792
2959
10030
6956
16002
12524
6479
11055
9955
15096
18
5188
9984
17287
90
9916
2683
14849
16180
4956
6067
13436
9317
14438
8749
13484
10077
11207
7112
14075
692
1558
2477
13135
14750
15594
10631
1938
2233
16401
10360
1344
17073
5740
14605
5491
331
16874
5229
3717
14222
15063
3487
6824
17077
5267
14405
9687
13778
13352
13355
8606
5534
13595
10112
14107
7006
15629
7278
687
2715
4714
2498
7802
11331
8013
15960
15816
7778
6327
1894
10760
12870
14903
14538
4543
1147
72
5244
11180
957
5508
9779
2411
2647
13386
677
4098
1239
8867
7541
2307
8680
14961
16893
7132
3230
14786
1757
16656
17381
10028
14568
655
2209
13438
6963
7063
14951
13588
1684
9576
9604
895
2580
7147
9776
17775
2120
13332
12818
16920
15184
17466
4631
14431
10043
3326
7049
4134
1599
17446
8622
4347
3992
3836
1403
15862
719
12811
15962
1823
10370
7451
782
1889
573
13867
5679
8438
2971
953
17379
6511
4493
17715
11544
16064
13606
5490
9426
15839
12307
2619
1269
6921
5765
12134
57
9753
3777
533
13821
6600
15952
9345
14132
7380
9917
5512
12595
17425
17206
3628
8632
4831
15021
9716
10132
5525
4210
3373
2064
14300
15379
12096
10046
6954
15358
3733
6705
16473
6516
16818
14798
14135
13314
8607
1805
1690
7310
6545
1334
17340
16283
13717
17891
17589
8628
12362
2015
12387
16382
17179
6508
5703
2437
6807
9332
4743
13912
11579
11135
1270
5127
3032
10609
734
3099
14198
16932
14930
13405
9721
16775
5580
12280
17181
16120
16386
3498
3801
412
7392
147
9288
11397
3502
5834
3529
10616
6592
3862
15915
6760
16209
2175
772
2692
17827
963
9712
11886
13624
12057
9508
1931
5353
2022
2310
1151
9360
1820
5722
10480
7172
14571
1951
13580
17152
2877
2499
16242
5739
214
4106
17374
850
7799
11327
5498
2822
10467
11504
17779
14547
12430
1041
1021
4968
16527
12868
9559
13560
2020
2834
5689
7340
15943
12873
13035
3957
6625
14449
12460
16959
11425
2547
6770
15200
27
15395
14742
8924
9693
2588
11940
15305
15116
14487
10385
6674
3229
7395
11290
2819
2052
5187
43
3781
12726
10832
17246
10384
17280
10488
1711
11258
12027
17846
8631
186
4243
16987
11702
6361
14738
9940
7401
368
3683
666
5496
17084
17199
3728
118
566
1652
2784
2930
14306
16815
16423
1596
16835
12056
3928
2821
8369
12559
9415
12966
1366
14976
7405
2129
11467
12666
11527
7045
10962
326
12431
4084
17865
6721
9452
13447
11212
13399
5434
17310
11487
2031
11052
15576
4158
10738
2184
15963
8722
550
6635
14885
11276
10569
16394
14358
9331
6102
2911
770
17594
16530
17495
9550
1324
5114
4803
5919
14437
4039
10300
5777
10482
4909
2777
14604
8823
2538
6887
115
8417
10158
9411
16759
14240
14948
14511
10671
9002
165
5196
15087
17410
7127
15995
530
2044
3762
2650
4096
2657
13817
13369
14464
9374
15201
16196
14186
2953
11692
12322
10434
9596
4025
6013
9795
2213
8509
1303
3222
7190
2252
3824
17165
12800
11747
3284
10555
7687
2751
13367
17526
156
15463
11369
15828
13726
16454
16190
14111
1858
6867
9625
2630
16845
10216
3863
2929
521
11514
994
14767
4495
17590
17104
4508
13663
7144
7951
3716
2870
12301
17043
9032
934
9706
10899
16020
11478
9178
4011
8500
15634
11794
5885
8819
864
15287
16659
1432
13743
4925
9892
8968
8162
16580
8296
14866
10243
14036
5924
8639
3091
8236
9122
7905
8564
8168
3390
5135
15094
14269
9279
1461
6205
6837
9144
3831
3309
11480
6681
17074
4102
12312
3630
15108
4683
11761
8703
3107
9690
3490
7512
2481
59
8840
7393
13981
6669
4623
238
8395
9387
7823
16562
10465
14702
755
15555
9170
3003
8280
1876
10055
7545
8077
16331
15286
10011
8780
5634
3324
11804
1485
575
4387
5809
5146
6104
5233
6181
9135
5042
11015
6020
8353
15652
426
958
4843
842
10933
3570
11625
12983
7486
3671
4980
15143
12025
11267
11698
892
16201
3792
15496
4338
8036
13765
12494
10939
2624
11479
2824
1368
1249
9410
6769
8450
12130
4825
8762
17778
8437
8288
14664
14653
17601
3295
17571
13749
12422
17567
7702
9191
5147
2840
15488
3128
1621
11668
11061
3378
13203
17421
3952
8166
9373
9530
13586
4074
12649
6537
12088
5245
2178
1342
15772
9707
11754
13075
10619
14674
5214
13188
8282
4415
7333
1812
10176
8159
2176
4678
17430
3027
15586
7219
1553
7758
6486
16062
5088
16449
3020
10909
4224
1106
14588
9369
1446
16425
3807
12634
3434
11136
13998
8577
1059
8984
16476
2070
15
201
16966
10167
15105
4737
1
6648
40
2421
8772
12236
12344
14973
4289
13146
14006
2698
1555
13048
1832
4864
2354
6796
12712
15514
4970
539
12664
4312
12823
16351
13225
17281
1323
8217
1385
9028
8539
10712
9166
7963
6909
8726
2914
12648
16620
15817
681
9603
17404
16715
6840
8874
2024
820
230
10463
5600
4521
16671
15784
17014
17120
12370
10902
17654
15942
2112
2347
15397
13431
5816
4430
6546
4293
3850
2771
2388
11178
14085
9022
6012
14521
7683
4613
16430
3996
8759
10672
11840
16772
1348
14667
17472
12831
17090
8452
8778
13852
12902
1661
46
2379
8978
8879
11640
10320
11913
17175
7603
1864
14471
14729
16854
3148
6897
13620
11534
17307
2845
17548
10441
3354
9272
3793
16823
17858
14200
13000
16293
8216
1835
4557
2962
11288
10754
13579
10977
12399
8523
10074
17367
9697
6710
7361
10995
12227
6123
13479
7847
6966
1452
13476
13816
7202
12943
3287
16358
7767
259
15136
5100
15770
6469
10697
12688
16599
10355
12161
15683
246
15044
12131
4935
5936
12465
7818
15006
4551
3151
8413
96
5770
11635
5644
5707
12123
2629
9918
9132
2727
9933
16699
9323
4952
4675
15199
1895
215
3457
6752
2540
4656
8679
7919
11208
7161
13991
9434
10038
7653
1211
16012
303
1112
7346
13132
16303
439
2135
2897
11034
11604
16485
14748
10039
6138
7744
13889
4295
399
14017
1392
12478
10910
6441
3843
16555
12219
11814
11623
17081
519
7432
8670
2850
13435
13036
7351
7220
12581
5365
12783
7948
2882
4544
6646
10503
10814
3575
8503
16574
14710
6892
6542
9217
1541
1594
17201
7897
15241
9375
11375
15405
11922
3581
9882
14764
7906
6559
1247
9853
10190
4298
12924
6229
8975
9615
44
8315
10139
5509
5133
11131
11890
17032
13542
1371
2180
13018
15871
13703
6515
16793
11508
11257
11730
12395
2451
11989
6122
13551
936
10661
15183
17053
9871
9993
5857
17417
6390
4805
12566
4427
8225
9861
5464
14525
7146
2748
817
14813
11849
5880
4458
13027
16221
8427
4874
3592
14370
3444
11843
12759
9568
10681
17464
17513
14164
4899
11359
14257
9103
7288
5193
16222
17341
14898
12072
14153
9189
17540
3029
13511
2329
5211
7397
10123
16399
3940
463
14709
112
6912
5311
9044
12367
14983
13962
4668
12989
16878
13934
16911
1842
12871
3956
5031
8271
11955
1117
2815
3110
1822
1246
13485
11444
14938
9148
5336
10390
14193
8259
15795
15165
11382
1720
10622
5228
3507
9802
14341
12245
3610
8074
13872
17456
1875
14126
6894
9686
9335
1776
14476
2003
11737
17328
42
13762
13557
4871
10219
8651
4405
6567
7826
12598
6632
7222
17754
10675
9261
86
14630
8022
15720
16807
11142
3044
12764
13167
11759
1977
13640
9208
14711
3195
16947
13874
353
14609
527
13076
1056
3118
17735
5721
3825
10837
6278
4999
5615
4060
16863
3723
209
1539
5552
5400
14037
10597
5425
13862
8208
6373
10543
9513
7442
3446
6414
16429
11532
8873
8940
13533
10685
2119
1880
5439
14607
5836
1262
2021
16003
11934
6671
17128
3089
16626
599
2359
14730
15974
13294
3180
4552
14482
13555
5440
5368
3520
7255
6286
576
7110
3006
9968
4888
8221
16602
13091
14460
4237
14721
15323
621
3749
9428
13921
8647
10080
4452
7492
461
15894
11118
3241
1617
13937
4195
9699
5900
15934
4842
3892
8979
1372
4082
5631
1318
37
13094
9157
5793
3925
10751
3286
13339
4404
1550
888
1078
235
11616
15042
11744
6091
642
15487
16069
123
1791
6603
12678
12582
12175
3894
6242
9667
5867
5718
6845
2946
16270
10743
13293
13080
2449
5099
2717
3085
1669
1405
12124
8549
6004
15764
6530
13084
4335
14701
12793
4940
9730
3380
1806
874
16026
6260
5060
3116
17819
4782
17723
4812
12957
16883
6846
9494
7056
14307
5186
15981
15967
12402
14007
4881
6679
8531
9358
9077
9149
10864
7671
7088
1533
13247
14215
7375
10095
13433
17623
5727
3868
9328
11519
9404
8878
1159
16434
13540
4115
15144
16415
2920
8167
11594
2869
6224
12704
5803
16765
7809
14812
848
6287
12308
6294
6435
16658
1502
7631
554
6485
17763
4264
10171
17729
12080
647
14109
12647
14152
4509
12767
10049
869
4037
12714
2317
11434
12467
9598
2739
16048
8917
2570
15647
5283
9533
12102
12880
17399
10865
6119
5819
13087
12380
10334
7555
15525
15318
9635
9212
3954
11878
13768
70
3853
11789
14872
708
11163
3803
11062
3648
12351
5863
9626
8785
8374
9720
13494
2037
1118
14014
11788
11619
1767
13120
17162
11069
8544
10491
2032
739
379
7277
16298
17445
11817
1419
8083
11682
4641
15398
16789
10521
17790
14246
12462
4530
7300
2915
11748
10599
6594
5481
2574
1476
12692
9063
3466
836
2074
4862
6790
12269
8695
2999
11596
4459
7931
12076
16110
13903
14005
623
10426
6649
7542
4681
11512
4340
10483
10610
10906
5715
6179
4639
17426
12359
15384
1656
10403
9869
5095
2978
8067
12186
2267
7583
7345
12498
13298
16359
12530
16546
3644
2998
4199
14451
13366
15056
5744
16946
16342
2207
9310
872
16264
10657
14935
8408
12297
2544
12116
3860
6477
12185
5899
11995
17247
6045
15007
456
15152
15570
7184
56
12739
15791
9037
13024
6663
15233
1561
4802
887
17391
16588
1499
9930
14066
11642
12516
15545
14852
11656
4931
15258
11733
15167
3162
13350
2123
13924
16397
5012
8033
9729
14208
5565
13907
15925
5979
14245
10000
6803
2382
4012
8731
4783
10113
3653
10400
5903
13224
3663
13705
2686
15024
10079
16686
11394
924
2001
9409
3935
12747
17198
14412
603
7996
7075
15203
7189
4455
16044
15622
13333
282
2456
16282
6514
15052
10166
8393
13357
10420
15992
233
7599
10734
2954
15138
16746
2977
9089
3861
4453
12693
9381
9681
1367
8072
2045
199
9330
2061
5129
12012
4048
13987
11295
4231
14114
17189
7085
16885
15767
5350
3930
15329
15339
2339
8904
16600
12257
13977
8665
17329
10116
10851
11430
4485
16592
15466
4581
10478
15481
4110
13769
7142
15978
5767
1043
10118
11222
16999
2755
9042
3945
3748
15161
9835
1584
6040
104
2174
3206
13623
4522
6596
12883
12043
3329
2434
10788
7181
5324
1964
12975
14870
1627
8318
9838
8272
15360
2327
10457
14959
3832
17655
244
10782
6150
10088
14503
9931
16442
2818
11856
4556
9763
12389
2655
11214
12986
7869
15474
10217
7643
3618
6543
7061
1736
13791
9964
804
14316
2880
2798
14770
28
14118
11769
8211
9510
2051
4527
6100
3122
8365
13868
3676
9186
2273
11488
14241
4907
11612
7322
2465
7166
8106
10419
10579
15321
12907
6236
2172
16173
14834
1312
3385
12744
1491
16817
14184
13687
15113
14540
4944
161
2772
7198
11054
11497
13241
2512
16176
4585
16528
13445
7543
14665
15150
16042
13859
9287
4806
2867
6238
10045
12544
8278
14210
9633
3718
5189
227
8742
16193
13627
3194
17491
12298
12903
15089
767
178
16087
6460
1084
17428
11291
6517
746
14465
16227
15684
8540
10179
9395
17648
11954
7368
15954
15739
4566
6076
400
13589
8880
13387
14196
16799
6664
17238
10932
7740
6676
9778
4166
15015
16171
1400
6784
3673
7598
9074
4666
12746
16873
16537
4669
15809
16757
14871
4125
4988
4317
11859
4395
3081
78
5731
12275
15611
4739
672
7621
8562
12041
173
3974
14590
17257
16975
204
7197
10057
13151
9766
7004
8724
3753
5394
2429
1635
64
14706
16705
346
4759
11869
16930
17876
10276
11861
2418
6773
3314
336
8526
11718
12658
16646
16056
14943
9284
5604
9587
15627
9977
14551
3624
1794
14963
4149
897
15180
11898
16948
7301
8299
16960
1049
16033
11128
6152
15790
966
3866
15092
15656
14364
10536
4334
12725
15429
1756
7418
12733
464
7534
12268
17612
14430
13853
6160
1304
5575
8173
5702
14194
4198
7039
2030
5326
2992
2300
2684
2960
15704
12328
5711
15631
15308
2088
13403
3632
12970
6071
7475
4273
16901
10180
9382
10111
16164
2162
1588
15663
10295
5210
14448
10090
15123
3950
1454
9181
13185
226
4270
7532
7445
15636
7410
5354
13026
17271
10428
12788
11111
11787
13839
1799
13899
2269
15613
10713
16268
12854
17663
6235
1154
7384
14777
7179
8260
3946
2967
15061
12335
896
16511
16075
13454
2731
8641
1203
2325
5094
5511
6115
10744
15278
2364
5876
8038
8608
8346
7137
5849
15740
13544
11155
15016
14693
17168
3305
3891
15788
11530
2665
10764
4343
8498
6147
8356
8385
3298
1094
10699
3556
17443
12031
2577
2199
4758
7485
13575
1514
12090
9855
15415
9516
2637
2424
10173
9120
16346
183
17617
15872
1610
17386
7605
9084
4975
15009
2864
4083
11765
15641
13593
3594
12194
6509
11962
1066
15700
6080
15247
2263
1854
8155
15221
9959
2459
17572
12205
13177
935
14916
13275
2807
5788
8212
9607
7787
12386
12097
1914
17785
11516
8324
333
6785
17047
6064
2071
9075
7747
13444
4610
1542
7656
13456
16418
5475
15699
17309
12491
996
13827
13630
12534
3009
7871
3838
351
16940
7736
1255
8881
7593
12845
14424
3030
13916
182
7595
5488
13664
2255
17254
6284
7342
9248
2295
4209
12340
3604
5938
7468
11560
14016
6293
16914
10711
11582
3025
10730
12318
10307
10056
11570
8928
14647
5487
2278
5463
8461
3191
12181
9354
12381
2528
4568
7969
16233
7528
1967
14188
11083
11220
191
10723
6628
7032
10936
7215
141
16718
3904
11420
5771
6690
2253
796
3219
6578
13461
15310
224
15154
6244
2222
298
16651
2102
15313
1140
653
9486
2964
14374
1622
14469
8717
6070
17284
11857
990
5547
16149
16895
5652
13746
3525
3746
16572
4600
10614
14707
10967
2506
2800
10893
10094
15093
17075
10477
4201
10430
7766
2181
6656
14081
16589
427
6872
16229
7416
12378
9951
153
8136
5356
7518
17551
8228
11892
13995
8992
13274
16908
11159
4150
11801
9632
16195
14892
4847
13864
11956
16891
4045
13711
2609
1263
15749
5408
15467
9585
6911
8594
11926
1264
13613
12578
14596
2355
4588
10775
16142
13771
98
793
15529
13871
35
15283
17262
4545
6329
6618
12690
7413
6647
10388
2400
5249
12863
10934
6722
2582
498
2073
9321
142
3640
15935
11998
2497
2933
14286
15426
15122
5028
14303
11643
4222
14556
4880
6724
465
12869
5294
3415
7064
16585
3218
1639
1619
7261
10971
13211
12418
8536
6997
16934
2297
7756
2757
6583
5161
3523
3243
832
7071
14987
5383
14541
17151
9938
14436
12827
3474
9679
16747
1320
14929
15035
2138
11855
10612
15833
15592
8448
13854
8869
2910
2111
4709
6580
8135
969
7742
16074
11740
7035
4762
17261
6808
3049
14446
631
9627
1142
7853
15076
16665
2321
9950
506
15527
14715
6831
11377
16729
797
1516
169
13402
701
11947
6888
16497
14213
1611
13011
11412
9152
15646
13692
4898
4865
13462
4742
11630
9659
5894
12668
222
10309
5489
3282
7817
14018
2966
1581
3893
5080
229
984
7950
9306
925
5752
15542
7217
993
15196
16578
15494
17863
5995
9386
9694
5667
7497
7547
1293
241
11145
16989
9671
16108
12192
14352
15410
3428
10469
3360
12464
11724
7205
31
11959
13745
12127
13201
10863
9944
3154
17639
5960
12952
8740
4174
17158
8927
10776
16652
10566
9304
12808
45
17686
6976
17679
9710
3051
15166
16237
2116
15907
5909
9057
10867
12183
9293
6538
15869
10533
5759
17719
1718
13397
14333
2701
5869
587
1295
8538
16515
13346
12872
16343
6009
5352
3557
8176
9429
7665
1333
17118
3612
13996
17019
3375
14023
14231
16997
17462
8025
1679
3839
6318
4939
3203
12341
15837
16596
537
2830
13734
6695
12757
6131
2018
11581
15157
15643
3936
4537
14206
7488
14117
6856
16622
947
921
7111
596
10222
13498
10602
8011
342
15604
9088
2767
12214
3408
9915
5346
15075
3440
886
12011
6857
14170
3437
1127
14913
1192
11028
6180
5981
9654
15957
12246
14346
15959
12851
6348
13709
13761
13869
17730
17072
1712
716
5741
8587
13527
7674
16928
13552
12243
9450
8488
17126
11056
16039
8265
12230
14357
16954
14048
3358
13502
1572
13082
4227
1800
11139
7898
7139
15069
17344
13951
3268
14233
10992
6243
14924
7465
277
2621
1337
1415
16065
12885
5599
14947
4088
9072
13814
13028
12336
7463
11930
14296
8576
5589
12324
11569
7275
8370
13069
4538
9754
11372
9337
9610
6402
849
13008
1235
9225
11813
13477
14937
3510
10189
3852
4184
15520
11617
189
1006
7073
15692
12338
458
3211
5359
13453
489
5437
13947
2548
5331
6743
10757
16539
16
7614
9957
9289
16414
11686
5123
15889
9460
2614
4451
8389
11360
11299
2940
6296
5480
12735
5684
2464
17447
2283
6476
4789
8410
11468
6387
9618
17406
13888
5522
13040
3119
299
12500
13073
12040
14791
1707
12420
715
541
16265
6570
14589
17244
4911
15914
12314
14371
856
2089
685
6095
1218
12503
12240
13788
2557
10187
7260
7841
2425
16786
3136
3664
3563
1416
16505
1927
13337
14611
13670
16224
12799
1643
4373
12766
16137
8763
8541
8612
9378
6471
14650
2077
8732
10237
10546
13648
1742
15602
12249
10005
3019
17378
11987
7414
11923
13015
3500
6483
3675
9658
2193
17237
8833
7099
10903
15059
10535
4941
5014
8572
9412
490
11673
17599
1058
13269
5335
2769
6028
5381
5431
4849
5041
3413
16038
16192
12674
15149
9797
15566
13092
12354
2763
7859
9506
13759
315
758
4080
4292
5202
13706
2904
14843
9772
6405
12677
11710
7258
7429
3908
1381
15858
3048
14047
9492
5775
4663
1784
8982
1098
1638
7811
467
7257
14832
15947
14689
11897
1313
12195
1361
13737
1508
13232
5306
15458
8378
4797
4917
9230
5505
4619
17457
9817
17392
14162
2132
14131
749
2179
9185
2896
1030
11411
5813
15140
11121
8757
10571
15503
8807
5246
14516
4949
885
16158
11547
16101
4529
3519
1983
8960
12681
5787
4548
1819
14806
14636
14619
2105
1287
3228
12118
15879
7909
6423
17503
16135
16076
2304
13597
11564
12119
10765
2197
264
14546
8196
16279
16716
5062
7044
17176
6455
9414
12807
10818
4726
9456
16508
898
10160
17519
8558
11408
16431
7880
1503
10214
8672
607
11650
14925
11084
4918
7701
12190
780
10032
13748
9726
6098
10881
12145
15344
12019
5201
4607
12928
12625
732
12150
9349
9941
6612
6835
15607
4010
3783
1873
8027
13126
6077
3924
6736
2765
7678
7162
418
15734
16783
2502
6684
10928
640
10594
15632
15142
1130
356
3696
197
11823
8755
4269
17305
3336
14618
14828
9967
17817
9444
8326
5597
17699
17718
8401
12778
62
5514
3971
4235
15480
12103
3347
15593
5913
14462
1834
7866
8161
1083
8729
11039
7850
16393
17705
15589
4563
9758
16130
15930
13847
2394
4265
15988
14347
3013
4484
414
9424
4057
10642
15135
3585
14025
14857
11059
12942
5992
2013
4626
2217
17275
10479
5104
16084
10844
7952
6975
13837
17048
5747
2876
6523
12410
3377
4413
11644
8517
10900
4686
9104
4602
8751
789
11563
10951
5458
10656
15521
3362
12276
4059
1699
6834
13741
17596
9467
15330
1128
15194
15470
11086
9162
4496
17013
10299
3381
3121
17169
14573
15949
1562
16575
3247
6050
15348
14745
7601
10014
5385
6944
4345
3105
9912
16030
4038
3875
12029
618
13608
10439
1013
3583
9531
1956
267
14268
11419
296
12601
424
14778
3462
6204
16683
1023
12077
8142
11496
8794
1939
10963
9833
12850
1199
13509
1271
3258
2885
3700
9953
5317
3011
128
7294
15101
16640
2724
1676
6191
14294
8868
3771
11766
15661
17232
8330
8249
1162
10794
2035
8430
3379
16396
3872
15883
8489
10613
6792
10624
13139
10523
1297
14842
4599
5796
17388
17400
3501
6258
14367
9621
17532
7669
13637
3155
16302
9269
1651
17251
16616
12618
8238
12723
8114
14272
17737
8222
10247
13913
5732
7886
15624
2760
16582
15302
3603
181
13968
15338
3097
420
717
5823
15307
3512
2756
12364
6155
17124
1319
604
8451
17116
7126
4464
4757
2416
14575
14104
2678
52
7431
9761
16753
6425
1878
1311
14301
2581
3140
16031
17332
6528
8474
7807
8799
14713
1115
1568
1560
11162
8860
15505
4015
16902
1341
4471
2048
3896
1810
946
6325
14444
17632
14409
5617
1861
9267
609
9014
843
13356
12893
11805
6636
2726
11080
12210
11040
3422
9406
383
5076
17114
7604
11717
15364
10809
8266
15551
2811
16969
5097
5178
13838
13290
4819
8655
8151
9839
9388
4204
388
2781
11902
13255
12147
4809
1681
15975
4248
8154
2493
14450
11105
10151
9608
6311
11110
4444
15399
3591
3101
5001
12481
2799
5329
5577
7154
4971
3609
3355
8845
9171
3254
10667
12015
757
4169
313
1650
9762
15237
2010
16672
3024
8295
9909
14515
17592
7070
15213
15638
1228
494
12315
5002
14569
11315
8769
17887
8010
11244
8045
13585
16964
8534
3851
10745
8748
5603
411
17814
11282
13197
9773
14955
3372
10827
505
15417
11454
8649
8440
853
727
7103
4200
5868
1608
4355
14097
705
9385
2837
1298
8771
740
16491
1250
1612
8064
4768
13504
4810
4425
4815
4760
1131
13099
16292
16157
503
16598
10938
12964
3170
4435
16996
13154
7062
17034
6283
14718
6088
12819
16682
394
15155
14644
6029
4778
13289
17888
16286
2968
12937
17530
4512
7640
17078
16774
124
11037
7367
17791
4402
9548
909
16490
13373
2572
1395
7725
12551
3143
11571
2154
4963
9600
2246
961
3114
10433
13584
3075
16480
10557
8952
16252
13840
11383
3527
10668
5219
11443
17239
7676
12794
7613
5821
4446
1245
9904
13235
16798
9780
13792
3319
2303
17449
17200
17258
10182
9107
6408
5520
10828
7001
11374
14138
6793
1008
16350
15271
486
17068
10
12706
16388
11384
16375
9129
4052
5170
4137
10131
15649
6146
4701
121
10981
11967
3007
4710
13345
2546
13119
8716
7362
11303
8669
14972
6965
7616
4135
3264
10702
16547
15609
6598
9552
10066
12079
4954
15968
5532
11760
624
8471
15084
6587
7029
5064
7974
7104
2173
15428
11436
15748
3999
15469
309
16459
9019
8407
2114
9880
16685
10720
15269
12672
14481
15189
9714
15220
7482
9752
15394
8121
15354
9768
6946
8030
17107
10020
1248
13860
6489
12472
8375
5639
13416
13102
13702
16506
823
7833
11846
13600
14561
12368
17616
7221
11301
7708
9476
8815
16925
13383
15687
6300
14442
11445
8089
5772
3052
10735
11510
12844
1874
13045
15074
11577
7436
2627
8226
12035
11379
10339
2628
11312
10345
5717
15432
6781
10669
9177
15111
15635
12917
6693
1450
7476
2576
14698
3257
11662
283
1934
6667
7689
2812
523
5927
3959
9843
16517
12289
4796
10044
16112
5314
7965
5459
17799
9305
13208
14147
9875
7055
8182
6105
7625
15110
16694
2236
5558
8125
12437
13371
17345
2567
2672
5676
13691
7030
2702
8528
4756
16701
15445
1543
16944
931
3067
17583
4397
5495
5686
3483
17497
6223
4331
5598
9302
5681
10144
11388
1663
5145
12899
2159
6358
12511
17159
14519
819
13032
6634
3062
11254
12969
10513
12630
14182
7801
10418
2786
9357
3854
9488
1851
8989
15614
4208
1554
10161
460
15849
4897
13798
5093
14548
12567
5657
15502
12376
11561
16564
4518
17828
21
5529
7015
1388
17610
7776
13957
10096
10195
1839
13361
1052
7201
16974
3369
213
11271
13700
11099
6841
8376
3595
5531
6551
16082
14907
16615
428
17164
13576
15899
2743
39
12846
5742
15058
7326
5826
7529
5798
11833
10901
8692
449
8848
13300
6771
13628
12377
15965
3010
13956
13979
4586
12404
5389
9102
2806
6925
8837
1855
17062
302
7017
14524
16068
17099
7012
1570
12628
8671
1256
2270
14486
5052
10693
17336
11020
12099
6755
17311
416
3043
17321
659
6049
16037
1963
9952
17091
8422
2036
11340
4635
13632
11776
6357
6593
11786
2086
1288
8436
11567
6985
13481
2167
17741
9457
7331
14365
5265
7597
5808
4069
4118
5608
4491
11019
15835
3433
11652
2561
7347
710
10007
7914
17732
867
17886
5177
3308
16008
11647
5130
14580
9811
5682
8877
11353
13578
644
3374
6354
3885
10954
17339
5828
7540
3941
7783
2825
6036
16983
15640
15249
16619
5972
3126
16750
8579
17433
11994
1222
12771
17161
8339
8970
12717
16124
10836
1044
12920
17588
10985
17264
12121
9143
5792
8636
17531
13776
14634
17574
9211
7424
17559
9653
9198
8817
1597
16284
17401
7267
7511
11182
14225
16022
8006
5506
17008
13420
3808
1755
9445
16376
6445
14223
17870
4841
2368
9114
17125
4253
7570
2314
5911
5850
7515
7047
30
5414
8684
12758
4969
12406
17202
4793
16595
6187
10761
2654
5017
13318
17541
6590
13508
12279
14329
4254
17376
10018
13434
9319
12936
10087
7546
6952
7048
10249
8293
16859
1954
14974
16748
926
1727
16638
13077
17597
9455
952
306
17666
13596
8582
10062
15393
7762
15404
4929
5573
15416
9470
6644
4206
1092
16267
15898
13334
16202
13213
15645
3442
14795
4163
8889
9898
16712
1716
3943
17508
12862
12904
11370
1331
12929
11990
17096
9756
761
2752
1892
10278
13486
14266
17496
13531
5872
16318
16896
6971
6081
9642
4592
17713
3656
5690
15793
7722
10969
16109
17450
4526
9380
6512
12535
2532
14103
3919
5136
10136
16456
12287
8916
9150
332
763
901
15423
2446
15585
16349
10935
14994
17205
6815
16906
12356
16816
7875
15355
16935
9231
14125
14283
13936
5579
12007
6986
6739
14149
3906
11265
3035
16998
9705
10518
11917
9932
8484
7038
13935
10763
3506
9651
13897
8314
1645
6052
14012
11493
1079
17315
7971
6003
3773
3856
1172
16565
776
13739
6540
14732
10464
16639
13558
5755
13039
300
4123
10399
13182
266
6073
4791
14635
11871
4128
14199
13489
7009
6936
10492
1158
5725
7846
16743
1170
13522
11075
16834
13720
10494
7246
8783
6737
17011
16407
865
5404
1798
12400
7559
7182
11322
10522
9828
17442
15619
11233
4346
8203
14926
488
7420
3886
7308
2470
752
8859
5461
10707
15903
16700
8473
11903
13320
1830
10024
1448
11700
10374
6877
13194
15229
5802
4685
6638
17776
5553
3400
17637
10502
16353
16232
8424
4313
7910
17036
17607
6072
6534
12953
14142
9980
3068
10883
6896
12039
1279
6633
17634
6555
11116
10436
13625
2734
5584
9807
16581
16782
10255
17031
5349
15039
89
8112
5218
1161
7729
16097
4474
14958
6448
16897
5643
1120
14258
5256
1833
13833
7912
3190
14325
13948
12049
5937
7619
5172
11177
7610
906
10389
13449
2028
16116
10957
1916
3627
3505
9352
10060
5625
8192
9262
9219
2398
15437
11708
1965
6572
7940
16248
11726
12991
552
4541
15353
10230
9715
13173
5545
10184
2808
6507
16836
560
15325
13539
1272
6905
12085
14682
13074
11302
2014
8039
6047
10036
17789
3404
17641
2736
11546
14423
11948
12052
16714
6210
10750
13220
6111
4315
12284
2484
5735
12539
14293
1470
8157
9432
17676
2707
11318
1888
15937
6599
9273
9459
13876
2271
12086
6326
4049
814
6248
7803
17568
15842
237
15669
4461
7421
6711
11734
14779
11781
14166
12887
5209
1917
8247
11108
11466
8338
13219
2873
14375
4370
6810
5372
2093
13278
4853
10532
9914
1215
15812
7477
1761
3616
9221
3311
15441
8092
15582
13671
13457
12569
9048
17708
11196
10122
5232
11681
130
4702
14594
11406
4374
16894
2062
16916
11735
5171
15277
14760
4325
2956
12032
12067
2414
10585
5866
11775
13930
2863
6814
4113
9796
16189
3467
12018
3715
11658
7287
2490
6701
7501
8981
3094
2320
15217
16814
9255
12554
7452
12059
15691
16819
6964
12325
1168
12092
17857
1901
7323
1399
7225
11988
7235
4188
2635
5473
12427
1421
5783
8170
4533
684
5462
7019
14362
10666
5203
3224
12605
12247
15766
2362
8946
10510
11024
13193
9619
6665
16206
13164
6291
8743
13591
11590
5091
3267
753
8190
13639
15202
11250
11005
11720
14533
3674
2220
6826
16953
16455
17056
14404
12304
8371
4876
10930
2529
185
16308
10381
15955
8701
1992
4476
7824
8887
12749
10246
7389
17142
7100
7831
2025
2240
4076
4428
3869
13744
14654
16899
1580
14292
9788
12255
8472
11495
15742
8111
7348
9561
6418
17163
13890
13811
1110
4352
6302
4177
5537
9634
540
1364
8787
432
2313
473
6465
601
16296
2228
448
8340
3409
13577
13914
4095
8926
7378
10994
15913
11378
831
10499
7270
16111
11404
8443
16156
13497
8657
17671
8995
11836
2817
14179
1225
13381
4763
12719
14454
2282
2951
16278
11351
7054
1578
10162
17030
16051
280
13155
10432
16865
4260
7480
5733
6257
6241
6195
13904
6613
10322
6535
1817
16892
737
7673
3293
6157
4976
7251
12639
11101
13999
13178
6660
17643
16566
6591
11896
253
13651
606
17138
14648
11919
2435
8402
10746
3488
8276
17279
14734
16741
11880
4951
375
9886
9007
7046
3382
3813
10607
1345
16871
8533
4342
9856
9505
9528
7526
14535
11109
17256
6023
1426
4434
15337
10365
9787
839
14288
2965
3922
16678
4559
2053
9126
17808
13941
8663
17153
15665
1183
3634
14914
8068
10359
11963
4822
12416
9876
5173
9572
5053
8561
15677
14355
15567
2430
12785
12384
9846
13617
5452
5922
11279
134
16277
6200
1997
4959
7884
14966
12814
809
3242
17015
12596
1390
2262
10287
3566
75
14488
16752
11363
447
10105
13492
2163
16968
16090
8820
673
14383
14506
7513
16185
8384
17499
17558
11098
9308
162
14447
3541
2458
12267
5362
14759
9020
1234
14890
12026
4893
1464
4479
11278
15598
10227
5485
5152
1866
2109
14251
7312
3779
14818
14882
15031
16060
5710
4318
1401
4570
13421
12036
474
13774
17071
14456
17767
8059
1093
16405
17250
15737
13895
3586
8372
8085
13382
10921
5140
1982
2797
11548
3639
17807
9988
2816
5526
4156
17745
4560
11259
5921
9043
8364
14177
6878
7860
8232
6750
5366
15831
7425
7285
9852
8358
8093
1207
14419
6493
430
2814
991
16632
17521
17334
747
11505
5290
8828
1734
11151
7989
17470
7960
15789
13016
13319
10600
5089
16755
10979
7268
594
671
9769
13466
14591
5415
6622
7398
4241
10581
4575
8704
14803
14761
5939
5966
385
13159
7737
13396
913
11792
5011
17469
17184
13283
9507
13184
5223
2489
586
16495
17620
7942
1138
5554
5831
13281
2126
15381
8302
12518
3921
5023
2257
4398
11515
11350
13408
8349
16949
11368
16122
6700
3189
12224
7563
7753
12044
3543
17879
3754
15222
12423
11991
6889
8283
5692
2984
1928
12290
9073
4005
8888
13470
6276
8941
9344
2836
14554
16837
13532
3432
12178
6337
3540
10453
345
11980
16263
1413
1946
4246
2082
11657
17052
1789
13993
15836
13223
15534
9338
7051
14275
17673
446
3588
1407
13169
2494
3665
11426
17557
14977
13430
16545
3214
5516
7921
1726
5870
15172
14981
11492
16499
5387
11537
11533
11172
12151
15482
6718
14954
9356
15654
3071
1948
12556
1935
14846
12021
6938
13742
15738
11770
8524
8459
9164
9453
6298
15115
125
4524
10812
5110
16274
11784
14500
4466
15032
14829
3955
4255
12457
3965
17429
2194
17396
8935
13973
9854
17658
6334
4821
12950
3492
12237
16253
12168
7709
11366
5854
538
15763
11230
4983
5460
5645
12875
6306
13336
5466
15556
9265
1659
9698
5590
824
13655
16015
14244
7726
13353
788
7713
10565
15535
5150
9372
2340
14224
14678
17360
12698
5841
14337
12641
7140
9151
16281
4661
395
13629
4832
50
12643
15387
12184
17394
16857
1107
11627
13328
1994
8991
11518
7068
3080
110
10580
6239
17698
6312
1744
13379
6449
12110
10505
15064
7373
408
10807
903
3537
1431
12157
10769
774
12282
15033
12352
15504
14470
5118
10119
9949
6198
15388
1016
14614
492
2860
3252
17358
7080
14626
8140
3159
7369
15610
9588
29
5273
11928
4535
10239
13296
17188
12311
7894
17830
5269
4053
2907
2541
7586
14439
17784
3353
7993
5486
3953
16017
8325
8016
7314
6343
16868
4816
14
135
305
615
2558
12776
3127
16992
8150
15100
7209
12906
8821
11797
7556
4337
9525
688
10874
7812
8476
15137
9011
4574
3822
16417
11446
15526
5698
17690
12158
12182
16645
4895
1206
17547
16679
11165
3456
6651
713
11552
17409
4279
10598
7185
8902
13031
10772
764
8610
14881
12932
13958
10437
6389
17106
10266
2527
3149
15753
568
3403
15648
6143
7507
8694
12662
3055
1495
8744
8506
4099
15303
13559
15366
5654
9233
16984
11854
13168
11593
1283
5292
16593
12842
8152
6629
14578
9805
15025
15885
10976
735
2782
13662
17683
1536
1360
8381
17777
5386
2759
6159
4665
9798
2058
13942
15724
1527
4475
13446
5224
6802
1081
12612
4889
15587
2663
8206
7936
720
372
16762
16188
5015
5138
16422
9637
16496
17092
5483
13199
12543
17833
9447
11862
13902
12931
15507
4147
450
10852
10587
3471
3330
8201
12646
9501
10435
8601
2648
16612
1949
14793
2475
13622
13922
0
5628
10586
1677
4787
1459
11531
2335
10262
1327
12864
2038
3323
6560
7580
4486
15389
1636
15844
15931
12988
4250
3562
12667
2043
13209
1680
5626
12394
838
15679
5337
2776
5773
12217
1840
10135
3082
14799
5998
5180
561
1530
16787
5878
14280
14912
6981
1236
2377
11049
352
14055
319
5942
13754
3262
1845
663
17301
16140
13638
10664
4272
5955
7386
9309
6999
15807
14864
3292
12023
419
16704
517
13490
10121
13733
5560
5467
724
14672
12833
137
6395
11670
3879
4310
15148
3513
4181
6725
16625
3364
10337
7134
6719
7978
10509
6974
16329
14918
2926
10606
1692
17509
17744
3765
11589
9760
13262
17243
13562
15964
15492
4117
17040
3161
8646
14520
1975
7170
17439
9907
10382
5566
5915
11114
15478
11580
4271
6288
1703
4643
917
14120
4001
5873
12071
8202
9392
16070
8994
7090
2407
2182
14312
4834
9824
10284
2225
8583
8478
16126
16875
4193
17042
12789
12454
2250
9956
15650
14171
14151
3785
8661
6501
1647
10272
7067
12253
17783
3302
5871
15953
9325
4717
16023
11063
8921
10473
972
1909
2680
10897
5007
4417
13568
11502
6065
7318
7618
15522
13063
7655
14019
14027
6960
6295
2932
17359
4409
14629
11127
8304
16412
1050
14455
16328
11680
1540
1072
15146
2749
11298
3816
998
15950
3163
7661
9599
328
1990
1623
2677
6338
3898
2689
14129
15951
11241
12632
14156
3976
816
3633
526
16099
3572
12109
16383
4081
12750
9879
5238
11090
14945
13718
16427
2747
16365
5968
2096
9153
15973
2245
13712
284
3559
12699
2084
8682
1316
9172
15757
17706
16773
5768
100
10561
16014
14428
2696
7152
7856
16132
12718
12327
9920
13158
15560
12357
5240
12889
15900
4151
9906
13062
3072
593
7854
8988
17335
11317
9365
7839
12521
2158
7178
8735
2923
15005
167
9252
14167
396
14335
34
6830
94
13931
12659
245
1496
14128
16849
9744
4319
4463
12233
12769
16428
11409
13007
11835
11583
8660
3477
11881
1424
6189
2306
177
16971
14483
12262
12959
16697
5673
7175
2988
17566
5781
8311
2145
10298
2552
10012
11872
1688
14802
16650
11102
11283
12339
1012
8983
11500
5403
989
10396
10253
8128
4997
12173
8638
3552
14712
4133
4441
13855
4350
3841
4679
12091
12299
17023
2453
6869
8421
15291
13450
7057
15447
13704
5191
9030
13354
12629
10993
3103
6996
8738
7663
15275
7525
4499
1950
13657
8258
6797
12164
12734
1969
17613
17809
7957
643
12272
8303
11007
17217
1691
10241
4511
11713
14485
10768
1322
14757
12606
7081
10029
14331
14658
5056
14737
9757
13824
8096
14670
15745
17473
11071
15733
17742
2337
6433
14350
3050
15711
1816
1285
14853
12248
11503
14099
4389
16985
16533
7193
8980
10615
11651
3366
1860
5948
5192
4070
15976
15626
725
17203
7231
2775
3261
1664
6959
1164
1370
2820
3384
8040
7686
8629
7470
255
9024
4501
3929
10731
16091
16419
3672
17515
8341
11796
16245
425
13499
11455
26
7600
17419
8786
8618
12453
6581
17640
6658
6698
4282
11294
7899
3217
14077
15633
5128
10226
9624
15895
470
16742
7344
10393
2855
14348
4376
10946
11296
4829
9109
5964
3176
4120
16824
15958
8425
3281
6487
7230
10978
297
682
4916
3394
1233
3887
1999
6199
4572
17227
4190
1101
5077
6935
14747
3626
7524
5996
15510
4023
8643
13010
8455
14349
17109
10965
1978
16570
10652
14868
15099
2261
5492
14050
15210
5280
12350
8416
16313
16519
6033
5697
17234
1925
1782
8415
4780
8351
15273
3948
16341
3778
2142
3677
5003
5986
825
9719
17288
7282
4215
10714
11103
812
17780
11780
12541
17276
11046
270
13894
2649
10312
4306
10920
15336
14035
3958
2281
4866
17733
12497
8556
15090
11474
5562
15040
4736
5376
14753
9612
2688
5149
8205
330
2587
4032
15621
10350
8841
5613
15251
12006
17411
15806
15765
8235
9638
12881
15850
13385
1538
422
6024
13362
1775
4473
4258
3576
7212
15546
7943
9454
7949
14666
12709
1674
9748
15263
1815
8464
14319
17338
16054
1746
11655
14480
509
16877
11236
10344
3047
4546
9243
16163
17770
5622
1103
2164
6135
5602
14090
13404
10215
341
6092
5058
12160
16503
11119
13731
4729
806
16957
6562
2344
14136
17051
1890
17210
16440
4662
3186
8332
3438
8625
5158
9558
3707
4047
6475
11706
1852
5965
8918
17474
251
4136
3820
12926
203
17298
207
1338
16856
1745
3133
5794
4689
12685
13541
16024
12707
1944
9001
10325
7788
6843
7837
781
16381
12251
9961
689
1788
9500
16635
442
15933
3109
17216
10501
16732
11243
16558
7440
15977
9969
5896
16724
3108
12908
2602
10476
7887
16972
4658
10659
4859
14815
8959
8174
2144
5549
7228
15905
10767
11838
9174
9936
6806
2387
6403
9350
650
11678
13145
2573
3788
1807
4927
3521
3719
12309
17710
13086
13052
3165
9883
16860
9347
7743
5030
4516
15369
11439
728
7387
14413
11763
16471
6687
3882
14158
6531
8097
8513
3553
8469
6044
1630
4827
12973
4578
835
12774
10109
10755
3279
12223
7381
1346
14392
17005
6208
2710
11017
17129
16644
17820
14518
16235
11731
6499
12428
15324
16119
1425
17877
17157
11914
10541
4189
14891
8673
7553
2693
3846
8496
13964
15181
9696
16404
1210
483
5671
4569
11818
548
4294
13072
8457
16219
2365
8835
15028
15406
2215
11227
9540
5474
10133
14785
8229
16500
14582
14399
17294
13644
4977
13141
4764
9340
2764
14305
17480
16304
13277
2296
8765
6214
4567
11010
12527
13997
3073
16939
5940
13081
9622
11048
15391
14639
14878
14889
16761
7467
7636
2510
15264
1772
8024
7499
6055
3470
9278
7572
8906
16909
2090
14847
16290
13882
9799
12373
12695
656
8028
10947
12824
17837
16011
9124
9908
406
12520
15508
13857
15562
17677
2721
16768
15125
6561
5339
16687
2617
14363
9864
8911
14236
8546
9717
4872
15079
7995
5239
12611
6945
16141
13127
4647
7558
8001
2130
7188
12488
14298
5984
696
11984
528
7617
2288
2503
5585
3249
14072
9523
2125
10134
2008
10199
15296
6391
8493
4595
12523
10815
4577
9589
8300
12259
13969
5706
1904
3937
12167
429
520
175
10927
15868
1763
8630
3840
9597
17139
5730
16924
871
14840
15495
9009
17132
14100
8681
9371
3253
5029
7461
10692
1208
11319
4407
7098
15557
5148
5500
9041
7125
8065
17413
9236
4002
9038
11973
5916
14514
151
371
9794
7795
14150
12391
9474
1037
12676
14011
1768
7780
6220
8535
1202
7195
5618
7735
17681
11969
9900
13257
4152
9383
11945
8709
8929
3731
8397
85
6336
12409
4257
9791
8662
5664
6196
4492
12435
12204
12623
36
1912
12848
2676
1968
1488
12363
10729
5432
13150
11245
3560
17194
7531
17103
11691
7770
8008
6025
1985
3720
11264
16831
12448
8758
7239
5121
17177
2007
16146
5289
14985
1825
7650
7338
13460
14084
11333
13707
8147
2280
6172
7478
7944
1615
9899
3417
4923
10526
15920
4503
5807
12762
2623
10914
12333
17475
8969
16780
14026
14475
4114
16077
10706
12212
11358
457
7836
16764
15928
4448
5342
11228
9636
1484
17652
14277
6167
7149
17795
1548
9079
6450
16967
13304
9929
2895
16323
1141
1157
10440
11389
8081
2646
1913
7500
17089
11133
12951
16737
5906
569
17874
8062
5131
12576
384
13925
5928
17880
2859
12342
10124
8031
13422
7295
3065
5276
10988
17136
13900
2054
9133
3642
8080
5623
13418
9840
6575
13138
1547
17277
8766
8827
8676
7704
3750
5156
11820
6168
14087
15439
16751
17024
2887
1433
12761
8788
17214
1035
7693
16251
15605
7988
10872
9801
11489
5159
10267
3453
748
14038
1281
13698
13975
5355
11773
11812
15185
3637
13684
4440
9837
2835
5117
1751
8479
2606
17542
8728
13230
8470
1569
11361
8320
4280
10816
14627
349
3153
9586
4142
9990
5882
15804
12152
6416
13349
17010
10054
14254
476
12879
6404
7456
13932
1609
17160
7731
9475
12010
12455
7986
15732
11332
5595
1414
13111
17816
16806
13313
9926
8165
10269
6704
6377
2210
1483
17866
14944
13271
17717
15327
7985
14637
17773
13984
5374
16443
14915
3963
1091
10290
9141
16563
1970
5786
13441
16730
8066
4216
11226
12962
8124
4961
8499
12447
13419
16218
5561
8102
1678
7872
2046
6422
5629
13413
12273
14523
2417
12568
16078
4240
217
11272
13315
317
2703
8481
16320
16861
9562
13488
8180
10639
4674
3246
7292
13561
10456
17293
6881
5630
6817
10413
17695
15438
3132
6018
13206
8745
6121
9031
347
1340
276
13249
7964
14202
12981
17170
16437
15896
16106
11829
13303
787
16631
12320
10894
3475
7186
9724
17812
8640
531
711
8838
2669
17569
4704
6215
14968
785
7567
6654
16299
6218
16307
17619
1394
11729
2687
584
3236
7243
2519
11074
15457
7805
524
9804
7335
11463
15686
12805
15363
1190
17365
1309
559
15880
10481
6767
8078
4962
5567
6480
5837
16800
7122
53
4130
12663
10003
5027
14056
8379
11887
138
6795
4173
9688
4833
4936
8846
9036
754
9056
12408
13835
2852
10855
14260
9809
16721
15888
6525
17460
2773
12810
3849
13437
8361
16779
16867
15356
340
16677
8893
5427
5295
12483
1027
2744
5361
7484
14780
6363
13340
14901
11094
17577
2386
11649
14749
5426
10783
12055
12826
9979
7782
13865
5865
15843
2833
6133
2066
11058
3916
10288
7216
16100
15163
7594
10375
4611
3530
11143
5184
17397
4857
7472
12203
6723
974
4972
17375
10172
17372
403
2578
16325
741
16661
13582
16067
8193
4007
14195
5115
5092
3819
10944
8178
3022
3420
14078
11755
10235
15982
8936
10747
11460
16951
4013
14185
8510
3158
5096
17629
676
4494
3759
3934
4179
5620
4357
1045
17348
15932
9606
15422
10846
8328
12188
10471
10645
15188
11263
13548
10275
8069
2733
7296
13950
17563
13261
6173
8458
11433
5895
10177
10665
6748
16234
2783
7377
7606
8521
16866
16696
9397
10101
5636
11140
9094
17582
7241
14255
1762
8739
14789
3823
1653
983
4129
15999
4590
12546
11112
11067
16976
15722
5070
17100
12896
15819
15530
8897
5098
9574
1567
4127
12579
3638
8347
5905
12956
15910
7939
10643
3259
13056
12238
55
16710
13751
11424
8321
7784
13809
3910
1750
10998
13097
16559
11205
6185
4752
1261
8997
2423
9437
7394
12221
15420
6188
9594
17007
5391
16297
12143
4490
14950
1182
15133
10211
15382
9844
546
6914
7298
8951
14756
10248
14879
15696
960
6970
17793
6991
8273
14119
3980
7533
14677
13989
7096
12768
15574
3436
8171
15781
1693
8598
1760
16228
13884
9982
7930
1358
14427
4249
5535
16246
545
10198
11687
1445
16722
355
5166
13849
4372
10728
6140
15792
16872
10223
11517
14740
4655
17803
532
12915
12660
1509
2422
6838
7191
6876
10908
12700
17432
5800
5444
5282
6096
7646
16569
2230
14763
7052
7851
6282
8139
7557
7966
8961
10462
16862
3881
2562
11036
4908
17697
5379
1209
321
7997
12474
4673
15536
4450
10497
721
17721
14640
14931
1981
17253
2403
17524
17579
12153
9165
11281
3088
9023
11958
3768
7503
6279
4301
17555
7979
13812
15345
6527
5929
9493
10638
16489
12016
726
14809
16552
12206
8972
16000
2563
11553
1065
8483
15674
9468
8857
12278
15642
14620
4022
14187
8586
13205
16576
5013
7719
3317
17380
4677
3196
4219
1749
13908
16882
923
6708
11826
14204
861
9905
13427
17235
11722
5969
3649
15259
17108
12388
6457
5297
859
9471
14904
3988
5806
14909
15854
591
9033
11089
3607
3041
6589
9005
616
16380
1144
13616
10552
7385
5677
16725
6990
8502
404
4645
4092
2294
8884
15159
13245
1376
17414
8312
16458
11088
3473
1260
12884
3883
6939
8990
8779
12047
11815
12809
12565
7685
1843
6933
14459
9326
7773
13104
16398
2156
386
5713
262
1010
6988
602
16945
7187
11542
11224
12865
1879
2033
17550
6400
16260
16703
17861
15444
17494
8761
14692
13268
8327
1410
13714
7858
13917
13530
6558
12900
1408
6547
13411
2115
14887
11219
17025
2056
16153
8664
10205
11660
7929
7696
11555
9998
8767
5835
12589
6230
4771
10383
15578
4542
4203
1601
4547
8688
1125
8433
1053
389
15608
5085
743
13713
16199
8844
4596
11688
3193
5424
14990
14908
13176
7806
5200
10378
11285
9845
4026
15132
14264
9245
15911
5888
14880
12689
6853
13363
6800
15206
830
16668
17486
1436
14661
3093
9749
7581
149
12438
10595
6015
11008
17327
2160
3902
3743
15414
2399
3835
12829
15396
12971
1355
2516
5212
7679
1296
4614
5418
14069
17756
16161
15509
4285
1308
17093
3199
451
10548
16096
6995
6579
2012
7033
1087
3178
4326
4056
12557
6090
10070
16121
11234
7750
829
17269
9070
565
10203
5887
8023
15719
13195
13512
13891
14978
286
15829
9670
7250
10251
771
3497
16942
1397
12104
15892
9973
6978
11021
15821
1987
13125
1723
8468
11935
7462
3721
1666
4928
16294
6582
3160
15537
12828
9303
15145
12429
16466
9159
17012
16507
17211
15385
8019
16166
12701
14354
8386
5308
10489
5116
2535
311
10268
11418
15706
13204
15309
1482
6117
8394
6211
8615
459
8963
14906
4202
12343
16952
3565
12458
10328
15376
16887
1593
15088
3274
7093
14130
8094
6176
7857
13121
7561
11134
17849
15721
12637
17249
8706
14061
13963
8195
17059
1129
17295
16607
17815
10987
15479
9283
11209
10446
13059
6666
16314
14608
5369
13316
16089
6908
16738
4029
4990
2716
2875
17209
16498
9477
5445
122
638
9010
2539
5951
6149
10128
17167
8609
6549
2555
9275
16864
8803
2794
6201
10458
16648
3622
1453
9661
16178
17285
12170
9123
10621
16795
7935
2369
13227
9777
444
6993
13910
2626
17605
12463
15238
3596
12117
8233
4351
8133
14159
14821
2450
2232
10877
13536
16409
544
4622
16560
11450
7891
11035
10326
4323
13200
6637
8953
5309
15827
4525
4860
3571
9703
7320
1863
2729
1113
17797
10083
8035
15810
7639
13906
7487
8898
13573
13280
17452
8824
10898
15095
16557
3271
3690
10015
13660
13060
3678
11339
6620
5504
3175
14391
15350
15751
1518
7895
68
10194
2098
10834
10810
16993
9176
5556
15243
11779
17314
10422
2279
9771
8919
1747
9783
4913
910
15511
5004
14230
5766
12592
13983
15750
10289
6828
7677
1306
3139
11960
13295
14287
2590
3597
17811
5513
4167
4172
5016
1919
10982
2846
7519
9981
13089
15991
17892
16684
10678
12882
12426
4894
4042
14839
8842
2832
10364
13093
273
14844
1795
1618
2796
287
15777
4104
6904
14921
5333
5448
14621
13681
4360
10398
13545
13955
13114
16481
6344
13667
1111
1018
13234
8104
5390
2315
3833
5071
12760
67
6175
2947
9723
4339
13055
15412
16285
11459
15331
3997
16151
5583
10955
17736
14877
11452
1574
5784
17029
5344
8132
3489
9276
10369
7302
2719
5429
13157
7994
3535
15362
10231
16727
3526
16300
13933
805
6053
6504
4157
17622
14679
14359
8041
5050
10367
9215
3890
11524
7363
1857
4262
11253
15265
11860
756
4934
8319
16007
13198
13828
12737
4974
14610
2872
9901
9393
12089
15047
9125
6756
5805
15071
12271
8344
15179
8277
1175
2505
4003
5253
5941
190
105
6039
2396
8047
4356
13954
11073
12492
986
11921
4344
13186
5949
10050
4761
14235
16276
17518
12997
4708
6481
3348
13006
627
7571
7449
3827
13448
15018
11738
1489
4016
636
567
7286
23
10175
12213
17651
5538
1443
3388
17850
3221
16104
13359
69
6351
275
16778
2468
7924
6886
192
13626
15571
6733
17758
4028
4439
4320
324
826
4989
13113
8200
2902
588
443
5650
5377
17185
14263
855
1275
5748
1362
5213
1966
9857
16347
10620
17674
3758
10022
6980
2239
1626
281
5785
6851
4291
10968
12780
3679
17001
12485
5086
3205
5449
13780
3538
12419
5879
17520
13464
943
12505
10952
17516
9018
583
10524
8595
4973
1849
1258
9260
15620
11354
8360
6381
12856
10256
8891
15461
4406
4654
12586
10252
10870
12779
5206
7031
335
14478
15808
1564
4422
6714
3210
12334
1193
7575
1922
5257
350
3657
17675
12978
8955
6569
12329
9755
15401
2258
10405
5119
13612
5438
851
16360
4808
13879
15998
2141
3449
3485
4937
13389
16321
15118
3144
12933
15769
13686
10722
12597
17743
7634
7460
9348
508
4361
13429
2787
12475
9400
8599
911
12003
6190
11449
11064
3244
808
622
5102
9731
3848
13009
2242
13272
3864
15320
7624
2975
4648
5340
10280
6820
4660
11925
14010
4690
15785
5066
8419
2060
10338
16018
6263
9436
329
9408
12617
12876
16708
13980
7249
4598
17186
15489
11620
1575
171
5527
16155
8199
3682
15433
4800
16266
17197
3297
1481
397
4000
12074
2770
17292
7843
12382
1779
4794
9203
16713
3554
2704
7734
15129
6274
8098
13259
16295
12938
2268
17123
2661
3923
17135
8696
10950
880
13565
3040
5997
15475
16204
14314
2901
7761
7457
12656
6657
7143
15128
2675
4587
11648
11217
2284
