8949
4474
4475
8240
10644
5706
10550
8154
3504
1516
1071
4851
3498
13672
16848
471
15547
15212
17065
17117
12105
13431
4455
15141
11213
12682
7764
16752
6773
17272
3800
12261
14277
3709
12953
5460
6741
14238
5741
9400
16785
16355
6757
5601
17750
3564
4909
4341
13323
14888
3857
5891
16475
4568
15881
9643
2644
8183
4447
13332
15633
8484
3995
11089
7174
16903
5399
15864
15586
6635
4516
16947
5985
9328
14813
11557
13333
2718
14206
10687
5869
12044
1446
2728
585
10739
8641
7549
9082
14905
4848
2110
12927
9693
15875
7866
9160
1320
16786
16515
15699
11249
4024
1503
11496
1129
182
4968
1351
12737
1690
9841
16199
13217
2340
6703
17017
13744
3086
16040
12177
16043
8754
14461
14983
13984
14646
7524
3114
10151
8512
8193
2971
1826
11600
8993
8294
11963
6317
7438
15584
6694
8683
8120
12285
10975
16870
3596
9871
13528
9908
14316
12636
9748
16881
5769
1187
1283
17314
15369
11799
14605
13187
4086
10708
1491
441
4644
4102
1460
7901
3823
8649
7054
15353
9665
16416
7112
16773
9339
4663
9674
11085
7918
1040
13030
409
2847
11643
17652
16712
12748
2020
6103
3380
1480
860
8354
10743
2812
12425
17659
6522
11340
8198
5658
9462
15646
16105
7143
1704
4195
8900
2589
15607
1818
7483
17693
8442
5451
13899
15075
12809
12594
6801
8090
11457
9112
16264
14452
5565
6886
15164
13410
16447
1633
11899
4006
15051
15137
4842
17496
7529
921
2298
14371
14199
13897
9293
16286
3281
11508
7556
15919
12165
10527
8413
7629
4604
16057
2928
10392
15898
15601
2929
11294
16155
2423
6521
8745
676
16556
16537
8385
799
3874
10148
12486
1587
7354
16929
4436
6571
11009
9963
14861
13112
15
339
252
5072
675
14875
4321
4737
10319
1660
17016
5213
2094
2105
4680
377
7375
4785
16713
4699
3236
4449
1347
14399
5348
14582
16184
5296
16921
821
12852
2415
17609
1539
11473
958
3728
17163
15596
17041
7803
15702
1271
2538
795
10943
5685
753
15127
12893
10459
5381
16108
15072
1507
5576
5076
6673
12905
1530
6514
9710
3204
14332
17506
11044
9401
7076
8328
939
9463
14386
11864
2447
8942
1117
8407
4316
4137
8652
17254
11463
13222
170
10569
16584
5572
16093
13551
10271
13657
12117
4814
4254
15859
15925
16082
17275
8315
276
7189
6930
15043
2361
11004
4559
4236
8473
12992
11835
4531
9547
11617
5058
14642
10624
4995
7747
6257
17413
2855
8324
2856
14346
604
16287
29
12437
16550
12394
11987
5276
5753
1042
3388
8809
9631
12481
9724
5326
16331
12012
7252
16162
995
14451
6619
3917
3003
7017
2043
16109
16666
108
5167
16643
11913
8764
11776
582
8964
5625
8662
4249
10508
1816
10522
7842
7089
3665
1923
4266
8676
14459
1762
14984
10197
14538
7841
15526
5023
11816
10331
11797
5077
16036
5378
3106
6181
6183
9943
17552
4665
11369
9484
4498
9121
4650
831
87
5903
14021
16221
8367
7630
5964
5322
16502
5507
243
10977
17020
3478
16272
4713
13022
7442
12800
9417
10578
14416
7789
3268
7487
1126
11150
8146
15356
13680
13267
5241
3315
1228
9452
14827
11062
5783
2378
15694
2689
13821
6858
15394
14061
15267
15829
2634
3876
1711
8182
973
2701
12428
5013
1936
6713
13064
1269
16922
14597
4935
14589
16326
16432
11820
5148
13522
13220
17036
2225
3185
17752
1600
3131
17781
1742
11757
15582
3724
16566
1931
933
5777
17598
17859
3615
15048
2573
2016
106
9799
4101
16874
3710
1065
4734
2017
4783
9323
5907
7604
14422
15906
17343
10346
14161
6738
12492
10521
3858
7917
3548
5431
4784
3700
5973
15965
2830
6684
809
12272
6681
49
3902
7336
1202
5398
5583
12311
3998
14516
6873
15833
4354
10844
11217
5124
12946
3925
10221
14528
15478
11754
6376
13811
11741
9774
16683
8005
1177
2203
12865
15489
15228
13417
7653
7662
10343
17432
13749
5913
9117
1730
683
13759
2133
12195
16993
4759
7247
6492
2535
16347
11142
12277
9432
1831
1316
17637
5843
2691
2170
1302
14079
13806
5044
3352
4173
6378
9084
17562
14333
16318
2208
16354
12118
14565
12560
2160
15955
1224
16887
4803
4611
15240
5266
1116
10390
14373
17182
8804
792
14631
663
12528
1557
15040
11638
7891
6720
3746
9976
9371
7335
10958
15403
5945
13231
9764
12663
16273
14818
3244
4166
1377
16247
1399
10683
4025
14793
4997
13271
3882
7021
15644
14713
8148
15179
6247
2766
2008
4124
986
4856
8710
3555
7924
7508
8410
705
13810
6143
8393
15063
6093
11433
8571
4387
10710
3877
1625
5849
213
9248
13449
6081
5184
4429
2099
10735
13666
8377
4450
8604
4132
1661
8375
11148
13577
11974
13653
12122
14559
12399
12911
4258
14035
101
3989
9337
11461
14168
43
15389
16053
153
2460
15560
10106
5938
16995
14005
2988
2098
16653
8525
5773
9640
5641
17549
13118
7914
2205
5354
13691
4717
3112
14942
4556
17249
9289
430
2736
2607
17317
11640
15037
17368
14808
16350
3023
15150
981
11285
11485
5243
9222
13182
4649
4263
12483
16846
9046
5946
12322
1692
8460
177
9950
9662
10788
16197
3543
16320
17318
8507
147
11763
11268
8395
2289
6898
12526
4151
2386
12995
12841
9382
13268
17842
12754
4545
3440
247
7269
4973
5040
16289
1423
4708
4671
13598
10064
8631
16552
9961
8582
3144
9718
11219
3546
6424
1471
711
3903
4128
8045
5767
11605
6509
7402
12913
7266
12757
5485
1992
4113
16798
17521
13583
645
14749
13378
15391
2705
10857
7267
5216
5662
8875
16910
5611
17308
9422
15044
4799
3051
4248
3005
12418
10368
13039
3189
5263
8195
13115
13107
14842
1018
88
9229
12807
5990
2899
1222
13192
5519
13177
2434
12963
9815
17207
17674
11926
11604
8868
998
13525
16094
46
16679
314
4651
13310
17294
12924
7620
3846
6362
2802
3263
11214
3688
9800
1837
2376
14602
552
17667
554
6897
13884
15657
6313
7633
8950
13849
4074
8417
4490
14797
217
16812
9787
6092
7574
8690
490
8664
1803
5972
13784
11673
17162
7763
4662
11298
10265
966
9186
4932
14257
8034
1105
15123
6917
2958
14096
5797
13512
16822
708
12862
2448
11448
7506
16709
8313
17764
13838
11416
5735
9722
15205
3633
4199
1697
5463
4088
9059
2124
14778
4833
5123
16406
97
5921
6596
725
16012
10250
17533
7516
17843
8565
1574
11615
9055
10677
4999
13540
7228
14420
4482
15768
8448
3272
10619
3663
6999
12609
479
2606
2836
2121
14532
5475
5303
17868
8477
8763
566
15693
15332
7857
10658
1928
644
13820
1313
16615
14522
9714
13789
6421
16568
1891
8495
13160
11053
8048
15168
3792
14614
14649
15497
8290
6238
8207
15079
9164
13409
2329
13121
2389
15446
13227
11141
4894
7813
3343
16322
393
908
4745
10891
15400
1397
4605
11687
10066
1303
5635
14028
3021
9139
1318
7025
5558
6680
15183
6630
10352
4243
1135
16904
5584
1774
9127
15364
4621
4760
15575
13761
1917
586
3069
1798
7961
16699
3805
12568
14253
7424
9178
2518
1927
16258
5845
14338
17035
10707
11587
2251
14398
2950
929
6661
504
4463
11188
6331
1631
14855
11601
17293
9357
5648
5500
3796
1481
14261
16498
16896
12672
12724
12141
596
15233
4635
3719
6344
8031
8441
16499
12642
7669
98
10223
9600
14821
10971
4165
6036
11095
13671
11360
8675
15769
13471
11259
11976
8480
2888
17147
2565
15774
11367
6706
5599
4608
16166
10714
11626
5218
12027
15918
14925
4549
6923
13236
5392
5252
12299
1712
5580
1385
1527
16072
14789
7693
13091
13496
17030
6438
17434
4748
11428
1933
8178
6446
12860
6991
14672
30
6360
16578
15031
12294
16267
11126
14018
10649
9506
17084
14158
1609
11295
7888
12319
8321
12710
470
1046
2305
5836
4134
8435
3418
10026
3486
7510
16323
4435
11007
10876
14296
15346
16160
15253
1524
11648
8432
17416
17871
5445
15533
7259
9688
12931
17848
3723
16466
6207
14403
2553
13822
6956
6072
8353
5796
8639
3705
12142
8777
16765
17115
5085
10139
8770
7152
219
13123
14216
15585
856
13934
646
808
16908
6206
442
1252
3721
7748
6833
8033
1263
4830
17856
17784
7610
6957
1408
12651
15850
7553
17817
7632
14419
10758
6711
10479
6057
15058
11792
8179
13454
17482
8015
9233
13638
15254
16511
649
2993
12961
10398
6014
12166
17851
16575
14678
9136
16801
13478
12406
1391
6066
2394
10852
8737
9166
528
11514
15852
8334
3178
9236
12003
12057
12883
10685
3082
4374
16415
16678
13193
16865
15242
149
9001
6304
208
4365
406
8047
5287
4592
2529
17194
12838
14687
15695
3514
2042
4840
16725
16554
10019
16522
12906
12853
3426
12763
1560
12145
16720
7512
15854
2025
14961
15129
5821
7220
17514
707
16628
2885
2338
661
11414
11636
16656
17011
14771
2556
3090
3332
15602
4982
15004
6731
14644
11582
3511
15564
10408
15408
16042
2826
4537
497
9429
17452
2695
4001
10500
11505
1540
15682
1508
15636
13196
6961
8221
17369
4906
3083
8716
13963
3463
10531
10391
9213
1231
11235
17828
13805
13292
6603
6973
9746
9026
11352
9205
11093
13883
14368
11598
7135
10823
3078
167
3793
6126
14233
13315
12762
9043
2735
8551
5656
16562
16644
2159
6328
8188
11968
4491
7731
2621
7605
15087
593
3696
11269
2996
6558
7476
8944
4307
17785
10968
11591
2267
4514
12676
9659
6477
16129
220
15784
14979
10715
17474
14214
12776
1256
16747
14321
4119
6461
3533
7745
10755
10313
6592
15109
489
14775
103
8433
12196
11735
11513
8609
369
2461
9498
4483
10903
1610
3697
3410
17380
2740
12052
11847
14127
8455
14603
11354
17198
2421
5802
12583
2933
11969
7781
11380
7412
6448
1200
12248
17203
13530
7379
16234
1369
8102
13272
13597
5738
9606
7044
16640
13051
10909
17427
3139
6665
10706
496
11125
11279
17051
171
74
2321
952
16953
17421
13031
8506
17239
4274
15991
1976
15967
17655
7048
13936
374
15984
16632
1064
664
2091
13658
1595
12236
14949
10900
9632
2214
13851
15863
1307
7306
4392
8910
6345
6083
8112
3240
5031
10659
8157
8935
7046
15573
16214
13340
14276
5923
6236
1582
18
6026
16673
4405
12882
11195
8528
15070
16541
6763
13846
16378
1676
8390
2907
1781
568
14280
4355
494
15701
17486
11844
8118
2662
8670
15370
15013
14608
8302
15330
9524
16959
17568
2039
16613
10260
1248
4288
16706
3618
11029
11153
15222
2015
3357
14252
5302
17476
12214
10224
7815
15544
12439
12664
12988
1624
7469
2397
9731
1878
13959
11440
14937
503
17539
1699
2082
10918
3364
11537
8541
11706
5503
3840
11436
10062
13445
7273
17418
15796
11891
15775
2096
17013
16592
16518
12041
5050
4005
15476
17212
9257
8567
14634
7762
7900
9789
9031
7199
13569
363
14632
16708
9021
3062
11954
894
2799
7612
12246
2979
7858
12849
2737
16457
10629
2711
7936
13562
10318
6513
17063
7208
2190
10655
58
4335
10757
2660
11423
5180
6756
8416
16571
1962
12690
17068
16
2975
7982
13731
4415
9795
3265
9087
8247
9072
3031
4398
10606
5743
13605
3828
8852
1528
1258
6034
2048
3028
7575
17473
15452
11935
1260
8989
9503
1970
7517
7332
16745
12087
5420
11590
17099
1869
9104
2870
17501
15033
13124
13473
8024
12740
11067
4155
10401
11740
212
12062
4200
5235
3694
15962
8305
13418
2332
8029
3624
12562
10815
9290
4800
8044
2850
10167
4125
9438
8825
7593
17329
11933
7287
17456
10337
14907
8355
9671
14725
4868
4690
4404
10447
2786
8926
4389
5533
1443
11730
4962
11161
11627
16362
15479
15594
10552
11066
5789
6709
10704
1787
8082
9527
6572
13219
16203
4767
16172
17149
15014
17530
12529
7145
13604
7012
12287
12944
10457
3433
3045
9726
4872
11111
2330
1056
5286
11950
16000
9690
1142
3156
16365
14150
12366
10067
14256
12658
2808
8093
12289
2496
17350
13696
2030
7409
2664
9254
15981
13049
4055
3231
6493
16608
11302
13689
13287
15061
7337
12407
6511
720
1176
3163
4391
13043
5255
14510
12708
11023
15377
13837
3591
11344
13864
8865
1551
4295
16269
7867
3431
6187
16517
16840
3104
9409
8282
10767
4758
3328
10213
14322
4700
15263
14176
6633
1149
10581
2280
11967
6867
11532
5309
1058
12932
13706
107
17783
1304
10074
23
2922
1145
6950
6948
9742
12775
12367
11903
5886
3911
16190
13288
8023
13589
6314
2742
15283
12722
16198
12284
6790
10090
7031
13757
2875
1868
11588
11035
10626
10890
11187
9675
11211
2370
10528
935
3227
1178
4438
4115
15378
10586
11408
7692
13892
17365
13740
8730
7165
7737
4881
1978
11447
3960
6727
3407
10317
13063
2392
6399
3084
6323
15467
6078
12704
11838
6473
1784
16587
12152
4026
14606
7041
15118
1546
12079
1383
11202
15329
14903
12727
9384
11610
10003
14918
2721
10121
12306
5424
14427
11714
10510
7804
10718
9529
11345
2213
530
13245
17224
7761
1783
16871
14577
14248
15475
13728
13974
2446
3280
16960
4224
9990
15555
65
13150
15469
8886
7829
15937
7661
17735
5343
13678
7908
13328
4589
6750
14666
1821
13176
8813
6918
14239
16742
13275
5952
2800
673
16303
13055
6441
12045
10774
11182
1127
7280
7594
10103
12385
10125
9634
13856
2037
17812
4364
16037
17546
4182
16455
15162
8103
2586
9513
2912
16911
13281
15954
8548
9907
11519
17440
9559
1935
3137
16330
10188
8237
14383
2719
17091
2365
2146
10843
12797
2452
13715
3910
6300
14772
14179
6996
12101
17684
14109
9283
2545
17782
7703
5192
12017
376
2220
7521
6482
17097
5838
11253
17774
5163
11030
3677
7047
8618
8827
8700
17301
10466
12918
14883
15191
17299
8404
14072
10947
5729
6000
10193
17465
2068
13126
3473
844
13905
13935
9310
14995
10594
15669
1643
6058
6604
13703
4940
4278
11057
17262
4476
12985
307
5587
10237
12338
13926
8105
11008
3570
14599
2774
315
2235
16425
13144
864
12001
10140
4808
201
1321
1287
14048
14703
519
4139
13101
11827
6782
11775
6279
16011
14213
12098
16164
3586
16489
17086
413
13138
12374
10422
6407
7479
1041
5695
11310
4976
714
5791
12591
15045
14220
5238
15307
13746
7122
5582
16825
7111
13136
11524
17503
1438
13120
17861
10024
17581
13670
6463
4406
13734
3391
5694
1833
7565
6742
2070
11988
16992
13718
1341
3830
13833
7142
5518
17835
16907
7141
1422
2637
2433
15821
14299
14625
662
13280
9406
8131
5239
10179
226
5169
1698
8768
445
2058
6023
15654
12318
16660
2119
4494
16334
9286
680
10047
17235
8351
1753
2263
144
3259
8920
233
5434
16869
2080
15333
6978
10022
4021
722
10374
9727
3584
12680
17734
16624
15324
14489
12245
16106
13363
10358
7877
14329
5035
4877
7475
17571
898
10519
4679
3559
5089
432
2342
17869
7115
17273
10415
14183
5788
2651
14645
1150
7685
11889
3897
13487
11471
3071
8002
2597
2793
870
5867
5070
15148
16664
15884
1864
16686
14902
7258
12894
454
2679
6158
16695
14026
16476
8815
2585
13458
6621
11409
9935
5323
15639
4629
1805
1648
11183
7719
12725
10599
10961
549
13099
4677
8249
4443
5202
17466
8458
13661
17258
11118
4089
14692
14087
262
6120
6189
15358
16085
15603
15663
6534
8070
8376
5937
12083
9216
12504
6037
6084
3969
3958
10529
957
8010
10763
11944
4956
2246
9993
16021
888
13079
5785
1957
15153
12733
405
11489
310
1703
16933
1751
4106
11123
15574
8560
1094
12516
12468
16230
7105
156
16034
4642
10670
16026
2443
2869
6949
264
7725
5479
9628
11573
2693
8227
13012
12654
13764
4655
16697
8109
1823
11049
8498
14130
17384
8724
11102
11576
15300
5696
7880
16634
10077
17448
11724
10484
13556
2156
3595
9568
6053
13550
11829
9814
6141
7735
13976
14807
7802
13909
4062
12962
14919
12120
9650
12124
3107
429
408
12638
7983
54
4122
5083
4227
7564
6981
8762
284
1905
16384
11668
1479
16950
15762
12398
7690
10474
2868
9352
17527
9240
10553
17260
6487
15931
17681
9260
16852
10329
12536
13904
11412
5063
14406
5288
1190
17824
1636
9118
2974
10216
3718
2346
4272
12655
1901
9952
5513
10247
3345
1332
6609
16684
4959
14016
3372
2859
10386
2666
9607
4004
857
17603
7461
999
3867
17823
3885
13708
7430
4807
4442
788
1611
1602
11494
881
5337
11273
10506
9850
12239
12408
13175
9504
17320
17081
1097
9951
7843
10403
426
14107
2945
3605
11050
15220
10016
464
5454
7602
12866
14620
9284
7203
5030
12552
4742
4064
11612
10376
14062
11355
8659
5932
2489
17430
9554
16732
14595
10465
9953
13584
17692
761
1982
7773
16134
2713
8968
2814
17210
4952
6936
13561
8422
1858
1157
10138
1825
11236
14847
242
15785
16202
13878
10281
936
10992
12198
13914
5967
11304
13453
11693
13141
17234
7384
3747
6851
4786
8823
7930
8340
2709
4882
10101
344
1366
5646
14702
10310
13353
2357
4914
7008
892
15505
8583
6931
1719
7390
11672
5491
5883
2236
12201
2790
3940
3199
2667
15635
6755
16137
13441
15599
16386
9324
9202
17302
11341
14975
8244
1522
1857
3249
4714
11630
11644
12781
7660
1707
7776
12861
10120
11982
17535
11430
13807
12695
16253
11230
5027
15317
10159
12348
4496
3368
5929
8181
521
12479
14307
13416
9740
17460
1562
3987
7853
9852
16280
9034
10268
2720
5492
5081
12793
10766
8913
5532
15071
3977
5660
17049
15086
6900
13338
304
13125
12085
16483
15074
6544
9518
14208
8853
14454
10347
13437
7178
6874
9902
3501
17173
12271
2450
6871
13635
17605
13059
11632
299
9734
12706
11718
6641
8623
8191
6464
11779
14118
1275
5196
1247
11575
2495
702
5116
14868
115
7957
3361
13072
15437
9831
9810
5051
6007
16797
15399
15760
16932
14943
1555
16074
14557
12960
7102
17367
9060
10590
15443
15246
10056
12473
16829
17536
16084
10650
8997
2619
3968
10783
1416
16853
7572
10314
14794
5254
17796
6295
1601
17298
1323
2517
12720
9195
7219
9190
458
5284
10130
6301
721
13224
6431
12936
3649
9936
8186
12276
2963
4059
11404
9622
16806
10249
10558
5350
16958
14241
9564
16193
16691
16296
14638
16672
13814
1839
10201
13074
6289
5893
10476
10328
5673
4966
2090
16837
15299
2162
11565
6743
7518
10575
2913
3988
14404
6024
8349
3202
5380
8423
17670
2536
2490
13877
1725
3452
10565
6913
2390
945
9857
7183
1273
1429
349
10750
6580
3301
17345
2069
3493
4171
14438
1979
13102
17295
16529
3053
14784
5960
7496
11826
6485
5280
677
16033
5556
6077
2544
9717
6845
13406
9863
2278
17304
17241
11720
9932
2765
2411
10845
5325
2791
6447
6085
9466
12729
556
7715
10486
3157
13488
5053
4080
6462
1459
5675
10238
9588
9505
13809
1311
16231
11445
14413
6359
8936
5074
8462
10132
11752
8943
12887
8530
347
4313
16590
7301
7161
13535
15868
1984
6672
4755
7494
11725
5182
3923
8524
7905
11972
8728
9669
9367
15316
11866
1797
11114
4628
11368
15264
10461
16357
7812
6395
10514
16180
8440
15933
9210
12756
13151
8780
5916
17593
10822
7833
6791
4519
3831
6283
12158
10656
700
5084
6599
4810
17396
16893
12700
12296
6654
9451
3063
3298
3645
2587
14372
12249
2395
13787
15542
15002
15258
787
17690
15098
16839
6346
11960
3819
2951
15375
16968
8978
17125
15083
627
15705
4104
8260
9252
1843
12890
6060
10589
10257
529
14171
13931
9715
4385
7595
13770
5335
4218
13782
13210
9325
9556
11493
15791
15492
9396
16540
8398
4412
3279
2881
7654
10111
2469
7097
16403
6169
15019
17132
2504
6644
13654
6663
6106
2464
13020
10123
5749
15261
11222
320
14737
2670
13911
965
5564
10633
6258
12608
5082
15142
4148
11830
6369
3731
13401
12668
4245
17426
12125
12597
14060
5413
11750
15236
1305
10011
4291
5727
11372
17772
7543
13427
11326
15873
8022
8347
9747
258
7956
5522
3611
14591
11645
7295
10616
1197
210
8224
9798
570
1357
7584
11313
11695
17470
3764
2866
9791
16625
14089
5934
527
4740
3566
8658
16631
1084
10284
11509
1498
5733
12942
6994
491
11136
4944
16029
7636
13704
14663
3195
6889
4693
7896
11233
8555
14723
15528
993
1890
17217
12212
5377
17672
17564
15302
16250
3730
17429
2858
17525
1687
13863
14242
16077
8492
976
12076
240
9575
9150
9058
16088
13695
16705
4475
7357
13279
3750
7728
13656
7453
12896
1387
5367
12699
6205
10534
16897
15147
15217
15577
1203
12571
5199
14854
2876
16557
16224
11859
6855
10749
14970
9288
16308
1785
11785
2171
5559
10547
7988
17033
8508
12870
4879
3775
13452
7746
2244
15849
25
5644
11990
2715
10730
15204
14279
12029
7883
9162
2747
16788
396
858
10669
17707
1253
3852
1111
16338
648
1656
10756
9723
12629
11200
3757
8831
11631
10451
3816
12801
13945
12211
7308
10041
11723
6244
7386
5271
2648
12513
9544
13844
14674
13896
17228
3839
14729
5569
2927
15696
6402
13481
9532
11227
8803
16892
3011
437
5353
13111
7897
8032
9351
16743
2970
12372
10370
4111
12323
10468
10544
3712
11220
16811
13119
7493
11896
12179
5779
15713
5344
1022
9421
1728
8095
3676
15281
10732
6853
11870
7667
9555
9159
17574
4865
7537
9812
10171
4485
6813
1801
4451
8981
9493
8396
5971
17338
13426
9619
5653
5014
4094
15989
12427
12153
9426
2582
373
10945
14093
11939
2569
7788
14745
484
4114
1489
15987
4578
14956
15711
1688
17010
8877
4620
9906
10664
14505
3703
3409
9526
13069
8909
380
13233
14569
13108
8229
4841
6658
7993
12912
6823
5554
6297
11900
7353
17680
4467
11650
4720
16749
17699
14525
3122
5560
7464
15783
6653
6787
11135
576
17499
13545
4315
13004
16360
14436
4395
2746
4942
4349
11910
5456
3966
1223
9259
8842
4664
5279
10622
10219
7875
2337
6166
10871
15680
5692
5986
11454
10499
13486
1464
4484
8718
14230
1028
77
2368
2546
16792
758
17889
10818
17288
13377
15103
5874
1815
11393
6576
2690
4844
1775
532
10184
2894
16935
6754
16776
1716
15537
14623
7486
9172
4913
6074
2215
10469
1267
17322
5633
16159
12252
6982
2154
5677
1701
8206
11911
121
3808
16521
17669
11883
8159
9280
11305
12446
10835
785
17643
16235
977
7785
5812
4993
1531
1964
16078
619
5157
2653
5825
13776
8594
5362
6838
7576
16836
12878
7912
15157
5688
539
17679
9080
1440
3865
10038
17517
13341
12613
12577
13263
2355
5790
805
1747
1680
16585
11629
3126
10283
2981
7818
16737
8264
595
3273
9563
7016
1513
4410
14781
14607
3715
4744
15936
13429
15250
17725
8614
6796
10245
12607
7109
2703
11746
6674
17532
12735
7436
13760
12282
3180
13876
5809
11041
2435
15106
12025
9189
10657
16928
964
1312
3398
5699
9096
9704
8952
2744
12820
15382
7104
14424
14378
2331
3367
3400
1835
10084
5177
1324
12625
4042
15172
6246
11867
2228
10362
15997
17196
1706
7201
3393
4069
4964
17484
7447
7065
8538
5566
13324
2168
9500
10906
8370
2165
1966
13962
17660
16769
4217
12805
16973
16751
7751
7144
14690
13786
11006
17023
3898
14262
335
17140
13559
14365
7186
10147
5229
13765
6899
1939
8463
16909
391
1342
11922
14536
3465
10152
6406
11929
9508
3702
13214
16718
8965
10829
10781
7324
10771
893
735
13924
8344
13179
13188
5517
13655
12945
2613
483
13296
15605
6152
13647
68
10133
17463
16171
17321
5774
15187
8931
1567
7154
6820
5314
15631
13972
8976
17832
14701
414
14753
2155
15426
2642
3717
10928
5176
10114
15447
2994
5147
7004
6829
502
4188
10164
1763
1009
8561
1281
16528
12938
3617
15201
9099
6775
4344
4615
3306
5654
7700
13517
3622
1004
11566
12650
9991
4511
17222
17363
12154
8101
7753
249
14652
9237
11677
12151
620
15630
15571
1130
16010
16857
15618
10395
6878
11521
5837
5968
3406
15238
4255
7053
14131
17724
15578
7520
13283
8053
17064
2152
10482
4433
13564
8778
1431
6546
1608
14442
187
17522
14181
11204
428
15588
8445
3190
3174
9230
10196
16599
14563
12984
3937
9395
4220
14291
14302
50
15159
13311
3488
3669
1166
10365
6721
13456
3754
16276
9311
2180
474
10206
13374
3095
3251
1003
7026
8539
5974
10579
42
16081
17014
2172
8988
282
7153
11696
4
7826
4183
12219
16843
9778
4930
14092
7784
12288
12741
1218
9893
11943
9817
10307
14941
1335
3512
4191
7114
2534
12303
13505
2109
9581
5909
12943
7846
14558
13667
7414
7938
16170
2413
905
10165
4925
3609
7844
6565
3945
15193
12519
12309
15897
6063
3542
9145
10919
1972
15658
5230
17382
12404
2566
10824
10057
9813
12667
16055
9441
6627
6054
8580
7210
8167
3201
17751
10538
1102
6139
2841
13106
1593
9969
1229
2801
10488
4797
12956
11653
6753
6777
2880
2564
3854
13226
1556
8072
1131
5808
8461
2487
13954
17601
16345
7292
11366
17156
9338
15908
15839
16169
15318
14200
2166
3985
6814
12447
321
14688
6547
4322
3931
1766
312
10332
356
13685
9737
3238
9419
4654
12448
3007
14594
1365
10028
3621
1075
6781
12717
8272
7472
12826
139
9868
15935
16332
11542
2935
11069
1039
12547
3325
2817
9052
3567
3059
14809
13585
7248
5553
6082
13503
13830
13014
17627
8605
852
14922
4684
13096
5345
6687
11311
6910
9611
1466
1182
493
13384
10033
9683
15777
8779
15670
4618
8400
7916
13261
13028
8415
14023
11090
11349
3430
13840
5256
13403
5011
382
12228
10882
15158
8430
181
3924
1340
17351
4233
14665
754
10384
4754
16147
6160
8346
2273
7051
15960
3437
10234
11297
5514
17766
5595
762
9966
4987
4454
3461
5885
4264
9273
15298
14154
13650
13857
9702
2681
10794
5588
5567
10642
1758
129
8262
10580
17423
13565
14382
14204
2479
259
15433
632
5455
1919
16288
3638
15101
1067
8501
9933
17209
15149
7369
11801
14706
13033
15230
9790
3387
9720
2886
13852
7236
11530
14143
4593
17852
2371
10908
2832
7733
14190
2116
7133
542
4209
8963
10424
11234
2328
6671
13174
1875
9550
16799
11964
9287
12656
11539
5703
16163
9599
10143
13529
5289
3813
15066
4948
5680
7514
2178
3138
16990
9089
7736
4142
9158
11751
4829
17439
7279
6061
15827
3382
3579
7937
7445
5052
9030
5830
1382
17705
6377
10297
7073
643
8816
13886
8601
11983
11956
13553
3524
3360
7454
2130
7118
4878
15754
9924
17747
16310
1395
15518
7864
3982
8171
2601
17489
4154
17630
12349
12635
15877
14309
15649
16070
3545
7828
2639
13295
8223
16627
17105
6776
11137
2046
13164
3439
168
326
6876
4047
16242
16807
2839
3500
13859
9448
6481
10243
1457
10684
17826
16601
13060
17192
16744
13095
5602
10869
4238
13067
12467
14848
3386
1590
9453
6190
2985
6309
2515
5803
15809
11516
9345
6865
7887
13258
14656
6417
14164
1053
3683
15677
13492
8274
2864
4177
8630
2255
5540
6172
9051
2716
70
8958
11094
8141
11079
13490
4207
7138
11977
3659
11663
3588
12563
15846
9604
2820
10941
15730
11873
4949
4762
5912
11339
293
3024
3927
1947
16688
16981
15770
11846
8293
2838
7627
10564
11715
4564
12376
13357
11476
256
214
13303
1242
12602
3097
5608
10910
4071
16545
10841
9296
14882
4474
2853
15322
16236
8667
9128
16647
8951
12130
6984
1156
6476
8001
2507
4303
12746
7656
5529
7103
5698
14339
6935
1393
3246
9656
12611
15060
4915
15764
17894
17666
13994
16066
8128
5099
12053
1186
3043
10462
4866
3961
16915
17159
17178
12184
16477
14572
3950
7859
7854
5190
2948
11174
3151
12129
17018
12778
8966
10998
11788
3592
11908
14464
8859
3507
5876
8742
3508
9903
9848
6582
838
17557
4716
5091
2895
16520
11881
4972
11697
14604
14124
1518
8066
14945
14707
6458
13390
13723
1629
12200
13156
14535
7522
17118
13489
13716
3354
6005
2924
15484
10030
12466
9613
12328
3509
16582
9402
1086
4241
4998
541
5136
7240
5355
3423
1076
5005
9849
12537
11084
11301
10858
5183
8573
2732
10263
7373
16944
1049
9265
12255
9132
3887
4695
3986
9992
3733
7606
8265
1981
5650
4772
12518
9973
11113
12355
17024
9939
14384
17399
2485
250
11691
13599
6454
6783
2344
5079
4053
16675
7365
13483
9151
768
4945
9904
2784
12716
10204
3002
8557
1634
12777
4327
16677
17875
6824
17610
12868
4401
3346
16526
1963
10229
4780
10475
3627
11772
16136
14120
6248
631
11623
1874
8356
360
7241
6144
16746
10119
9078
11805
10791
13077
16866
17270
13372
13457
4639
14348
13482
6916
7346
695
184
14100
3573
17255
13958
3640
1337
15439
12230
15313
481
4174
4008
16900
10936
2990
4646
13239
9796
11244
16283
9603
4130
8165
16294
15219
2429
3245
15131
328
127
8253
5329
12554
3614
3680
2310
14876
12542
2341
11971
8325
16025
6226
3447
2772
9211
12648
10984
11679
5340
7922
10585
2643
9794
2384
15473
12753
10775
1860
6467
15611
3261
8619
1112
3310
10769
14929
14159
8691
14228
5226
2910
10255
9756
1367
6632
13421
7080
7299
8478
5481
13977
3339
17792
14141
14714
678
11075
3517
5663
6772
14733
13788
6471
3036
11127
8394
13334
14488
3838
10001
1372
495
7182
11656
848
1596
15909
13388
12390
4675
14076
6869
5717
5861
13469
8862
2126
8912
8311
14094
572
11649
13612
15752
1876
9454
2998
12171
13992
5901
14846
12702
17638
14549
17179
600
6515
1804
11110
14418
8957
6459
14205
4567
15125
16176
6425
5388
14270
6718
1573
2373
4333
14136
11602
1020
1426
4916
5068
9685
14401
2580
5483
4473
16123
4543
8236
10560
8303
1120
16421
12243
10596
5887
13988
8714
10293
13435
5724
7370
21
15964
17880
5376
311
8871
969
11897
4921
8107
7676
6140
14377
10537
211
6251
10967
10315
5305
10471
16535
11055
9570
12291
13422
9048
13800
8130
12267
1786
2871
16428
16538
16370
5744
16217
8125
2957
17573
3441
686
7262
6745
17375
1425
4314
12341
16598
1961
6165
9194
3642
5862
12517
6737
12996
16600
14741
14306
724
13472
6716
10367
2286
14833
6696
12967
6087
13455
14148
4357
10289
2672
2369
7471
17820
10495
9872
16008
14971
11330
3363
6964
6539
5765
300
15890
3221
6862
1841
5064
8516
16633
2230
13498
4110
15474
17334
8929
10625
811
15801
6281
2444
12095
16313
3109
9843
14483
17122
5936
14311
7989
16196
5827
17311
12875
10753
10481
13366
6794
6003
10205
15773
3320
12925
6357
16174
9511
2796
8063
10532
16030
7431
96
2844
436
17575
7546
6038
8969
6008
1078
10557
10452
14460
11498
2375
4941
14024
17356
13207
5978
2563
14954
7578
630
4927
7066
15458
6282
12060
15376
12641
3932
1663
17059
7294
13439
15294
15282
14880
5655
2062
14637
12058
135
4886
6343
12596
10793
12206
12480
13702
16191
6856
16220
3050
5016
13894
13335
1667
14560
3590
2187
7782
14246
9385
14269
4591
15561
12139
7959
7560
8743
11567
4733
9013
3658
16976
11353
1478
1800
17373
17120
16225
370
9068
9039
1180
4332
12004
12161
4129
3047
10413
9223
10969
3096
12321
1104
8468
1158
1016
1526
11240
12388
4265
1814
5578
15435
3413
15135
7769
6679
1088
11622
15160
12538
5114
16510
13756
1495
17831
5171
319
11996
7068
17538
64
3944
15900
6275
13348
5100
1954
253
1060
7500
1453
10511
3581
14969
14592
16894
2018
438
14699
12183
8503
778
3585
15988
1153
16098
1987
3935
7659
16438
12637
16899
1099
12752
17656
13140
1520
12839
3274
9106
681
3589
1469
2943
13743
5174
3804
183
12157
1658
8894
4237
13477
3755
5720
4602
13907
7894
9707
12175
71
14630
6117
12174
16885
4839
9477
9009
2768
10170
11388
11038
8526
10568
5634
3143
10990
1967
11836
3685
1343
16696
14160
11861
9980
4225
15738
1902
13944
14465
688
15195
9678
14300
6548
3853
7800
6195
882
11895
12283
5552
15823
6392
1988
4420
8559
4912
5477
7095
3034
5863
4343
6472
1402
10826
5638
10512
17524
15861
16478
5281
294
10053
5150
10828
11727
1314
16487
8428
8164
4068
12812
17683
7374
1739
1769
15344
1380
8562
6203
7096
11147
8096
14611
6098
14247
7274
6286
2345
6475
3695
4267
9552
9183
17376
3293
10135
16206
573
9694
16574
17379
3672
12715
17015
16898
989
11884
5022
12622
1044
5001
1741
9811
9780
16623
10104
1718
4270
3632
8493
8637
11483
8925
3766
13139
4951
8488
13056
5547
12002
9590
59
12440
6233
10716
228
5389
16739
1682
15454
17762
815
15595
13967
6348
6636
3187
5815
12947
15214
2056
6435
5722
8185
5943
12698
4701
10463
5882
16397
2352
5225
12173
13939
12610
3145
15303
7809
5328
13127
12899
6320
7941
5067
8792
723
1795
16408
8117
9580
5433
10504
2810
4796
7972
4425
17586
9480
1264
8156
11878
1623
10837
5497
9377
265
4362
10443
2724
5574
8647
12530
17071
10956
15876
4524
7631
9155
6252
17143
9182
15835
17555
8289
8791
12304
7558
13018
11099
5831
15806
11346
14449
15860
14586
17282
3713
2182
2198
17102
15207
1386
16146
15802
13780
12389
12273
6076
4922
4689
13796
16388
15671
12470
4082
2707
8114
9134
2163
14617
12329
1059
5493
17834
903
17042
12623
6017
17185
24
17694
1221
2641
7911
8841
11390
8722
11284
3468
10770
2456
2609
5747
1427
1093
2071
12957
5272
6373
7943
7767
4146
5963
6010
9012
12914
2317
1746
12657
7791
11482
4361
14783
34
1051
223
15952
13094
1330
15690
7321
5317
16667
828
11413
1755
2749
6655
8949
10400
8984
11608
7845
5807
17328
16646
13241
9776
2108
13621
671
9884
1025
11076
7863
13240
16756
10924
9307
3482
5056
818
4719
15688
12621
6850
11794
8320
368
9433
11120
16263
7427
11770
11928
16344
17767
12806
14953
734
2767
3313
7338
14792
12909
13317
13983
6932
16004
3115
747
2795
17544
17518
10820
9003
8200
7284
12592
940
12081
8897
6656
12653
14349
11584
8932
14180
134
5198
6315
9853
15018
1674
5752
9482
10979
12022
10864
15782
16971
3835
15924
11700
9890
10795
3826
15522
4678
10595
8475
4612
9569
1866
6489
14408
807
5338
7420
5875
14387
8246
6159
15381
12456
2803
15842
7928
8491
13364
13206
17060
11155
16820
11415
7128
5806
5298
13515
872
3376
6606
12188
1684
3130
2980
12123
10428
16463
15734
7481
15742
16547
6333
7403
15415
4600
4764
10695
16564
2911
16789
8845
14946
2077
9644
6530
8515
9854
16888
2151
15448
12788
3847
1813
7225
11781
5471
17804
8050
12033
14641
7413
6884
3027
16676
16591
4373
9837
4029
17442
17873
4289
14429
17618
2218
9225
10980
2201
11056
15134
15151
15152
9805
239
80
14409
13171
16275
1980
14138
1606
9469
14361
1515
8421
14236
100
11288
16918
12438
457
13204
1279
5476
12067
9488
16032
968
12042
6971
14765
16243
14667
15460
17596
15194
6739
13910
9227
779
6942
9783
12867
4061
5360
9930
11119
10950
4098
287
11096
5669
7157
4871
11902
17819
15727
10002
5258
10295
16890
11858
16277
16087
8544
14832
16610
16513
1360
5457
4306
10433
8603
13991
17054
8535
9589
412
11438
692
3164
4441
16595
11185
3751
900
17719
10487
17661
15645
8668
16872
6990
7683
2915
16831
14705
2674
15216
3997
16434
444
411
11370
11146
9846
7246
6039
11570
2323
4933
3427
4345
13235
14453
128
12463
5539
14900
13134
1144
14819
3237
1362
12964
3448
15590
3076
10190
14191
5739
7316
12703
2831
3474
6245
12019
8992
13190
4328
919
13792
16663
14175
15430
9069
16223
17370
5606
4804
3873
7969
11385
3726
13574
15612
16246
4172
3525
5374
9416
8889
338
773
8602
15648
1029
5682
17891
7871
10218
11796
14352
197
7243
9115
7417
9492
9517
10719
14982
2491
14080
14187
17811
13865
3316
12859
11755
11825
3662
601
4304
7713
13860
4147
16311
13842
14759
13383
8497
17730
562
5211
17410
14906
6465
9786
2161
3668
4273
7126
11052
16961
8479
16031
17567
9876
385
2552
8306
3785
9023
902
13291
4672
10389
15816
5750
5637
11316
2050
5410
14533
4640
14640
7750
5771
984
12950
15024
2692
543
15221
17076
3625
16335
9234
1091
12764
5623
3203
9045
2953
9152
16441
7364
3442
16771
9889
11702
9475
235
14412
14108
9687
7934
7363
14058
842
17654
4422
3453
17678
17037
3930
7250
1146
2115
7396
889
17487
11736
10778
16999
2669
2865
2646
15726
12106
11031
17130
2226
16423
17721
16914
9418
15583
12316
2222
1036
13321
10006
2240
14081
7855
16883
5906
10012
2762
14633
4158
1977
3039
8767
9050
2430
272
15260
3141
9458
12011
8808
13956
10646
3859
8213
1726
1259
2779
15642
16422
251
5958
10440
9565
11241
10407
17825
16413
3208
9348
5015
17662
16925
2052
16424
12791
2523
9664
297
16565
5851
14994
12628
11717
4541
388
13835
971
12804
17759
8133
2937
13178
4792
5019
13554
1673
6607
5926
1359
11106
17791
5707
15737
4038
10930
2023
13114
13408
14837
12194
5162
13290
2207
13468
10535
10870
11729
16512
4070
7265
11115
1268
4318
1793
14894
16735
8698
13869
12005
6523
15199
9085
7787
11256
151
7211
11280
8855
3942
13460
15689
1069
15723
13682
10761
5339
6427
866
16104
7296
13771
4175
7474
1421
3211
7215
8295
12168
1867
5088
6651
3716
6215
17216
7263
6714
4540
3425
9097
7504
878
9867
14955
4738
16135
15576
15999
9020
15286
17488
11087
3042
538
4551
2776
9735
3152
6725
6499
674
83
14671
4281
7233
10473
11059
6261
9769
3706
14320
17277
4813
17701
440
11525
7
6340
161
10418
8348
7351
800
13147
524
4704
6321
17348
14636
13133
4189
12732
13092
11874
642
10997
17768
1941
16536
9495
1651
5708
523
11865
15457
14896
4084
17612
4857
12662
13005
9364
4198
10040
1081
16154
17371
13518
3060
6533
6785
13957
6409
384
1490
9605
8861
3132
781
14304
14390
9809
12920
10885
2470
11666
8939
10811
7544
8083
14470
11254
14872
17025
1413
6164
13433
12978
8881
13359
3066
7032
4153
4448
8387
1295
11287
17004
7401
10913
7238
7355
9376
8640
9282
8263
2598
12940
15508
9445
7990
7881
13073
12253
11417
7448
7006
15853
17862
9928
12823
9910
8552
6051
11224
13225
10933
3806
14874
5048
12432
12410
17776
5977
6469
11925
8962
2400
8890
9873
847
15637
16977
3
9274
3734
14892
8821
8055
4347
10561
4911
8174
12420
10722
1950
15126
9574
15628
17446
10974
5823
2750
15491
980
5397
17504
6125
12779
9825
8840
367
3295
13872
11737
2819
14450
16471
6611
14114
7674
5528
5409
7503
10631
17634
6689
7388
8279
1309
5472
8189
9437
4458
6717
13523
3254
1920
14734
5453
7613
4656
14562
14283
1799
10792
17381
4828
13567
14960
8771
4426
6339
17451
5563
13828
15763
2626
11544
9256
4372
12550
14901
11048
4127
13951
11223
14621
5357
13480
12851
5616
1930
9705
7318
9576
8531
765
1845
5811
14095
13754
16130
5691
15779
16113
15681
13276
15073
1278
14083
16189
3284
2074
4226
1209
4530
1533
13701
16850
6200
17740
4060
16570
17833
10094
12872
12691
8275
14727
9154
6767
3004
11839
13889
4035
9135
2136
5778
8644
7571
1916
1005
7148
6035
1925
12185
2247
3065
13714
14249
9651
7224
31
17252
9238
782
5383
3856
517
1447
17827
16648
4464
17778
280
5047
13727
4821
6022
194
5363
955
12379
17237
15352
17263
5506
131
6650
5950
1128
3017
7698
10380
9763
3094
3481
4896
4311
4135
12180
4806
12464
3147
698
8749
16685
2412
13038
2542
6972
57
453
10032
15536
4929
1535
1911
4019
15566
7658
5962
15698
2002
1640
6839
15903
14682
3607
579
3648
5995
15885
6040
10059
17624
9864
8235
8219
16297
6728
137
11690
5760
13042
16525
16207
6657
2645
2264
2078
3651
15622
12313
10251
5253
5160
16188
14869
732
6958
1433
12116
9420
5525
9193
8331
5976
9388
1541
1415
6970
10880
14501
12132
7419
9298
4647
6358
3119
5087
17510
9888
15010
1096
7723
16062
13201
16996
3377
17872
13351
1737
7358
1938
17619
12678
5737
14207
2113
10922
5979
4090
2326
7383
14047
17590
15388
6099
10802
386
8956
13592
16954
10717
7057
636
10892
7704
752
17026
6947
12302
3789
9593
5911
4206
2798
7302
9840
9698
12679
4157
15905
13618
11930
5191
10748
5093
12632
4854
198
10576
10480
16161
12799
10175
14541
7780
6589
15830
16470
10554
2454
12783
4417
10797
11286
9760
2474
6799
15617
885
3292
11856
1612
9156
5512
11422
16024
9075
624
13186
15621
9029
4513
4730
17316
6697
3355
16437
11291
17022
9094
6699
1599
7434
17344
14834
3489
16682
10920
6442
3798
13747
14135
9968
15804
14103
16636
15638
9315
927
5927
10432
16061
3915
9215
1666
15054
7926
7757
5897
16393
7616
8906
4030
8798
12598
13016
14700
2256
10636
12713
14125
5101
2828
14927
15042
7523
16581
7499
3646
2176
9167
6848
537
3908
15614
4527
15866
7342
12929
9334
10371
15687
13785
234
2590
13495
8599
5632
5501
4562
3150
14063
7322
397
5240
13286
8126
7953
15878
12137
2314
9615
6821
928
16661
257
509
6429
14015
15986
5438
4688
1160
9521
7158
4370
15393
5697
2293
3807
12521
7101
8858
4895
7429
2197
8104
515
10081
7638
4360
5277
3436
17000
3767
12885
9065
9133
17491
14643
4774
14194
11620
8977
4694
261
11639
11561
1352
6096
614
4553
544
5037
16784
10004
1894
1827
11163
10981
11098
14568
8797
1461
4715
4542
13642
9129
10498
14822
1955
190
2089
2561
7870
625
974
5260
12422
1201
12941
17738
6556
4520
2934
9828
2599
13683
6682
3037
2295
16763
10393
12782
11760
12684
2559
10702
15901
9743
138
15926
12589
943
4928
6594
8457
13021
10192
1291
8483
15704
3880
10728
15022
11811
7334
15355
12356
14364
11427
12275
11208
2739
12368
9109
2185
6624
1929
8138
6073
2734
15124
13414
17266
2896
15486
1748
7003
9768
13163
4085
11563
13117
1745
11101
11495
45
9762
2978
3335
5422
2242
11711
2097
6326
11260
5939
12627
13131
15062
10973
8378
9883
17698
8364
10612
5073
14534
14210
15331
716
11927
15255
16212
9621
17247
2854
10592
6370
10866
7091
8122
14038
12000
3947
14407
17866
5488
8049
15548
5794
7035
17757
946
16301
16934
1897
5487
16508
6495
5043
11716
8888
5135
17169
13711
16145
5414
14379
4712
9002
8811
17464
11307
1542
12497
5078
4461
9880
4413
13725
8307
3088
2890
6381
4017
2468
15367
7200
16090
5206
15834
2383
15114
16132
10058
8291
16621
9239
994
12712
801
8012
7452
8210
10107
17286
15665
7071
8241
6803
13045
7794
11289
477
10570
12652
3782
5275
12498
17021
13943
13446
8251
13497
14545
15136
9326
16902
15416
498
13941
6764
13681
5129
5617
9221
15395
13812
292
13278
10639
8170
8873
5228
15613
17613
17775
17397
13855
594
9822
17563
3832
8444
4290
6601
16372
12127
3600
2815
248
14039
16827
3975
10966
16361
2936
1298
3016
6276
16359
17135
7491
5444
9138
2279
12615
17047
836
6457
10567
273
1808
7931
16612
6080
4769
2630
17075
6941
2583
14278
11003
2181
14724
17505
2200
13662
4507
6770
10734
16292
12086
5356
3336
4539
6119
7437
553
2811
3492
11657
11149
13827
8729
11912
11058
5417
7439
14998
15759
12203
9354
4847
12046
1896
14189
10305
13871
4902
10855
4728
6614
10377
1616
1558
5366
12645
3278
3558
639
3833
13570
17673
7181
8590
17067
8027
3116
8036
55
12414
7079
13354
2011
9140
775
13933
17191
10035
14926
5969
14811
8242
9920
13318
6271
15459
14428
3226
7874
12023
7872
13006
4697
6649
2940
13947
2632
6043
17874
17589
15117
4918
2540
11132
5132
2783
7752
13514
11995
7239
757
12825
2603
15256
9956
17229
4073
148
992
10093
12450
4991
6888
5573
11397
1678
15786
4423
10039
3193
16210
13015
8296
7480
17225
8085
3991
12488
5437
7666
16884
3784
12718
7179
13978
13032
8908
17797
713
12582
13783
8983
10665
17007
14978
8708
17128
7536
6987
9456
16655
11267
13484
7050
11958
10816
15780
73
2708
7166
4252
10862
9318
15345
12449
13365
3239
16443
14913
3411
11382
13008
119
10311
17516
15747
622
1132
4342
9847
15862
8332
5203
13594
5004
3886
6491
3913
2388
9253
1671
4595
6557
2418
6841
3660
2997
17240
756
7697
8905
12847
16401
13024
5944
9962
17490
12719
13824
2596
229
4325
3260
3678
7567
16930
9332
12979
12736
1363
7591
2530
6336
10429
3778
8399
9946
4050
2399
6575
11572
2521
11753
5665
1284
8685
997
13516
14362
2227
10186
14932
14889
2887
11831
12930
10290
743
10183
8337
3610
13491
9899
1944
15374
8447
9879
9149
8471
16291
14101
3324
2627
16183
10923
16480
2867
6366
2771
1913
8653
11175
16597
7052
11887
118
10847
1887
2571
13293
17855
16139
13230
4853
14001
10948
7018
1315
16567
10274
15819
15998
10983
10798
1665
16654
17085
11456
3383
13440
16472
9185
1517
13093
11243
3892
13541
15686
17450
15685
14455
588
14275
193
1082
947
11658
12549
3344
16181
9886
8940
1880
9898
8621
14031
5411
14129
17137
16941
7264
3855
12494
9116
9981
6197
14327
8158
895
17807
4411
7902
755
14437
1511
12028
8427
17029
3687
14010
7205
123
15296
12354
14004
17695
7642
9073
592
1956
1364
7214
14112
1476
11980
14964
1296
10489
10087
10491
3970
11439
10868
16391
463
11395
17789
5061
972
16617
4044
9839
7470
5736
14878
16767
1847
12061
6403
13504
8879
13741
17257
6510
11843
16095
15386
3322
16880
12768
2385
536
8472
17502
7173
12073
15887
1047
15085
15444
1032
15171
6676
14029
9784
1959
16770
12660
9489
7511
10231
13717
7945
879
15990
3635
7234
9217
8268
16764
17805
13084
8849
9301
746
4875
4901
15176
4457
3725
2944
12292
3417
7708
15184
3462
13664
17199
10174
9207
4905
8212
1207
16531
15279
14988
1492
3681
5321
3799
4544
13686
744
8677
10083
3802
14188
6113
9561
2387
2477
8581
16912
4048
4874
1983
5352
13046
8286
5819
12895
12224
3899
15384
2169
5361
205
13369
16607
14766
2315
13948
4876
10652
8172
7650
11386
5755
14479
13142
11080
277
6849
6177
7150
11529
12317
13257
13205
13921
1331
14497
11229
7724
12587
13399
1123
14284
6812
5613
2617
2723
12785
16144
16450
9353
3900
14669
12534
8504
9842
10166
12958
1472
17050
238
14774
7935
13316
7029
2463
6287
4610
4205
14117
4210
8285
16530
16069
5159
15455
2238
9553
8572
17726
2313
11991
381
9516
10256
5534
12133
9180
6468
612
11469
15604
11356
10230
9107
10025
16410
4931
4076
7533
8169
13330
8887
7049
16270
12808
17545
6724
7999
3200
10540
9937
5467
7548
10098
7966
10963
12223
9386
15787
15387
8624
331
3582
3650
12803
17646
17103
15810
6908
1030
4504
7170
4472
475
12553
1072
16703
9672
13381
4340
6179
12072
6751
117
7976
5145
8959
2624
5316
9834
4880
8124
2995
8720
17387
15521
5372
6155
10045
17127
8153
4698
11189
11169
2560
16148
1455
1565
1103
2785
7793
6693
4983
6863
16444
10160
5207
1689
11051
9110
12850
15453
950
3597
7974
8829
9594
8283
17462
6639
6623
16614
5793
3954
4736
13274
5435
5333
10005
4469
22
5482
4624
13639
17436
16741
2686
10897
13269
7307
11325
12818
1830
16665
17236
2622
17691
2284
17337
14571
3035
2788
16844
628
6940
9163
8309
7305
851
1045
5693
10240
7792
17617
11909
10874
16261
420
17281
14806
4284
580
7695
2334
15227
10378
5627
12325
11705
10113
7795
4619
13908
16419
7530
12567
16205
6380
12742
10241
3506
17028
2835
17620
6361
717
12576
8248
12016
2026
16461
10177
6795
7797
3312
12391
17648
824
2862
10092
14051
15178
7455
17480
1327
14716
737
15036
2380
11173
7876
3740
5642
10632
17594
11320
548
5668
15712
5223
13040
8162
3012
10686
861
4924
3342
11703
829
15978
14025
9859
11564
1266
11798
816
12093
7730
12411
6800
14968
14469
653
11239
6015
14583
2753
13070
16821
5097
6222
15311
13238
10965
13880
15539
11343
11021
14099
3539
17307
15961
10801
5640
17290
1597
3370
9147
14334
897
7586
15011
7132
12485
1010
7963
16779
4512
11207
1349
4565
13901
9535
13256
3601
11070
13447
8414
7055
3920
17372
4339
6512
9856
10747
13249
417
15587
1588
10222
254
1048
4010
5007
12819
5846
14934
13560
8971
9275
5758
13511
14788
9408
17355
5853
14540
1550
5690
8592
5609
2258
17158
8769
15971
11841
1110
11010
15703
7965
9913
15992
1208
13326
6474
10833
4363
17579
3421
3162
11449
390
2722
9616
17686
9586
1328
10729
8004
5278
7488
9113
8970
17206
7323
7534
1536
5311
4427
10501
7933
7446
3389
11124
6955
3551
12508
16420
15090
17641
7816
12065
13339
6156
8486
17664
3438
9088
379
8041
6736
2860
16790
6939
485
15325
16125
9142
9342
2439
13400
9317
16075
1497
13386
13100
12434
10410
353
12089
364
12711
8707
12240
10744
15781
3891
9770
4560
16854
6123
17737
9319
7156
7283
9838
7288
6669
3179
15736
12075
6542
5570
14763
10397
415
10472
6837
9663
14234
6223
13532
12605
12340
14684
12522
15930
10086
11418
2961
4253
15163
833
1371
10423
17722
15349
8766
9818
3664
17793
1168
4752
9313
11808
13485
8342
15243
9309
15820
11806
11201
8201
9960
11419
12966
5428
14680
8736
11868
12103
6219
16211
16398
16689
8121
15035
665
15956
16939
7758
5631
12871
6597
15756
17331
4123
11324
17500
1811
15229
8127
16244
4601
69
10894
11159
27
1752
16097
17362
11168
6962
3783
9922
16473
17554
949
16662
5792
8540
10046
10128
12300
14084
15684
1506
15463
15980
9032
2265
7714
11247
1236
13590
4439
9
8776
10060
7624
5038
10185
14272
15589
10800
14862
10356
733
6149
16561
15851
16251
3219
12078
16523
11045
10916
8761
7824
7237
8830
53
4141
659
17256
10008
1584
1773
12908
11117
15052
12904
5842
2405
17032
8696
1576
10339
14106
17629
15334
6420
9204
7466
13713
14825
7329
1842
5800
13282
281
1886
4377
685
14222
13444
5221
2453
7760
16182
5000
1568
10832
8266
4946
3673
16626
10464
16479
8812
11965
10366
11164
12312
11121
8755
7984
15880
2471
13673
10889
12505
17088
6905
7603
16729
7625
1225
3079
12134
3394
13736
12104
767
7903
13128
4518
12493
1205
8751
1162
8474
15461
11027
2350
6404
5407
2333
1618
12833
10351
11534
10701
13748
8725
16266
10095
591
12816
14165
1456
8773
2103
5018
1038
13571
13479
2813
120
4625
8629
6001
16328
5461
9306
6771
3466
7729
15911
4960
13726
15837
500
5002
4506
6112
4920
14244
3381
10334
6519
4657
12417
17718
17846
15950
12056
10200
10879
13640
13735
8519
8058
13552
1073
880
5619
8187
5643
2318
15844
727
12090
10673
12352
12110
7600
9010
9749
15913
3999
15845
2676
1926
12119
4986
8168
17708
13294
5870
14243
5629
7086
6618
14542
2194
4791
3939
7088
915
10497
12315
1141
11510
4396
6625
3779
960
4634
15743
2064
1942
3749
5059
283
13587
944
6002
1173
16761
11328
14162
6826
16038
17180
14494
5416
1211
4338
12055
17251
12994
16972
2840
4746
11857
11998
1361
7975
2751
13047
2623
9209
16842
11758
6401
3522
9177
14491
7541
5596
14722
6670
1485
11468
11813
1458
13098
1368
4534
830
4971
14344
15056
11771
15119
11197
6268
15122
5119
2139
3815
16681
14521
2904
12401
10382
5120
907
12787
8314
613
13342
3529
9681
8546
10724
3957
7099
3699
6433
12840
15027
12330
7272
3554
13932
460
853
10044
13508
12164
1068
10078
11394
1161
2106
15707
2216
14739
14715
3177
3769
6263
10940
15958
6502
10385
9102
2789
5062
7319
2458
2209
15871
8276
14030
16803
1179
2891
113
2818
6025
14551
10740
16460
17623
2882
2962
6945
12502
17342
8784
2638
13893
5222
17606
13476
8917
12015
4630
12170
15012
10157
7260
8514
17858
1085
3222
8038
10017
6102
3602
3537
2549
9612
14013
16991
8513
6819
10972
726
456
8256
5748
7805
9459
9251
17769
12113
5721
6136
4095
6387
7278
14762
9708
275
7950
16768
17291
4394
13669
3637
13527
10073
522
10660
185
4750
7539
16669
15429
9695
10808
16815
7675
1614
6101
14864
6351
17398
6526
1672
10551
2138
9035
13464
4096
14999
10306
11073
17711
14308
10246
651
17402
8175
6765
12274
2459
17385
15857
3243
7946
12082
12136
13548
10696
9372
2506
4606
17323
6825
5551
5273
2675
5603
15609
6804
5390
17857
7836
6175
16141
488
4903
12462
11707
14155
14045
7441
9246
7422
16978
8123
12795
9413
269
9716
6186
4508
13729
4963
6198
1238
13189
12933
12701
15974
5866
10988
10444
8758
14037
4726
7899
109
2919
11100
10593
9971
13243
3319
5075
13132
5970
14785
13159
16151
1767
7597
10042
12429
13547
13867
10349
17148
11157
10261
8765
10144
17276
14192
14203
2533
13228
12047
10721
3121
4037
12643
1021
13029
6371
9905
15540
16027
13506
17788
12901
9266
17211
5872
3223
4015
12545
12229
3467
15510
13344
12476
2440
14485
14738
11936
3329
8018
13690
3029
5732
7856
1724
6885
4990
15502
15000
602
4196
14457
14654
16047
14173
11275
7207
3085
11420
15882
9305
953
15718
16998
8064
990
4817
2153
12415
10269
17319
14174
7952
7190
14696
797
14490
10049
5835
12384
9761
9655
6647
1338
8006
2262
3704
5133
1997
6389
11984
3300
15104
12524
9485
8584
5212
5557
6408
7074
17287
4271
1888
1615
17104
13985
8994
2245
9820
4645
12442
5892
3921
7919
17204
10323
13533
13000
5630
9460
1194
7172
2123
2824
10725
16091
2581
14588
3503
6993
9974
9008
2303
13499
7832
5868
14445
9336
17283
3183
4256
8666
15145
17110
7551
5394
8143
12573
2629
5996
11190
4268
5370
6291
621
11274
16943
15143
10602
3502
2049
17844
10789
17313
1306
10620
2285
8863
11997
8489
7778
14376
11766
4598
6811
2260
15182
15401
5884
12210
4009
5373
3773
8254
1553
14448
5267
14735
668
15231
1436
2254
2272
5185
4251
15836
6520
14014
20
10536
11924
9362
12199
1192
4428
13510
16237
14170
4277
5315
5029
10773
656
10207
8388
16569
9585
14697
16007
13158
7617
11558
478
5480
9228
15660
5106
105
16324
4739
9566
16734
12772
9356
15664
10136
16962
13320
12363
11875
13887
8013
9633
9912
17882
11225
5009
10621
7587
1299
13965
10296
4811
4403
8870
4724
718
13862
14628
1824
9267
6100
6798
17107
9900
16527
1288
11488
13687
13692
6979
3287
324
12375
16302
8634
2320
3884
16780
16142
52
7712
8358
15417
15418
8789
15700
17878
16603
5262
4939
2494
16905
350
15091
15363
3215
8326
12233
7013
13927
13232
5102
3748
2114
9975
11203
8470
14803
11333
4622
786
13938
7535
16970
15234
17268
15979
15442
4579
9582
12586
6688
6210
6700
7061
11154
12789
16016
16559
5439
9399
9986
12714
9782
15406
3801
15167
9471
12758
4039
12784
9054
17114
17818
8934
4753
1451
15365
2019
15691
11595
1482
13536
3070
4297
17150
16982
6550
14202
4617
11266
8642
17794
15105
3294
10194
5153
10027
1713
13090
6880
13470
17112
11568
11550
7398
296
6274
3033
3771
10813
4380
5614
3848
1420
1282
10303
90
1770
9635
7458
15947
10543
9316
3549
13763
12346
17151
10322
7742
12231
17124
9414
7849
13319
12951
8674
4079
8298
15050
2366
13538
8692
8454
2872
7218
2309
5833
2682
17553
9703
1206
9071
4705
2259
5450
16013
3781
3544
6445
8184
3936
11184
11407
8426
5025
16192
8589
8196
14985
14530
9542
10819
942
2825
17483
10814
15825
9777
16178
11139
13450
7991
11756
6847
124
15156
7449
12216
7643
9411
10116
1310
564
8884
12225
1417
3971
1523
12335
6875
1965
3214
682
937
13229
11708
14287
2659
2221
4078
9490
10856
5247
7400
7062
7198
2837
9941
10485
14767
7635
5535
1193
11885
15716
3490
6182
12976
7663
1474
11016
19
8607
3052
9403
10898
13841
2022
14067
8575
12937
2991
9918
16116
4761
1213
6133
16431
6912
13848
1519
8522
8975
9602
15480
8062
15556
4985
17714
9285
6877
9801
11795
4897
9123
8481
17717
8919
16938
15047
17883
6895
11784
5304
10720
7009
9654
16020
5188
1333
16532
8323
1070
10070
17786
11665
6470
12298
13982
11782
9753
8205
7425
16560
12107
3379
16862
16255
1840
2548
10681
7019
9940
2457
6818
3526
7036
1655
13352
323
5987
13385
13325
12687
6561
1945
1906
7366
15192
152
3565
12217
14007
173
10292
7140
14426
13903
8717
15336
10478
17492
12600
10539
9645
7807
12092
15284
17494
5924
2021
13753
7609
10191
2635
11923
8116
9279
4348
32
13397
6116
16333
9226
15177
11975
16596
11528
7389
11667
11128
10548
10023
13665
9577
16757
9201
12903
14856
5683
1189
7527
12495
4213
14050
17799
14157
8533
4201
16213
1475
11292
6356
12881
15818
855
14757
6617
8317
10020
11819
6065
12506
13737
15499
6648
1708
13582
2755
15543
14531
11462
10780
16122
1662
17303
11824
13868
14967
306
7913
3422
17096
17727
402
2905
13299
1170
1578
6041
17116
400
10951
5382
17164
2519
6293
13202
7317
11001
4795
11411
547
7063
6241
1462
66
6983
13526
5676
11014
16558
3967
5509
6583
12187
4488
8142
4815
2848
5412
6142
1050
1632
8695
5902
427
10127
13995
7618
10013
285
9191
9187
7347
17578
16711
9636
4536
14799
15034
16716
6710
16760
2102
3055
2756
15490
5933
7860
14110
11507
1720
7865
15116
1765
6303
13285
862
10987
17066
17599
17625
316
3390
979
2427
203
425
804
3123
16149
6422
13602
10618
16687
7056
12333
8163
10158
794
1410
3843
4996
16195
11552
1107
10601
9270
7255
11901
10746
16817
5657
17702
10145
14791
11357
17390
10607
10513
14003
5021
14328
9696
9755
13308
16248
14267
13513
10278
12949
15421
12751
11011
8037
5307
10364
11424
14397
16309
15094
5568
15525
215
3845
742
16229
13758
3863
7078
9919
12886
2508
17559
15410
9639
4722
15348
1345
15509
4067
2013
16642
6131
7423
10911
3872
5332
9056
17479
6266
160
13575
7599
6608
17837
3916
15643
4023
7465
17795
9479
12919
3266
17174
12888
938
209
1951
1378
13751
607
12453
8569
4126
3505
14584
17892
8147
5285
9169
11546
4298
163
11616
12734
11451
4607
7344
5918
9649
10825
4950
15672
14877
6277
16594
11607
14650
10663
16924
4992
10438
17849
17438
8826
2710
6695
3959
2677
14768
2588
7221
11854
7968
5961
16364
2451
16963
6567
11312
15465
10675
8655
16674
4367
3738
8243
216
12344
9713
8258
8627
7410
16150
17034
2972
11761
7705
11358
5494
11331
12191
6536
4823
12416
5090
5516
899
638
3326
16649
8788
13930
2733
4994
4211
3470
10203
17566
9063
16588
5914
14750
2663
3297
3323
11442
15597
10751
9093
6048
4557
4481
17019
10285
832
3030
17531
7320
7309
14911
8837
16348
6715
6137
2557
78
13826
17635
112
8230
14310
4936
4505
7253
291
17602
9680
6436
1898
16753
7213
13428
1603
15579
14237
12146
10361
17271
535
12661
2483
3032
11481
16080
17561
8741
7739
7485
17507
14356
8726
696
13259
15390
1023
575
15405
7027
15788
3780
9410
14447
8856
13313
14769
3311
48
8113
5667
6068
12535
4150
6844
11314
8228
2829
635
14561
15320
10741
5440
4285
10010
5878
2327
17326
14574
8595
9862
16875
5156
9255
12897
2174
4186
17650
5787
777
14933
16281
2794
1244
1889
10772
13116
1722
1300
4228
13755
17748
15914
6719
17682
14938
3089
7226
15373
15656
11484
16533
12451
9733
874
10776
9775
7349
6860
6243
687
17347
9170
3217
7711
15146
3450
14255
5775
17134
9711
14843
10137
13474
7740
1434
12160
6021
40
5957
1626
3604
16966
14374
9188
15993
15683
13630
8899
5012
2851
11898
4470
14132
9103
14748
6906
10925
16637
6398
11893
4164
17787
13195
3824
2501
14116
7621
15565
14260
8419
334
793
3914
8086
2189
4293
13843
17184
10807
16464
17647
2525
6228
7868
7407
16216
10851
660
2268
15493
3485
12080
14388
7861
11953
2758
16327
6240
1406
11917
550
2145
16317
4685
2543
7657
4444
12585
6375
16071
14184
983
17157
3540
14746
14717
6846
15920
12454
15608
14844
10671
12347
17863
221
1547
11138
17352
13738
9977
3904
16573
2520
10764
11931
7121
9947
12094
2834
5404
14790
13677
9014
1989
16974
9143
14351
10895
4460
8009
16045
16118
7701
9497
10226
8752
1432
15895
15293
3553
1564
4221
419
3001
1249
8319
13620
6678
12070
16618
3206
8505
1715
16340
17366
17244
16762
15902
16339
17651
8712
7098
835
2143
11733
6033
11778
1622
12705
10427
12241
5142
7124
12111
2906
4184
3528
4741
14052
12377
1583
6199
12342
4561
15224
5478
14281
12624
8436
13122
6780
6104
13733
4197
5834
11535
6868
10264
11585
14543
12381
14049
5441
9016
9808
6698
13137
11694
3176
7072
17264
629
12108
10088
9407
1806
5259
10754
16750
14653
16651
7372
12370
14474
263
8429
15554
7596
3395
8753
17472
26
1007
11086
510
1468
6629
7362
12689
8869
7771
941
4682
8689
4585
10075
11713
5465
2965
9638
1350
3304
9066
4633
14548
1794
15414
1405
8446
6430
11571
11745
16462
9509
10089
12049
11464
7393
3527
17685
12247
3303
1838
1384
16102
10957
189
10163
1570
16262
6
1398
14068
13679
15174
9816
10571
1873
15213
1019
565
4729
17214
963
3519
1768
7490
1735
3862
2921
15026
15668
6528
16886
8261
6667
4596
6335
11834
4908
14169
8281
849
845
11308
12639
11140
7303
9892
16107
16083
10672
14751
17377
15623
10445
16414
4778
1604
2086
5953
4846
7960
10690
9545
7904
1900
12697
8733
5234
1052
8397
8991
12383
17712
16503
3241
2512
7585
16440
10085
4390
17519
1613
7671
3282
13061
16736
10430
14515
7067
16851
15963
1851
10853
9101
7696
1646
13882
1430
1154
12013
14366
6413
7268
3359
12770
583
12509
7563
5179
7980
1969
15619
13802
13379
12824
8438
3299
14677
8150
10803
14440
11833
14443
6397
16426
12928
3711
1620
589
789
15826
14860
2233
3797
14036
16153
12010
14681
15139
9179
3434
12959
15005
418
7799
3349
634
17728
5244
12205
7559
8973
11722
11237
13247
14425
6894
8000
6411
8922
7394
7718
2640
5999
13314
15641
8345
7682
13793
191
9264
8615
2668
6310
1121
7397
10960
10645
9394
7304
5248
12644
8735
5049
11081
93
7231
3896
17445
12630
7477
12364
13929
1212
15949
15425
8381
14417
10161
7885
2107
4535
3946
9676
6450
10727
16555
13752
4456
1759
14326
1645
2092
763
3743
11391
15170
2431
6925
12
2085
14835
6044
3113
14439
10134
3351
11105
2027
451
2277
12728
6705
10603
1155
8793
16777
9174
6173
16878
4609
14290
7139
15292
16491
4732
1571
10713
17733
12570
930
1011
12007
7540
39
12898
4900
4501
16700
15793
3599
16427
17754
669
5659
8996
14857
17771
3401
10888
8836
13154
1215
3210
2072
1870
1214
4222
12876
798
179
3654
3228
6319
14002
7416
12813
15634
15824
7768
1779
13651
63
8833
8338
8392
15938
14980
13148
4641
6449
12631
1001
5904
3058
2462
7175
1276
9523
3247
6807
6549
11097
4981
13697
6883
5781
5324
1183
2349
2960
5418
12475
1585
9578
6622
15515
2574
12397
15485
5181
6843
16670
11765
4594
608
2237
13990
449
1702
3768
14812
16923
4041
3169
10995
14959
16305
10442
7607
7277
1915
11759
3242
9368
6153
11490
6664
7387
10014
6305
7998
9208
5386
5860
1196
8679
5762
4366
7339
1034
2129
16937
3235
16787
11850
988
15706
14928
8418
14064
10623
15189
354
769
14258
741
13622
5931
7886
7840
16014
5813
5426
12336
7127
14947
14354
17497
387
12471
10765
13591
4145
8893
9821
7759
11863
17031
2528
10865
7895
3791
14721
14683
11501
12842
15202
14673
3234
15407
3888
4446
7790
13641
8948
9350
11840
13645
13520
11549
8878
15996
1505
3563
4532
3825
15808
2396
15308
4093
9079
14742
10248
13463
16314
8079
6890
891
12891
6011
12527
8620
10150
14011
6759
3308
3909
12620
3166
10946
3191
706
10927
3412
12472
15724
14651
14997
10436
14122
14487
1414
12050
17876
6016
1731
8401
3435
10705
1057
2424
14504
9067
7646
9896
1411
424
3569
4393
14467
5917
3922
3371
7847
10212
6443
8439
15057
8828
7645
15562
13080
13850
15507
7770
359
6762
3255
303
2849
4521
16758
8238
9464
6201
5205
4408
3472
6564
12744
822
5881
5505
8194
8087
9767
4937
11880
10854
587
17202
3046
11783
3099
7343
15379
5844
2437
11400
5847
12457
11738
14433
421
17069
10435
15431
5010
12477
11083
4577
4381
3384
9567
14966
3128
4121
8974
15188
3087
15471
1163
8232
9909
2558
1002
15173
5054
7678
16964
11962
4407
17885
2593
9181
16099
13861
6792
2498
15797
7348
1756
6264
15640
11151
913
8577
17324
7532
143
15495
14756
16863
9470
9757
5740
10321
5144
12774
5057
8106
16849
13609
10109
4747
8578
4414
2541
14393
1537
16063
2478
8372
15287
3647
12836
15879
5034
13762
12511
6239
2505
16580
14392
6828
13888
1877
7399
1055
783
15504
15795
7777
192
655
5462
9304
11421
12566
10227
10605
15166
11551
7064
8333
92
15428
8818
2404
1819
11634
8129
2706
6452
11848
854
6109
14694
6615
11940
3277
14916
10493
2360
10523
13588
7717
5723
5687
12565
15679
2422
11688
7615
5172
652
1234
3054
4660
13052
14009
487
16429
4156
14664
1356
2861
6453
1448
11698
12371
6598
886
16380
817
1012
3883
8883
13980
1143
14990
2241
14570
13246
10348
8499
4770
545
1465
2584
17756
6554
11949
4696
1353
16576
10542
2004
10627
16201
10068
5941
8216
7929
17886
5684
7202
16003
16492
3765
15269
15053
9915
10698
1552
3424
12572
10327
513
9148
12837
5341
14718
12769
11671
2045
3181
13698
9658
5312
13803
17415
7834
1454
12761
2425
4358
16810
6094
12915
14172
37
15805
15532
3224
5173
14726
12574
2402
11655
5430
2578
3547
9130
691
16482
16794
2196
5826
5126
14850
6410
9995
10574
6329
13180
8382
10899
12140
14119
2234
17467
16772
13831
8854
2158
11074
7882
15593
5347
8864
12773
13302
5046
11919
7087
15211
8035
5290
16165
5828
7628
12096
1219
11942
14627
7492
10262
8137
12387
15778
9625
11592
1764
13866
916
5991
12474
672
17246
5523
4859
7839
4232
7120
13769
7601
5649
14618
9476
6354
4727
3821
12520
15077
4144
6171
6808
6806
9887
15291
14612
11914
7557
12382
9540
14097
690
11122
17248
4834
6108
5894
10467
14137
9291
2141
3296
41
14146
1820
2987
14111
7328
7687
8288
95
8554
3684
6055
17230
3165
11769
2816
2730
7000
17243
11470
11046
17172
10872
13501
12308
15354
7185
14996
10154
806
8057
6779
4670
16926
4286
14744
4706
6870
16500
16485
12855
6552
6613
16226
140
3098
6642
14251
133
10838
11625
2420
2920
14899
11993
9983
9732
12150
4187
9027
14128
11257
11426
8369
10647
14303
3763
6428
10613
5041
89
15676
10583
1627
8517
14466
7146
10582
15841
8822
15244
10288
3786
16271
10849
2211
16456
904
2516
410
10834
6789
3557
8456
6227
17493
227
7640
13875
546
10411
9501
1529
9691
5763
4320
17058
10850
16975
896
1501
2274
16238
7649
8199
2363
5852
8074
10610
14472
9557
2335
12531
3560
4776
13301
5310
12665
10449
12069
2292
1664
13607
9592
7327
16490
12345
8208
17095
14034
7291
14380
15765
7005
15799
279
13917
8945
17424
499
7947
15259
15372
2787
4788
4402
731
13157
4790
8805
4409
2164
10785
11712
6285
2250
7350
15969
4471
4533
16841
9007
6327
11774
9549
1184
1
17168
17335
9617
2067
2481
10674
7554
749
17245
17742
2147
1580
5168
6006
16086
16707
15530
2694
5468
16222
8406
917
3446
8903
317
13078
16755
7611
1904
9111
5134
959
13289
13103
16218
12796
8824
16366
14301
2403
4190
5508
5118
2959
1473
3912
1744
9512
8843
7869
17879
3449
13543
2527
17048
9957
17810
9642
11486
12986
10029
8365
14786
2649
15610
3510
469
17057
1668
10700
16738
6202
91
931
16058
14777
9064
2973
17881
1922
13790
17687
9584
6965
16112
14930
7981
837
13209
5889
4775
9945
12581
14976
11375
1074
15385
16056
3943
1903
431
6977
3491
13424
2712
7515
9398
17663
12551
82
11768
11934
8960
6490
11261
8693
1370
14217
7955
2055
6560
609
13707
2874
12971
10905
9595
12977
7710
166
17226
10169
11389
17167
8709
17713
5368
5730
2441
3155
3477
918
975
8866
10799
14098
13255
4599
8203
16418
17419
16168
2745
10233
2984
834
6701
633
14059
14113
6178
2300
6214
8299
10124
9358
8799
10666
4193
16650
5423
13026
5139
11492
910
11172
10549
7421
9053
10503
340
6217
14020
7408
17392
15359
11377
14523
16245
3100
5865
13973
15798
10630
14071
9997
12186
9925
7694
14502
7117
8759
3269
10036
6064
5877
3111
4434
2325
1681
11191
13724
7456
2725
12739
4330
8527
12009
8576
9203
2633
17676
4319
17626
701
5719
11517
16282
12879
195
4014
14074
6478
10914
6946
14473
883
14991
2576
11017
531
4809
482
2140
9528
7996
13430
15735
16240
1907
657
2359
15113
3186
16009
6030
15771
14873
8075
12512
8231
5983
9579
7838
6892
2893
4194
11479
13544
4626
12281
3679
10982
12990
6050
2261
3962
17403
9261
13768
14298
5984
17475
5313
2223
5346
2967
2367
14073
7014
15413
7681
10617
11709
3741
15093
6922
15869
13277
5375
654
1008
15972
7550
14319
17078
8046
3408
7977
2857
559
5855
12817
16754
11378
3536
6396
16955
3656
10115
4771
8955
13054
2631
13579
16054
12666
8529
12088
12369
10827
7082
17176
4667
15749
8806
4036
14685
932
237
4087
10810
439
4873
15572
8564
715
8368
11938
3484
15977
17850
8021
2144
15218
9444
10220
8135
15420
14836
13546
12539
9379
8144
15917
3973
9865
17534
3081
9076
6974
17183
13879
7331
17056
6488
15856
9496
13815
15932
1026
2968
11318
12262
11410
501
6191
3972
11609
17513
922
16369
616
9610
2575
13331
9062
7059
17412
6928
14879
10353
4845
16138
4569
3693
7147
13097
4016
11028
7545
3276
3803
516
8648
12431
9262
10881
2684
1220
7775
7519
2595
12063
4149
15368
9804
14250
14347
1598
7045
12659
13847
7958
3127
912
1581
1407
11906
16969
9534
7707
9874
2038
5210
9967
8774
159
11348
15813
6761
14008
1952
7459
1286
641
7939
3334
13900
12884
1817
17854
355
6288
17716
7168
9855
3420
10806
145
4718
11334
12683
12707
9481
3173
13829
11828
14981
8686
4588
9788
1641
13143
4825
2618
12934
8654
14178
486
13816
5880
17108
9341
8059
8269
15278
4969
7948
7837
17550
10648
1932
1374
14853
2100
8610
16079
13750
11890
1998
1696
12677
2177
5039
4627
16551
9271
9272
4509
2467
13970
1834
15520
4100
17083
3850
8297
15304
6352
9988
5371
16046
14670
2757
12975
15531
7987
15321
7796
468
17614
4301
15976
14435
116
9424
12126
774
6581
2657
14478
11719
12696
7582
17459
2276
16312
5233
560
175
1233
17330
14841
13626
10848
2449
14513
923
12148
11329
1496
3205
11681
16052
2393
9006
16445
15514
9744
398
10105
9697
13950
2132
7341
12546
11979
13110
9366
9844
13062
16726
11088
5959
1054
8233
13845
5208
1872
14054
4479
9244
6216
2661
16185
12392
16539
4244
16546
15581
7915
4208
12892
3639
4743
1031
13964
7428
6498
11018
12671
3844
11365
16051
6998
5032
4725
12970
11721
1670
2112
5154
13208
7134
295
6306
2902
14293
13637
16442
4051
2047
14914
10790
8510
12359
729
11872
9137
14601
8750
12263
16864
3820
2654
13721
15003
7380
12297
6758
16454
16951
15907
12829
1628
15288
6168
3974
231
10007
9781
6230
1254
4022
14629
12260
6292
13041
17309
16824
12726
15327
13223
13367
17520
7589
345
3619
11992
6097
15290
10986
11618
2809
3770
10373
4552
5349
2717
3073
2761
699
16506
3092
7986
16018
6926
3416
12099
5496
10525
7944
16167
5
1292
14581
4002
5818
10955
5131
17221
4648
11215
13461
9320
8521
15567
4018
12172
6059
8563
3895
9119
15620
3074
9618
8301
3686
15107
15741
1274
17312
11692
12844
4954
8682
11444
8796
9741
6735
1512
15133
6919
13002
3257
6316
16048
16828
16847
10333
467
9591
14456
17238
8838
1106
970
15481
3041
5593
5293
10326
1270
7738
12673
5898
9344
12362
3541
13633
10679
6312
14359
3538
12973
12827
7473
4331
1165
16417
12409
7893
15838
4870
17570
12176
4465
4369
2696
7962
13135
13531
13775
7110
14815
15948
6793
1346
10031
16845
2903
10737
4735
6587
6591
7159
962
14908
17640
10
16453
158
6668
10492
1226
15757
1650
15223
16873
16284
4310
5857
1092
7779
5879
230
11181
1693
11777
3644
7634
9483
11441
15915
10711
7023
11180
6573
7513
1125
2550
9861
9531
16375
13215
12603
12617
791
10541
10954
4242
10915
15396
11586
10517
2294
6129
9824
1148
14555
15488
7577
2084
2219
9670
8721
16542
11036
2537
14893
12193
15847
7509
3675
14363
5094
14675
16630
3264
1771
13601
3350
5951
10156
16543
4163
5548
9926
3822
5143
5470
7684
5766
1743
13413
7568
7954
6712
5900
12557
4269
17616
16635
8645
6132
6086
6566
11773
10736
13264
15472
10405
2212
4957
9826
17760
15175
16781
13975
11363
178
15719
6122
14898
141
11860
1409
16577
9530
8192
9870
76
17383
17556
17697
79
8885
6637
9457
15616
738
8239
1561
15111
11807
17741
15500
4215
11853
12590
3358
8810
6690
6260
5575
6325
15249
3756
13557
8892
7149
2381
12974
10597
14218
7920
3742
17865
7415
13130
10320
11789
5469
13394
12830
6896
2656
3630
2846
17098
11536
16994
4984
6390
2898
5647
9330
865
6479
10102
15697
9374
17208
1544
868
13873
6620
810
8593
6367
10254
9005
13578
8566
14342
12999
10859
9218
5670
14755
17845
1653
15350
8151
5187
14952
2210
7209
12880
301
7923
3631
15557
9000
16639
7822
17838
9507
9624
7245
9131
7639
461
12926
17090
6451
1750
13260
16459
17529
11092
8687
4493
17310
10080
2628
15662
7973
14219
803
1727
8746
3523
1199
2741
9391
13730
16698
3356
8469
4308
15627
9885
9758
14295
11815
14414
3636
15729
1232
10195
751
5742
7951
11039
17038
17537
8760
15739
4943
12395
9175
8876
15941
7385
9011
7825
7270
11309
17175
14866
15028
11512
11350
10208
15025
7081
2604
11262
2647
11905
8373
8389
17577
10453
16336
9329
255
5250
4801
8542
10446
14357
10901
4822
1140
8485
9360
11425
1654
7879
7024
15340
2291
407
3628
14616
8039
15095
13104
4133
1850
3429
11904
10653
2252
5236
12815
4317
7462
9295
12917
17061
6483
4178
2976
5988
5545
12759
9729
16860
840
11082
4614
15411
12500
884
1736
2060
2700
11460
4109
1812
12320
15007
12279
2414
4294
17548
341
14353
14167
5318
10759
4652
329
10416
136
15751
1493
7217
12121
3790
16645
15975
3868
2925
3207
1329
8411
7528
4216
3006
3760
15210
5334
15464
16901
4683
14066
826
1235
9349
3933
3612
8176
11726
12264
8025
10286
3881
2611
6062
16877
8220
8099
15811
4136
8250
17123
5561
6204
10383
16346
11699
17087
14544
2007
1164
14539
16715
10172
17297
16076
12747
10863
3674
16800
4497
14341
4049
17435
5261
17829
6660
17622
5604
8443
5128
6188
9766
3499
4525
5274
10122
8329
5194
9404
3578
1494
16295
3252
2358
16505
1188
6934
10460
5499
2879
9608
8632
17551
4673
9917
10402
16121
6929
14147
5841
15326
17723
7194
12889
17005
11577
10034
11553
17755
2288
125
7070
17357
5127
17813
10993
164
15892
13580
3314
11019
13003
14884
288
8980
10959
3993
12491
11166
3513
6415
2217
9954
9091
7325
10431
4702
10273
5502
17675
2792
7664
1619
8860
876
433
12507
15545
5158
3842
2032
5628
3720
15912
6640
17540
13393
6577
8056
1710
1265
3572
15745
13349
3978
2101
13034
12270
6659
8705
6933
5214
7010
6734
11178
15615
17585
15910
14973
12902
12334
9679
4789
16035
2041
7538
11193
13885
709
17232
9025
15266
11603
8807
13412
11283
12424
8284
7169
551
14840
2283
4099
17052
13777
15708
7007
12619
7501
1617
2770
10302
4669
2029
5895
12987
1968
10600
5071
5292
8267
14802
526
372
5149
15165
16783
16823
2122
17220
7406
14044
11809
14731
15923
6911
2513
11317
4890
9609
877
13306
1134
13346
13617
869
14266
1336
5024
540
15673
6255
12452
6662
9044
17890
1772
8215
1204
9827
5581
12189
15523
5268
5832
16039
9425
13360
17425
12112
15550
5784
13891
11171
1705
7193
17770
12544
7873
1285
5620
3309
13648
14828
2775
10654
452
12575
12032
12588
6730
4168
5227
11606
14773
17443
3934
17558
890
17736
6229
3307
15310
814
6729
11013
9923
12190
2804
9598
9450
1994
12403
11787
10298
15580
8271
4489
8947
6937
14814
16920
8362
14196
6527
16307
11109
13674
12983
813
1326
6628
5384
9802
14668
13420
17170
13823
2743
4176
14090
5098
12599
12981
12569
11611
11803
11047
17569
9322
4239
2073
14186
5859
6643
11179
3818
6242
12250
16553
14055
14446
10099
5170
2059
5678
796
10108
5490
13356
8451
17188
1669
11680
13766
12235
5702
15436
10112
8060
16177
11061
7798
9370
16889
8979
14939
9792
3068
6944
1499
2051
15239
15831
9970
3759
186
8967
3392
14140
1861
3810
10354
7970
5036
11762
8110
14411
16015
3849
298
224
17888
3963
3534
11405
7196
14957
2777
11540
3213
5585
16967
15038
4282
6907
274
16690
10168
6691
15728
850
6563
5731
14546
9994
15519
6027
10287
16252
16879
13058
11337
2807
16409
15733
75
9090
8684
3682
10279
770
3153
2356
13432
3577
9165
14556
5033
4515
4003
1354
14402
7242
3652
9754
16356
10235
16659
11676
8061
13797
4066
11802
10886
383
4838
13336
8904
4075
12020
12955
207
12178
605
15731
11265
15419
9017
16748
991
2852
15626
16274
7892
1958
1230
506
4666
13001
4554
14481
5526
15215
16452
16215
12064
6209
9689
8494
5805
8995
16583
10280
14891
17089
3018
10689
6180
2347
245
10211
15524
17346
8068
3634
17478
9657
9719
12843
10608
7985
6095
9546
10455
7378
10209
1514
6702
736
6393
9146
14462
17001
9583
4486
4703
7212
13146
16983
5105
11659
13573
8217
15076
11689
10054
12832
12709
4250
10437
8214
6338
16100
759
16133
15361
2093
2773
12251
2044
3812
12584
13380
6626
505
17604
7910
5965
4117
7340
8173
5515
13083
16411
2290
13676
278
17333
11446
399
16778
14662
666
7927
8076
7285
9629
365
6355
5498
7525
13608
15817
3616
11296
8731
3172
352
16376
16316
13745
5757
15865
7083
16404
6914
14951
6872
6954
1761
10938
5473
8361
15828
1854
2006
8772
13732
3938
8713
12465
16704
7890
11614
12030
16809
9083
13502
7282
7433
7235
4352
9355
13989
35
16131
7848
14231
14867
5402
10931
3562
12286
7077
730
14508
16563
2195
13817
4869
2307
5342
1006
6524
2806
7964
11994
14065
5890
6193
199
15366
1807
5446
11437
518
13709
6184
11947
11226
114
8611
15766
2764
3976
6579
16657
12221
11533
11579
16956
17166
1575
6192
12968
4013
3125
6832
16341
1241
603
4138
9434
12305
2066
10861
10709
6953
16486
5715
3464
10944
16290
4802
4204
11548
9049
14317
841
13772
11734
16435
3124
4384
8132
14282
7229
2322
12268
16759
10359
15753
5858
13794
5704
8606
2111
10414
14259
17136
16446
7100
6593
15312
2137
11209
780
13813
12343
10118
6212
15995
12835
11669
1914
15538
6852
14740
17044
5850
16379
4765
16927
9467
7581
13425
15203
10738
10836
5246
13434
5664
9832
8391
16808
3218
3167
3471
4007
14405
3955
2949
11619
16509
4043
7261
3870
3992
3735
2416
4818
4247
2863
1245
14950
7814
6740
8786
14197
11862
15632
951
8161
3091
11791
17485
2982
10155
13668
2179
2697
6307
12138
4978
16507
2658
13265
10350
2946
162
2149
358
1147
15674
15273
8304
4766
4058
15709
16861
14156
14086
3714
8848
10037
6151
1566
13027
11966
0
13858
1083
10187
10253
16158
13779
10502
6265
12593
1780
13309
8990
7040
16387
8706
4832
9771
4368
11744
3140
14395
11282
9944
13615
9894
8585
8941
5600
9942
2118
13902
7573
7216
10180
10614
1717
8703
8756
6249
16002
13065
13221
11042
2472
14910
16835
16067
12907
8672
14078
10996
7562
8403
6009
8586
15957
15315
4584
15427
8549
5045
2088
15973
12749
2625
16293
10096
8537
8915
17495
10015
11206
10079
6766
13968
7418
13167
16325
6788
10902
11037
15161
3212
14719
6963
10985
6090
17378
17628
14804
16120
1679
4947
2031
6531
11252
4863
1960
15721
15009
10000
11504
17296
17129
12864
10291
17839
2484
15790
2932
2036
13075
16128
8625
7444
11682
10978
12478
8663
3495
5527
1630
17292
313
1210
5854
9108
9751
10509
1445
11458
2616
3454
2952
13462
10215
10786
3444
5686
4353
534
16714
9033
1113
15397
8019
13
17400
7727
1532
11710
6508
14743
271
1534
10526
3776
7312
392
3020
10282
5607
142
10904
9327
1848
9220
13919
4500
9081
17542
13242
14695
12935
13946
3146
5405
13373
6578
12790
14458
473
6269
15371
7566
14648
2012
8719
7432
12077
17408
10018
15893
8680
14829
1999
4885
11478
5820
1792
2257
1607
16652
12688
11583
5186
15812
13212
17109
6517
8902
2752
3736
9263
4382
11814
6677
10842
3480
13613
5125
5589
13918
10572
12626
8986
14268
5391
3926
5610
11732
12301
14126
640
12100
9558
15272
2845
6128
1133
10533
10768
1591
1389
8588
827
6986
11406
2253
9114
12461
3397
740
4721
1644
3623
11176
7542
14153
16804
4904
4230
17433
10345
11065
10259
3875
13300
2148
9499
15251
3965
14075
8591
8613
11116
4440
11351
16279
8914
13076
5113
3026
17815
5543
10976
2142
8954
8434
14547
924
9667
9927
11506
2104
15959
11347
1100
772
17055
13145
11578
1949
16891
14660
10065
14475
4631
6161
16593
2780
11221
11054
16611
693
14870
6985
10425
8357
7188
2324
5396
8558
12738
4658
7878
12380
16796
15110
7741
10341
2287
12533
6374
14537
17469
9018
11554
16458
4691
4546
11026
7590
7774
9833
3057
348
15527
13521
5524
8
1077
5645
10962
670
9392
14823
12455
7298
13355
8628
8982
6980
7376
4185
15761
7090
6959
11455
4453
14796
17457
5201
17897
16668
14314
9427
17155
14689
3194
7823
12541
8312
13398
4826
1043
7163
17187
16604
15450
10937
8596
1334
17113
13614
719
11474
14085
1563
10412
6904
1853
1063
6588
11398
4240
14944
17471
9015
11641
218
5799
14578
2282
8570
16868
7734
6501
6584
7136
14331
3918
14728
16433
1836
10745
6148
11915
11817
5401
15341
12458
17668
2522
9161
2442
15275
3457
3455
4466
9660
13415
16984
4379
12998
13011
1946
3587
5117
7204
16980
10643
16693
12877
16140
1217
6444
17841
6494
462
2167
3518
5195
13017
8014
4167
1809
8520
4386
14787
16399
6535
9037
17043
8466
17142
7668
3722
5726
9987
9996
8255
2827
16119
15155
961
5393
5888
1272
16549
13832
4359
17006
5231
7330
6590
9979
14514
378
15889
14381
11459
9701
16187
7526
12863
15008
12540
6797
9047
10598
8363
1122
8643
13081
14070
745
10896
5899
11431
17801
2671
1883
13581
14077
1586
5705
1027
11071
1136
5997
1484
667
17040
1828
1649
7756
8800
4867
10063
17836
1115
5801
5327
13382
8465
6638
10236
15225
5550
17080
3692
8496
11921
16501
15982
10935
11978
8500
1789
5651
7037
12144
13955
15097
1355
2127
2892
11683
6318
3574
7450
5209
10805
2063
17215
9455
2954
4781
12490
9641
1358
4378
14182
3286
571
2969
8402
1037
10641
1159
6031
5200
15651
15181
8343
4445
4576
4824
14587
2353
3879
16232
5432
10752
7368
14730
16342
9192
2186
6866
12192
9168
9972
12555
12209
12532
11973
6842
10052
12633
16373
5141
14917
11196
3520
17111
4977
16936
7644
4613
3161
13168
5864
15206
17274
15197
6118
2510
13627
563
1971
7978
14355
17233
17798
17595
1796
10668
2909
2364
492
1879
11562
8412
8616
16710
17729
11670
1437
2822
3120
10454
5175
16931
2977
557
9487
967
2417
16353
3182
2005
926
1250
15529
2683
6363
14134
12232
13297
6585
10588
9736
5486
6969
8694
3378
14691
4107
6834
12487
17893
16068
11518
10524
3014
11804
7352
3233
9738
11793
11270
11186
15800
9648
13596
15939
3666
11063
6208
12265
7749
14711
10680
17449
12031
5618
14032
15342
17227
13895
17780
14313
9486
6532
5725
1862
6943
1319
9829
14088
14575
11381
1895
14647
14566
15870
10439
10637
13172
5264
12496
16022
13087
14336
4938
1572
4045
16805
1986
9036
1659
12227
188
4334
12444
2821
5754
3941
6426
11675
15306
3890
132
13953
3836
8633
12258
9024
12156
3561
6225
4858
17079
12765
12730
4555
17802
13643
12337
5395
5269
1297
17141
17777
13710
12515
9439
8534
11272
5666
1015
5369
1791
3010
7995
17053
8987
4711
14912
11849
5122
13057
7940
17374
16919
8136
6817
14824
15629
12595
7672
7722
4887
4676
8781
6391
7468
17411
9982
13423
17407
14820
7614
12402
7222
9375
5759
6372
5204
10796
12167
9721
10300
4582
6047
2053
11158
15549
12674
17864
16028
8341
11364
14780
10742
1500
5537
14294
14288
17077
15422
14254
6861
2184
16586
16044
13798
3419
17481
9948
574
3158
7244
1996
3814
9652
4388
2374
15257
13066
4283
6088
12074
7598
13436
17592
15553
11961
1488
12435
6538
7381
4235
5605
3598
5919
9312
13368
17409
16389
14394
13395
9684
10396
16430
1171
1846
4849
4787
17354
13153
3061
2577
15953
2884
8702
15099
5746
8880
12670
8635
12034
13913
15069
202
17431
11245
333
15078
8795
5672
8671
2001
10394
5138
5466
3460
7022
9300
5017
9412
5237
16717
8509
3248
1243
8420
13825
14297
9241
4893
4892
15744
2763
4063
10379
7184
3288
1740
6505
5107
4057
1483
618
16394
5598
13555
8252
11005
909
6600
4032
2531
6365
11064
12071
9431
5546
8330
2445
17671
4989
7889
6835
12780
16945
11376
4162
17285
3258
8819
2409
8673
10520
10409
1404
6568
4636
12066
5006
16727
174
13493
9415
6437
10097
5928
11480
2797
12954
13166
6004
14330
561
11674
7830
13161
8409
11143
17072
7862
17027
16143
5814
17154
17840
12430
11402
11
17009
12558
15270
6299
17808
16019
956
16041
748
610
14552
5403
13542
10162
2497
15084
11467
17101
12365
11916
14770
5297
12556
9125
8660
4202
6105
10316
2655
15029
2731
14816
4862
6746
17615
9124
9314
14337
17621
17547
6455
1108
7766
11452
13537
13694
11264
225
8134
3175
7754
4837
14285
5232
3353
6416
9728
13646
9668
8701
5103
4287
466
6089
6645
15985
1394
8511
9985
4855
16059
12634
16126
17404
15248
6966
13898
3327
15570
6049
5804
7164
5956
11660
11263
1322
12242
11547
222
10055
14887
8452
10691
6816
6915
13327
8077
2916
11832
6278
4329
9077
9281
16096
9573
3653
13818
11068
4375
12721
14335
14924
15940
6968
11091
14511
2408
13616
16524
15295
5925
11319
7191
13129
13961
8300
5080
2526
10787
6815
4234
15140
802
16367
1639
13389
6995
15301
11559
14369
14852
9144
843
16278
11684
8318
2938
11131
6341
6439
5146
9895
16606
12745
17884
12618
10330
10072
13162
514
9929
2406
5189
6854
14676
3154
14056
1441
17526
17003
11845
11078
15347
9514
17790
17267
7811
5295
1754
7765
5597
9212
7619
3067
6827
9548
11747
2428
12018
3338
3979
17896
6237
2729
2805
126
13025
12580
6540
5689
9100
15023
11152
4350
6507
12814
2455
2748
5427
7160
4424
11502
4590
17144
17444
823
14993
9019
11932
2035
15108
914
16358
4468
14142
10809
12310
10301
1344
9126
286
12036
17152
11362
615
17703
2316
7367
17138
11156
4083
9387
8386
2243
16127
4336
1554
11515
1277
5674
13203
6262
6412
6545
14624
4495
14286
15506
8431
7085
16371
2351
6020
13949
6553
2486
11477
10406
12794
36
16834
7552
16702
8802
14123
5871
14264
12256
1239
12484
11145
9447
6921
2509
351
11503
15180
11823
14492
268
15661
16989
10970
12238
4034
4850
14849
17877
7743
7967
2248
9428
16602
4686
9276
2568
10638
17177
13218
13376
3532
246
10939
7648
9200
16175
2514
7457
15503
6924
10591
13693
5003
11499
8028
1290
13465
750
13619
2024
954
371
17543
12426
13402
10369
9914
5166
2955
3809
13088
9040
14229
5824
9541
6337
4709
6379
12037
10611
10518
17353
3225
14139
12499
1301
14105
5636
15758
1822
6308
7257
16449
16006
15068
4580
13307
6270
10530
7011
99
10299
14434
17822
12038
10860
12155
7592
5700
16493
2239
3117
10556
11574
10483
14000
6822
5104
6146
4723
14590
16795
4798
13940
6504
8259
14512
13507
1521
10199
2362
15006
8408
5140
3369
8747
5530
10239
6347
9614
2304
9597
11104
4371
11646
5756
16368
15383
404
13304
11593
16065
13675
2999
14704
15483
2204
13742
3373
17073
9661
4773
11764
7507
5299
1033
12559
17447
13191
17428
17121
15241
10839
11569
16833
10338
14102
11323
4980
17012
7691
16514
2301
1577
15807
17414
4583
9699
13347
3689
176
2615
987
5331
1579
14463
8359
9647
15482
6434
16060
4046
1871
3285
13649
154
14948
6332
11541
6218
8277
3093
14496
5612
2572
1167
10381
13773
6722
12503
14289
11373
8089
4757
4523
2120
4159
5151
1638
2782
14519
17453
1974
16619
2192
6809
3487
14503
10434
11876
11392
15380
8961
6213
13250
325
12873
11970
3149
17253
9866
12854
7093
5521
9596
2926
12681
14263
4581
11497
15858
16766
2401
3291
8775
15559
2398
1185
17830
4805
15280
4399
15717
12525
4305
15468
9369
15512
5734
8098
5761
16306
8882
2354
3415
16957
2009
9712
1013
15714
13870
3250
15755
14198
1195
17201
15843
6220
3456
4794
8380
11780
3404
15772
12373
3340
9646
1119
9538
15606
1683
9074
6110
7230
4181
17653
7821
8545
10545
1738
3744
3951
8051
10252
7440
7391
13197
6938
8891
16298
4958
2488
1757
8322
15064
5351
6543
10340
16519
12675
11012
17611
13925
9835
9965
6167
12798
14782
15517
9232
5816
2704
17340
4538
13086
9249
17744
15128
11596
2061
4299
5992
11647
15792
6135
10692
4852
11032
11701
10573
12579
9807
5164
12412
6610
12266
4296
16723
978
16239
11251
8379
11948
3661
13082
6400
7686
7290
13438
12564
10110
8482
14977
16260
9725
11664
5008
11628
11024
15487
13165
14987
16497
12358
3794
8738
17749
5121
1594
13636
3889
13981
14776
13712
8740
14613
16882
6386
4431
7092
5718
637
4229
5579
1198
3009
5795
9198
10009
5822
10470
6901
15017
5798
9022
13152
14886
4065
647
16194
15899
3136
11278
11731
14400
6147
15081
7028
12326
6150
2297
9823
17636
16392
12856
1909
10360
10840
17406
12269
11654
305
9389
17582
1802
3229
2199
17441
8661
10893
2493
1000
15001
11290
12982
2555
1973
1118
6569
9335
16254
1376
4707
14972
13185
16285
1014
15102
5713
9673
15494
17153
10723
1035
15720
6018
4292
12731
72
8953
15511
13149
2269
16740
15121
17139
16049
6768
5942
15309
3270
16407
12327
15541
6786
14826
9797
8502
11210
17523
2054
4836
15867
14909
12760
13234
6349
710
17528
16488
10146
16152
10628
5504
81
4492
2636
17853
13644
13920
12821
6231
3443
7119
5308
11686
14224
5282
4302
1642
16089
14830
4192
6975
7702
12008
13113
8918
14033
17584
10276
4400
2183
2833
9765
5998
9380
5544
8278
3583
4917
7356
9061
2650
6769
11981
16494
16092
8270
2678
6154
7622
3949
9759
3445
6500
1943
12965
9278
17360
6272
10782
13684
15235
4812
5562
6194
14232
196
14885
15968
7197
7289
2956
5538
13089
6960
9666
7151
5452
10244
6075
9882
16385
17261
15055
16227
14305
8100
2306
13834
6046
4674
14839
10831
17809
17665
1510
12460
5896
6902
2202
9297
8437
11989
15335
10651
16321
12445
10189
12202
9984
17706
11661
13053
6555
14895
1017
1694
17092
12750
15015
1723
4430
15041
2570
7251
14292
11855
8065
11342
2610
15404
10694
200
2175
8097
3403
11170
9258
4953
948
8425
11315
9004
13881
5982
4397
17146
361
14325
10388
12048
825
13345
60
16620
1151
14225
9363
10726
14795
11361
14609
14661
13343
11379
15921
10777
17388
16722
8190
15343
4418
1647
3613
14315
511
17250
3476
11527
13563
12523
13799
5364
11520
12006
7721
13298
14520
13808
6992
7232
3399
8292
5265
8927
13971
10267
1975
6484
11246
12405
5591
3184
7116
11034
15883
10181
3761
12378
6859
16775
17394
7460
4478
9494
4843
11199
16496
2901
16352
7531
2466
507
15983
689
1061
13987
5065
2426
10604
17133
15916
13023
4180
1592
15625
15132
8071
10228
446
10309
2379
15675
1251
9465
11500
14069
7107
14046
14104
2964
3827
6733
10399
5510
15120
1390
9153
12874
5776
17709
9028
2125
13329
8711
1892
16680
13549
7326
5626
459
3964
3530
16895
1339
6586
11837
8374
17645
16906
13539
8834
5291
14265
2986
14082
16774
11401
8794
8638
7925
13048
17677
17195
7075
16946
2271
3148
15692
14350
4692
17821
8115
13610
15563
14498
2343
11177
4279
14527
4326
5639
4260
5242
10421
9435
10417
12616
6322
1776
6887
10587
9587
13244
2117
17468
10812
8783
13361
14871
4517
7495
16818
6176
17327
15896
8218
9522
6196
5086
9877
13853
606
16265
15822
12314
8851
14658
1442
14915
6976
9623
9474
13558
14567
4777
4570
4961
7783
11946
14043
10387
6602
8145
3348
12181
8166
4668
6760
6414
7411
3556
12846
9539
3013
16671
6747
3428
9038
11218
16855
16110
7130
16300
812
14507
6368
2883
13611
16249
5549
12828
7680
10182
17278
8078
11472
6224
16484
7688
1885
16830
10577
1373
6234
5615
5661
15994
5679
8453
14709
17223
3103
4459
9405
13688
12278
9206
4763
13262
16719
4152
14212
16730
11205
9092
1216
4779
9830
3707
2095
11613
15289
3643
17583
4861
14211
3894
8872
7162
14576
12039
7716
3670
3160
4974
5993
17181
17405
3983
15274
3837
13722
1262
14506
15305
2502
14817
6385
1778
10153
10091
12646
3732
14517
9803
16400
8646
14053
17242
12845
2900
4967
1172
6708
12692
6840
12989
4262
12147
3159
16465
6290
12514
8622
2232
7404
996
15456
1538
11556
11387
10342
3568
5555
6071
16349
14482
12441
15276
760
17688
3432
16609
10563
8177
11255
3787
16117
12054
3232
366
15423
3817
5365
3929
9989
14736
13044
3105
3362
6744
260
12606
508
10546
8928
2500
3494
10336
15088
7921
1246
16813
11999
2714
3375
337
3318
9620
10450
6562
16733
2878
15951
7256
17644
2591
12244
9626
9572
2842
13519
15815
13173
3414
4300
4231
7131
5622
11108
3038
11107
12084
14936
10559
16942
13778
3907
5590
9057
3531
1237
11434
8938
3341
10258
7033
17269
7345
3690
15496
12182
5443
3626
9343
4356
6518
422
10693
12295
13699
8016
11040
3575
9779
3980
472
3337
5197
4528
9772
12436
6211
11951
12159
17758
2010
332
11888
10912
13719
2302
4643
1686
4681
14410
8160
9443
15338
7187
17100
6882
9224
12910
3302
16374
10456
14747
7497
17597
15722
14693
16200
1990
13839
6920
7851
4687
13795
1790
10270
3133
146
11728
9041
4659
10275
7819
2608
7443
8384
3331
7451
17401
15558
4108
16204
4103
7113
17588
346
3483
16343
8225
465
15438
7254
8450
9242
12489
12834
14343
16412
3000
9938
2075
17336
1101
12339
8352
1375
9184
8245
16005
3866
8579
1714
14370
14040
1139
5940
3984
15186
6056
5419
10126
13631
12035
336
9449
17887
4575
416
15409
4550
2191
10051
15891
14626
3267
9308
10804
17763
11597
11704
10277
12014
739
5728
4749
15513
14358
6997
5975
846
9436
8119
658
577
6529
6466
17300
3188
764
5764
14524
1401
2931
16793
3230
7001
7808
1467
2939
11212
8946
15351
2877
15535
10214
14779
16383
17045
3860
11435
6185
15794
8547
9897
15943
110
11443
11192
11560
712
5111
2299
13767
17512
17608
4452
8597
6353
10419
14166
6334
14493
4419
4547
11545
3861
9793
9331
9520
17265
17389
12459
15944
14201
5701
13199
12102
9686
2275
14851
4480
5712
17657
2532
17070
8901
15082
4831
10907
17803
3956
16544
13068
8553
11194
10048
1191
12811
13572
2083
776
13629
9219
9911
4926
5920
14881
8287
5621
597
1079
7171
6864
7992
1777
7817
9491
362
62
6879
6138
12324
14698
16173
17765
17190
13801
3333
4031
6107
7227
17420
3535
9235
5294
2823
10312
14495
7463
16694
12128
15946
13284
7665
270
10021
1137
3262
5922
17870
12259
7979
16451
1379
11277
13350
7482
15021
6612
9440
11130
15750
9739
4257
15928
10217
7651
704
16304
12059
8839
4275
8371
10355
5406
17658
4573
8704
10225
8543
1066
17732
2524
16495
6652
5055
9998
12213
10875
17541
3171
6634
5108
10324
10884
14585
11945
4661
8757
6157
5155
15030
5359
4337
16395
2382
10877
2760
2438
14022
15196
12771
12916
920
15848
982
4324
1605
13266
1280
5594
10242
12332
6418
9347
4161
17511
10304
14091
3134
2778
10490
8094
9361
11162
11133
12822
12220
4522
434
5947
6259
12169
12162
11491
3552
2000
2687
12423
13253
7726
10991
8785
6115
14415
11594
14598
15049
2923
14580
11800
5251
6162
4586
14389
15894
5300
14920
17587
15115
5714
8835
6686
3996
17358
6784
2688
14593
403
8040
14526
4259
8999
11466
4143
11526
11374
236
6480
12290
11002
15319
11531
9836
4214
15339
8335
16826
10505
11894
15748
9365
15144
14752
8316
6952
17720
3571
17165
5385
5577
1388
2930
204
13566
15271
1899
4637
13109
10100
6752
3040
6052
6134
611
14163
15872
17131
8008
7732
8424
5768
10887
12149
16228
10846
911
4571
241
5066
15265
17197
8152
13993
9536
9245
11403
9472
11821
14145
8007
3737
13922
7655
9120
16115
5948
16073
7949
244
4033
3777
14529
3981
1832
9860
3459
9070
2551
1477
44
13623
16724
401
2726
578
10308
2699
6774
16396
11678
1709
3072
7561
318
16641
13912
3118
290
2135
2547
15546
7426
4116
12396
4884
2308
4383
15592
14712
3220
17633
1844
6013
11685
1856
16299
2040
2028
7015
16448
17393
8476
8234
12649
3497
6091
1255
15732
1392
7310
3657
8067
10817
7177
6405
6666
1695
8017
5873
15046
13628
7689
4092
5474
4502
5387
11959
14318
16605
13819
4891
6927
16916
6028
3641
6280
15740
5955
16481
2759
4768
342
17696
6616
7884
11543
12068
6723
9294
11248
4566
6145
13358
3496
2983
3869
5495
15449
9601
1657
7850
16351
6382
12969
17126
10129
206
10566
7271
4574
14657
6384
9785
2087
6253
1439
3216
17160
28
15678
10635
15814
6726
9321
15067
2157
679
85
16548
3374
12601
4000
10141
584
5026
7670
3080
13534
330
7699
2992
13407
13603
2
12357
8723
15185
1881
2319
15297
15247
2270
448
599
873
15966
3593
5994
16474
1863
703
94
13248
6891
6256
16156
13586
16101
14209
14865
3698
13273
476
17508
11786
1953
1502
14151
9869
17422
8814
3209
8020
13169
1452
12922
16257
11957
8734
17094
17039
10678
9105
2372
7570
12353
8617
906
1543
11276
3366
11487
1545
8222
9199
2173
2482
4503
14149
6250
15653
867
16157
3197
13459
16256
7679
11303
14931
5710
7909
9303
7123
5448
9627
12923
1348
327
423
13593
875
10731
2665
15652
12419
17591
11810
8383
17642
9442
1921
4462
10266
6646
520
11511
1855
17193
7484
3135
5511
9390
17631
13700
15245
2231
1865
8111
15803
15392
2391
10712
15767
4105
14679
14619
6989
1691
5137
12685
3015
8651
8069
17800
8550
15434
6595
15874
12848
15667
8211
3608
4907
7192
6130
17455
15789
8180
2206
15198
9157
9806
4888
11306
10779
9346
1095
17731
17454
11621
10821
8011
4246
1859
1152
5112
14121
443
1087
10441
4529
16534
16329
6296
12350
13999
11336
11812
16241
8867
5856
5848
3893
2567
6893
17145
5161
7831
9931
784
17743
17093
5115
16997
343
10555
12135
16467
2989
12257
4710
1810
7498
10061
12208
14989
2033
3256
1948
8665
1893
10210
4827
4910
1525
15362
17417
14271
1294
5429
13037
16858
3170
5966
11739
13606
1396
4632
16402
14509
5780
6364
13442
4054
6683
13405
17062
15934
11581
15927
14476
14006
6748
14
590
7249
4751
4899
3405
567
1486
5489
3168
7311
16233
3385
5152
7314
1991
9378
7377
16622
17306
1089
8844
17119
8600
6831
6836
8801
12109
7971
17700
16867
13085
6012
8308
11580
10176
11383
16111
5130
6045
5336
2296
17753
11985
3928
7505
16268
2499
9515
12614
15016
4970
5520
1317
9086
17461
4261
12604
17189
8209
16572
16728
8817
16629
10294
17341
3142
6909
8998
4170
2407
2003
12163
14940
7569
9773
9921
17773
7641
17860
9958
9171
16949
16382
6324
3515
10375
6537
12331
5442
4756
4020
6302
2475
56
15888
12810
14274
5531
5980
16579
9383
8857
2539
2673
6506
11851
17002
6127
5671
11060
6388
3056
15441
13370
11025
13854
2738
7801
11429
5447
1882
5092
1788
14992
11589
16209
9858
14579
5770
8972
8467
10682
5592
10917
455
9700
525
14845
7555
4052
17161
14235
10760
14360
6881
7020
51
17572
12433
17386
8280
5436
5840
14686
13624
3905
4027
8080
7176
934
3275
15100
4421
16186
1509
9381
14958
13906
13997
14798
5949
3396
15776
8536
47
10477
6121
2249
11538
11371
16856
1403
17279
14858
7395
3347
17361
5905
16589
1257
11332
11015
8003
16504
16979
4072
6350
7206
1652
8832
10496
839
8727
11555
6525
6111
5415
12578
15190
8518
11637
16124
14477
9949
3321
3458
10697
17
5935
5449
6124
14185
5306
17779
13500
6273
10703
4011
2503
9042
7060
14965
3762
15746
4934
4979
10202
7706
7583
5257
9525
12766
86
7547
3811
1138
7361
14195
10949
7360
5908
7637
12207
4432
16468
16337
17715
4820
7906
13494
17867
17349
16988
14193
14057
2942
5839
9730
1782
771
13720
12980
10372
15534
15647
8088
13387
14499
887
512
15929
14324
13634
7932
11271
17364
8787
16179
9122
2554
5283
7608
1428
17746
5989
1381
12792
9473
17200
14550
322
12040
6330
2079
267
10404
2057
10640
6170
9934
14831
8699
5379
5358
9277
11599
3108
5772
4616
4223
17332
2065
13524
2465
11167
3752
17847
3022
581
13966
4835
6830
10662
15840
1700
7382
8907
3317
15209
2473
12280
8339
598
10932
14468
8782
12222
8608
6221
9653
14323
15402
6778
11281
901
4965
8073
16701
11293
13467
15200
11918
6570
7478
15470
2947
11475
3330
12482
10325
6631
1732
13451
16731
11662
14639
17477
2311
3475
2281
3758
1985
15237
4477
16390
626
13595
12021
1412
3727
16791
10699
11523
12351
1470
2266
9510
6383
863
6284
790
155
11749
4203
7502
6342
15855
9359
4323
1444
15268
1227
12686
11359
14890
13576
12900
13312
11624
13010
9173
9819
3948
2605
3788
15477
5484
14615
16692
13915
8739
1325
14041
1289
9333
8697
5330
14986
8490
11986
7333
10272
17565
1487
9851
11103
11822
13362
11216
7125
17814
5711
8459
5458
8636
11790
13036
4219
8030
7137
3878
5319
1293
11077
15922
2897
4040
14554
10515
309
1435
5829
5193
14720
5178
7084
13071
12948
2188
17284
14345
14810
9478
9502
2592
17509
1760
7835
9551
17280
1449
6070
14904
12952
13009
11742
13213
12143
2034
13216
12024
17639
13007
2476
12131
5096
13874
15130
2014
2908
10198
13600
14760
11907
5020
10994
5165
10762
17106
8748
15262
2193
11112
13774
6294
2336
6497
15424
8108
5224
9397
5652
16208
6503
8846
16782
4782
6235
9752
11450
14635
8084
3729
4131
14758
12400
9562
16802
6685
11767
16616
8202
5681
3701
13890
15412
10071
10921
8678
4179
16986
2131
2480
6254
13198
3952
16917
375
447
10964
4012
5910
16439
9292
16103
2229
15466
14017
7276
766
5459
9243
2873
9959
4510
3048
5042
16114
2224
4572
11129
925
8350
9901
3671
14708
15032
2419
2339
13663
5571
5981
14974
17739
11072
1261
5220
12051
1637
11937
15516
8626
6496
17231
16985
6114
871
12393
12091
1181
9533
13194
17171
8532
684
16516
14518
5069
2843
14801
14710
15886
7034
2602
1559
9269
569
15112
17325
1124
8360
5219
15337
3603
12197
12972
12612
11877
8054
172
7281
16259
6419
5915
4819
61
12802
11335
4898
38
4118
11882
11384
8155
13181
4638
8744
14573
1548
17218
9875
17498
5110
17395
2698
3620
4309
13568
10131
16876
11886
15277
17213
3110
16381
3044
7167
13448
15314
13252
9197
7002
15285
3129
14863
16948
10562
15451
232
17576
8257
6267
17745
450
1240
11198
4077
4376
7058
15904
14340
15138
8896
12669
13419
7994
14655
14897
3901
10883
3451
8874
2410
728
4487
6460
15591
10584
9845
7297
10076
14245
8464
9423
16721
14375
104
7709
11955
16017
1849
14215
2680
3753
11238
11635
13625
558
4028
17816
13781
8310
7820
15020
6069
14480
11652
9537
5624
819
10999
17458
2348
15252
7094
17359
14838
11338
3774
859
10952
2917
8149
17008
14484
5320
13200
15568
14027
11941
12997
15092
10516
9706
3289
67
12218
17315
3990
10609
15501
3365
14423
7155
389
13928
8043
7852
7806
1934
2769
3739
1995
4889
4860
5270
9268
8449
11043
7772
4563
5541
308
12386
10953
3629
10426
165
11869
2492
8924
9373
12755
6605
12204
8895
2312
14144
8487
3192
4548
13791
8650
10043
12026
16638
9891
2727
5542
6857
33
6423
15208
2594
14659
11852
3521
2966
1569
9677
17704
1463
4312
1924
10050
4280
8715
6232
9916
9964
9196
17607
6432
8226
9745
7677
14444
15624
7223
3851
13804
1169
7039
16023
650
6042
11920
10634
1174
14223
14019
17339
16658
4140
9299
1635
7129
3667
13184
3841
1090
6019
12237
12693
6732
3102
17689
6805
12097
3075
12858
111
9709
6704
4437
8916
13660
1721
7467
5810
2134
11879
7810
16816
3025
11842
17560
617
13251
5028
4883
7392
4923
3864
6032
3691
12413
4988
15462
13254
9468
11642
9571
17305
10142
9543
3253
9250
10357
10867
4346
14761
3606
15440
15065
17600
12443
1910
15650
15552
4112
16913
1419
1062
6551
6029
7755
5786
12647
14430
14600
17710
1589
694
157
3290
122
11743
9247
13305
1918
13404
4276
12939
11134
11300
11522
14553
1675
8933
10661
8669
5817
14564
3019
7720
10335
6951
12640
1940
1749
2889
84
8204
17515
10667
11871
697
14152
302
3479
3594
3953
2436
6967
13937
7489
3580
5782
15569
14227
9095
8923
8574
8985
14764
17082
15715
8587
15039
2150
16001
3576
2600
9430
16050
12307
10069
15357
7313
14471
10232
1400
9519
9141
13998
12293
6802
13050
17437
13391
11633
13337
16859
6988
16377
12921
16436
14391
7588
13443
10733
3271
1418
4603
1080
1109
15970
8139
1829
7371
12510
15089
2511
13659
8937
4558
10082
3871
14226
7069
2914
6810
14859
15232
4097
8556
3305
13509
9999
533
3708
12114
4623
12501
1912
8081
9682
15551
9881
985
3008
6574
1424
17391
14962
13986
9340
10830
15059
2754
10420
8366
17806
11399
15942
4212
4169
13375
7435
13652
12991
7042
2612
7626
11432
9637
3064
15096
14610
8026
13019
14754
6456
2652
15398
4091
3655
14042
5425
2076
4955
480
7180
7405
11000
15498
9560
3049
13952
11022
16952
13923
6394
6079
16838
4793
12254
7907
8197
4597
7898
14177
14240
10676
9978
5215
10117
102
8930
12857
7108
17219
9176
4731
7652
10926
4160
11465
13183
2377
17259
15832
17289
17580
8657
266
11228
14805
3919
3516
5301
5408
4919
6749
11327
11242
15080
12360
1733
13632
11165
12421
4416
2620
16219
12548
7195
13969
16814
10173
10458
10448
7942
14622
5751
8688
11321
14421
8732
15432
8327
7623
5060
16819
14385
1175
9955
17632
3550
6559
2702
4081
8790
14500
15655
10494
6486
13996
14221
6707
7359
17205
2614
7106
2562
6692
11396
12234
11144
395
7030
8092
1993
16319
1852
5745
7744
1098
8523
13170
16940
5536
8052
8850
17074
13739
14800
2781
3198
3402
9630
14396
17186
7043
2432
6541
15328
555
5464
289
7038
5249
2128
5400
6516
3101
13396
15710
11258
12723
150
5109
7786
13237
15154
13705
14115
16965
4864
4056
12115
17761
7997
7827
1450
10934
5930
1908
13322
6903
6440
13411
16315
11892
130
8140
3745
12543
10507
16405
8656
14921
3994
1734
5245
8847
8898
11453
15226
5954
4816
357
4587
14133
2579
4120
9302
3077
10149
12993
12786
11322
2941
16363
2685
8921
9393
10942
14732
13979
15360
11231
13211
6675
12743
13371
10989
14486
4975
13960
9214
8598
17649
8681
8405
9692
6298
5716
12469
11818
12869
11160
15725
16987
14935
7293
2081
6174
8820
435
1677
10784
6163
1549
8273
2918
1729
15666
1024
9098
5586
15945
14367
1884
14312
5709
14012
15445
10878
15600
9878
15323
13392
394
7580
12694
14432
16469
7275
17046
9446
6311
4653
10688
13466
3283
9750
3196
8042
3829
180
12767
9461
4499
9231
10929
12226
1685
11651
13013
623
820
8091
16064
13270
7673
3469
10363
5095
8568
8612
14273
4351
11033
3906
12043
12361
13035
8336
13105
13475
14963
4526
11952
11748
1308
12215
7300
3795
14596
12831
13916
7315
10873
10615
11020
12561
5217
17895
3834
14923
10344
15659
16832
11250
1937
7579
1621
3772
10178
13155
5421
15169
13836
8911
14431
7286
11232
6067
1504
13942
11299
15598
14441
7647
169
1114
