8949
4474
4475
4645
6621
14787
1098
8621
5909
2426
15428
13434
9334
11664
16975
4819
1821
7839
7762
8429
3062
8200
4568
8348
1890
4992
9130
2025
11384
4093
7088
2506
2012
15886
8096
8894
10976
122
10458
4229
9132
6114
10605
15511
5826
9250
16690
6480
6571
12234
16316
10143
14074
1707
5899
6331
13394
1731
17516
9768
3300
7176
10394
15496
7560
664
1484
4438
15589
11129
610
8769
6
1224
5853
824
2430
16819
14407
7990
10006
16915
15178
15069
3411
15024
8569
8699
15739
2342
14292
14404
9313
5321
17007
15175
2779
1902
1065
17538
9974
17869
13926
11642
17677
14837
10205
6566
4273
4078
10246
14368
517
15386
8562
13715
9674
16986
10375
4340
4135
12733
17475
7489
16435
9883
1782
15009
10354
1022
15503
12773
4757
12415
15565
7006
654
370
10023
331
2159
11566
12819
11159
5828
3418
14480
17338
4964
5123
8292
4877
3430
7854
12827
13083
13839
1642
11943
14829
3029
3595
751
14467
6372
5594
1370
13386
16454
53
5764
5118
8135
9001
9597
13365
11806
695
7071
12961
7136
16963
14009
2931
8692
11061
6067
10659
6254
11211
17132
16266
7841
7708
13719
3357
16004
12914
12088
3398
12901
704
15915
17885
13787
2711
3819
3949
6287
3077
1186
15435
3139
9976
16640
6464
3653
16220
8891
16672
5810
17144
1884
12689
8313
6944
11434
9956
14060
1129
10998
14337
3531
5056
11706
5405
437
12145
13910
2178
14907
2367
2505
9050
12959
6354
10934
7098
5100
483
4116
14733
5783
5297
125
2589
14700
11575
6371
7790
10749
16622
6488
17101
8257
4439
293
10508
7696
9020
9979
13706
12878
9767
3110
13682
463
10149
4936
10665
9769
10897
1713
4791
1726
5702
5548
6419
4045
14065
185
10186
4614
6392
10843
13318
3215
4402
14483
2106
3965
4021
16982
15785
6421
13828
8707
1931
3835
261
7552
10776
15851
5796
15325
4011
8706
12595
10848
16460
7576
11085
12514
3076
13460
12976
1095
17281
3622
5840
4975
6330
7967
1278
16701
10041
2459
3252
10199
12000
14771
13021
12059
13501
16596
3842
4698
13029
8544
16448
1353
2976
2339
4859
15306
14511
17406
15130
3950
8995
15349
9841
1910
11127
15607
10215
3141
11868
996
15930
10211
1874
5820
4163
10690
4291
301
10635
243
17609
5513
17739
520
2219
3403
17375
2052
11121
7933
16702
10485
5897
16863
9183
4752
7547
13372
2109
15782
11086
14206
11786
5463
2584
2562
5274
573
8458
4674
11046
2036
5071
132
2156
3684
12365
7307
1518
3966
8522
5313
5396
14448
10612
13804
13558
11916
1122
11834
8393
11348
14622
15089
3581
1959
17413
4383
15432
12075
2194
12372
3483
6676
9685
4388
13571
6688
4048
12968
2221
14158
16366
14623
13989
6141
15222
1752
11027
15258
17514
4514
10999
4860
13167
522
10050
7765
11820
14043
11712
15079
4597
12925
8975
7642
17278
3759
9374
14812
6267
13252
7603
14795
12836
4735
9265
16031
15067
1773
8596
13658
8136
3579
6016
8069
17229
2151
4224
11721
11007
6745
15786
419
13997
1680
9798
3814
17494
1052
6019
11879
3986
2359
16610
1147
1528
11885
2836
5997
8027
12622
16321
8858
287
16797
6855
164
16165
15193
10780
2007
8109
6023
15610
2335
5935
14184
10549
11107
15994
10359
9782
11219
10930
7335
17816
15750
14862
9110
8997
13646
8425
6355
10300
6907
13256
13680
5912
6917
4871
12855
1649
2698
7289
12505
6746
3491
16113
15159
6879
13532
5715
10862
1086
9082
14615
757
15563
17080
2120
17765
8864
12726
8339
7563
17033
3618
14124
17217
7723
11195
3296
5903
1960
15968
1710
7639
10652
5875
16918
10093
9173
5177
5921
1238
8181
7086
3470
9746
12783
6123
3000
98
9920
3314
2101
14265
2874
15571
12700
15034
1928
11567
183
8893
9287
5606
10444
3499
17071
10004
16917
8494
15385
7337
1143
4170
6928
2663
13126
14877
7240
3405
8496
17627
13112
3818
5399
9927
614
10519
14809
12581
3752
5354
13281
12324
5384
14213
9851
8576
17790
4009
1891
4546
15023
16409
16628
2078
17313
17116
4200
11508
934
5592
5105
9269
3152
17131
769
12645
1248
17474
3320
11564
5590
1720
140
13663
9601
14971
15809
12435
10432
8547
6404
4157
14178
8795
11029
9051
8735
55
16509
7979
7625
17709
10249
16234
10810
9743
9418
1918
12384
8242
10676
13420
2447
15916
12905
15172
580
12850
15694
14637
6722
750
7575
16478
2545
15841
13033
1084
12680
9222
15823
989
3689
17040
15348
6691
7257
17700
13076
4100
4547
13423
14996
8083
4834
15364
9290
1451
6175
11680
1944
5678
10544
4382
8337
137
15606
6380
1272
10796
5633
3064
881
13927
13595
3813
4192
1165
16722
17429
3656
10342
3020
2569
1435
1265
8340
5198
7637
17160
13710
9217
11976
2489
9906
17851
7726
13456
3691
14147
3040
16017
13602
1753
4099
11189
4070
16074
281
5476
10442
7787
6311
13442
7962
7579
6066
4639
15062
558
15965
12292
924
17645
11619
9972
17563
4395
3368
6041
9233
637
6229
16824
15115
12430
9932
3630
4941
8675
17153
7654
9318
3172
11142
8870
2396
14007
8629
16668
4058
15051
3271
13577
4238
8291
6315
3415
4963
11022
15788
4567
7326
15426
1562
1895
3879
3694
9299
550
2490
17676
13554
17828
2751
11382
10545
7808
9977
3045
2687
1834
2190
4520
686
13480
12281
11472
14496
3539
9408
11783
1646
16406
11514
11667
2732
8112
10734
12076
292
10119
5522
7321
14791
17688
7901
2517
16992
806
11226
13406
10610
3506
8697
13289
5482
10943
2940
17051
12869
7518
1687
4641
15508
16161
15561
16642
9417
13548
15292
2553
999
9295
8625
16071
4895
9636
3137
11284
1619
12693
5070
5178
674
7648
4950
3358
5744
16421
12811
6733
17545
17376
4131
7541
4257
11679
9516
12261
13426
17125
11455
3439
5382
9560
11316
16875
578
13234
3432
9638
14671
14515
9127
13638
9520
15205
5527
15491
8500
4321
7937
1293
2043
3329
8869
5855
4673
16466
954
14406
12699
4357
2265
3042
5138
13930
16195
13800
488
7674
3703
13880
15758
7471
17168
3804
7458
2121
15926
13777
10314
17391
10358
9270
11839
11490
17019
7284
12206
10420
3631
3584
9386
5034
11403
11108
15403
5097
6476
17783
3413
12065
7268
13796
231
16533
537
4740
7254
11542
9680
7817
8442
2695
9362
15592
5705
5348
10569
1982
6181
14820
6100
15653
16457
3594
7454
15350
295
6145
5014
6009
3073
17256
5066
2421
3832
681
5786
3364
4560
9763
16598
10700
845
2731
14051
6022
11627
16174
9430
987
8405
9973
7381
5972
2625
15690
3235
17561
8955
4490
6139
12688
3582
10755
13786
13653
7788
9548
5200
10480
4904
10823
11250
11754
980
2286
14762
15269
1509
11087
8115
14761
9754
1702
4239
10852
286
13458
14313
3901
10284
5394
10315
10715
14037
11445
80
6589
17472
2127
10845
11418
8350
10633
4823
9245
5626
6742
4737
7879
17488
1598
7732
7358
5412
9407
8539
17280
14083
8513
15040
15692
4960
2785
14772
2795
14409
15136
11494
7571
340
1670
1473
5191
17411
5277
822
17420
2728
9544
12910
13634
4534
12146
2638
3680
12408
3958
555
2213
8855
5295
12922
2849
14614
15471
5064
2018
16274
15980
13395
16119
14981
1588
3374
15467
11271
3128
12188
5168
3148
14291
14333
1679
14832
7355
6155
6307
12429
12125
2437
14085
2772
6512
12273
7033
7846
6302
10775
14602
6280
3577
17021
8761
16097
6628
17366
2032
4097
15836
4699
15274
1315
10088
14297
12
12037
11823
609
494
4403
6272
3138
2381
17656
12807
15039
10327
2253
4797
1109
13849
2995
11123
15795
4556
14421
12493
16209
8538
17569
16842
8217
15725
13747
13095
173
16537
2087
8814
4319
7261
13696
12256
14750
5639
10263
11175
6129
7650
15753
16527
10285
2880
6319
4465
12067
14520
1660
2255
8050
14655
14630
14958
13941
7298
1560
5224
5210
4530
9411
8323
5194
3096
15642
773
7528
16331
3327
7378
5924
16769
16587
16755
17806
24
15586
2745
3744
5789
3616
11794
13812
3526
10986
17198
16217
2974
10007
6802
8187
15722
8607
6744
15573
14117
4040
952
14408
2222
7557
13429
10098
10742
10530
17763
2216
3652
12668
15708
8661
9969
16584
6904
13397
11335
9671
10547
12904
14567
9599
13352
15727
14112
16302
6436
9957
6734
9040
10265
8506
12200
14639
13065
10804
527
1331
13742
16023
4280
12097
11190
58
3945
3628
8395
7482
2658
7759
15990
1502
10938
819
15902
4997
8415
3862
15434
4499
232
10725
7594
3404
1137
13599
10410
17090
1452
9941
10768
6659
15897
6960
14616
16807
1875
7778
5881
7947
940
5942
8910
6704
15139
2710
5995
10503
14970
12887
8347
12478
8436
9493
7370
5981
13535
13030
17608
12988
9196
17097
14495
6487
13431
17704
11230
12027
14870
14052
3022
14650
10589
16641
10299
5233
16168
14413
14813
10069
4284
6674
9889
3634
12791
3335
2769
3108
10914
1310
17590
2082
8433
13758
4927
13608
1661
3880
11719
14445
5175
14033
7660
17195
12317
863
9292
4374
3067
2927
629
13143
13157
3799
13857
45
14359
6768
10334
14943
11212
552
7124
5478
1413
15489
6598
11681
16106
15504
17664
4247
7792
4351
10347
14881
16691
7694
15333
8046
15259
10523
10328
6868
7970
9828
11293
4619
472
11620
5062
4420
5183
14947
12842
14533
5805
534
1414
1853
5179
2291
981
2956
12438
17634
9131
10332
8848
3864
2446
1296
3268
17336
4246
747
15022
4654
11657
5529
12417
12862
15894
15068
3696
6057
16743
8074
1693
8088
8736
16884
11449
9616
6151
6969
5949
13342
2520
14596
1723
5546
5723
17330
6870
9303
17882
6620
13306
10280
3326
5699
6456
5704
10739
9603
13512
2149
12268
7516
13276
4195
5978
15093
9247
5084
3779
843
10626
8611
744
871
6182
14818
14685
12371
15462
5793
15798
13121
17825
15202
5263
7049
7209
4827
16296
12600
8585
11272
14766
10567
12236
9739
6719
10658
6469
14093
4176
7809
15998
17753
4762
10233
10081
4127
14807
15162
9693
17178
696
2508
8685
8378
13832
13066
16367
7950
17221
6662
15058
1409
3183
12666
11603
10699
14869
15396
13474
6891
3592
4139
1005
7730
4521
17400
15498
2207
3764
5223
8142
11545
468
12171
1885
10032
17667
7934
1016
7914
10082
5988
4569
6954
6817
8459
2338
15289
1245
16188
8413
15829
1813
8862
13084
6367
3325
3059
16907
783
3316
17414
8678
17876
329
3510
2843
6829
554
14227
15190
9466
2746
11882
6751
4908
3697
147
6548
9742
7220
2389
16866
2946
238
15243
1138
14924
8656
9724
15524
2881
4889
3822
1379
7153
5766
12675
1985
78
13164
1894
11158
192
6637
653
16124
851
13590
8234
3565
6150
9628
310
8379
13717
12823
14805
9868
10989
3790
13971
17371
4695
5486
1222
10672
17467
16171
8940
13778
17068
12740
1227
7501
7208
14321
9275
6990
13743
8915
12483
3665
4071
3484
13113
17234
10945
4525
11608
14260
10994
11790
2979
3049
16347
12580
8005
2382
6109
15832
11959
3941
2259
1489
495
13724
7823
5568
12126
5746
9984
1158
13591
10811
5620
9456
16381
3284
16151
16231
5349
9004
763
13151
10546
9208
2644
9107
12357
2840
10693
2427
17746
11565
8787
16831
11133
17327
16140
14146
17437
17748
14108
10298
16929
4472
15298
949
11520
5582
2285
2686
5094
10200
17625
8648
4527
4297
13825
5421
8451
3683
9635
8015
728
15960
8068
169
431
1939
12071
8412
6122
13330
17220
13491
1699
1399
3603
4359
14296
882
9542
834
9535
10083
5182
9566
10401
7141
7154
11099
3609
16357
6608
4384
16492
74
7894
7262
7791
13587
13647
10959
9435
12297
10386
11675
4087
6074
10460
820
14887
3240
15360
13738
3998
4324
13728
8785
2189
13993
16971
8667
17236
5293
8417
4396
4989
9436
10809
7380
2549
393
5727
9146
6517
1322
5730
259
16538
7384
296
10613
3408
11270
2963
11221
2319
7499
13889
6518
13077
11531
17026
6605
943
1883
4004
5540
2665
4261
5481
10174
4178
14167
8332
4110
11388
2653
10338
16579
4450
270
5898
13436
14618
17529
17331
6795
14462
6556
14348
4808
869
12568
5552
12935
10252
525
5781
3450
2134
9577
4336
8943
11804
14229
14298
9791
354
14549
8324
5438
17241
13734
4993
16720
4672
774
1255
10203
10135
2534
10682
397
10886
7902
3717
4928
9291
998
4417
1791
17648
5471
3262
10878
15946
10151
5278
17750
4334
4344
9816
11652
14697
5110
4479
7416
16440
2457
15196
14817
7998
6864
7988
8582
13148
17161
8835
7267
2555
5324
6876
6036
8708
15806
3428
12024
939
14849
10363
13132
15186
9213
13339
13502
13049
15889
6772
11929
8949
14694
6902
8938
15748
16919
15449
11767
6741
13626
15895
16116
11140
17053
5748
12284
8932
3532
97
9393
5798
15234
10168
16603
1040
8476
15947
10123
6757
7210
6377
2954
14314
16791
1614
79
12540
12431
11590
2473
5203
14781
11626
13858
77
2303
14789
7272
3125
12278
3509
5652
14471
15075
15374
14937
14627
11168
2597
652
4777
3071
16011
6514
15032
50
15443
2138
4433
3406
14221
15233
4203
1957
4366
5018
3249
375
7520
13114
11932
11080
7055
1292
425
3854
188
12613
12993
6638
7539
12022
8584
11963
14985
5841
14242
3002
1253
10225
15103
3305
12336
12490
15922
8180
5867
9306
3485
14041
8259
3375
4171
11589
1847
4512
15255
15535
5503
10106
7515
5121
17463
11097
708
13067
1715
10973
9122
7492
9497
8063
17620
8598
11738
8226
8201
1043
16242
13895
7890
8216
11718
6939
8243
7645
12777
36
16645
10602
12353
4750
5186
14326
10760
2697
8740
740
9412
12574
13761
8743
1811
32
13862
2420
2128
17776
14773
14873
8305
8468
1395
16222
8446
17130
9382
14506
11939
9517
15771
841
7113
11420
17507
1091
4197
9030
17826
6143
5024
474
9822
12531
11446
13520
10541
3366
3417
1889
4682
9997
16704
8806
2410
3663
12677
17393
8701
1205
16683
8831
10625
6569
9446
5669
17120
9917
9065
12586
17254
10483
10116
2925
7969
16439
6134
16488
2856
8738
17768
1015
3198
8501
15166
6414
16522
9413
8963
8449
1194
12739
2240
3831
10422
104
8008
304
10361
12866
7952
1648
11752
4218
8936
10407
15070
11797
1377
3903
7002
13530
8683
12380
402
12496
10220
2676
2996
9237
10621
3318
16076
2241
9916
16589
7138
17250
16957
7830
12058
5852
13044
152
671
7921
12649
13506
909
16125
13356
3534
6112
8225
12421
2699
14270
5462
5722
6253
13211
17699
8779
4293
5693
15802
7567
3343
5090
5156
10518
12881
10674
2366
6108
2298
56
10188
16412
15375
13505
11731
13689
12136
5106
3068
7537
6831
3201
17879
15431
10514
7082
6587
8700
15529
5725
12331
16806
11544
11825
11232
3301
3162
9931
6761
8253
12134
17054
3948
12608
10481
2224
1643
5916
918
7589
1771
2475
6941
6897
5610
8084
11899
10099
7612
6845
2978
7554
6820
12947
10047
13322
17663
6775
16920
52
15362
4277
4768
9340
17576
11757
14699
4555
11665
11254
13500
9870
14285
6045
10333
12452
17230
16133
5112
11511
14599
4091
8454
8993
3925
600
7692
7617
8850
16724
6717
15063
5842
12718
7580
10474
17587
6068
14050
303
6033
3792
12279
4272
15400
14572
6356
6497
17517
2721
2640
15757
4015
5135
17835
734
8574
9933
11570
10609
10587
7056
7964
9483
11025
16552
3840
17430
6773
8367
1997
14716
12972
449
9911
10892
4814
2211
4726
2592
8986
14056
10830
1114
11424
16716
9263
17755
5101
10833
14811
7942
13772
17760
9869
6502
9714
16583
12593
15945
10990
7117
11636
12810
7474
6120
17439
6564
8097
11071
4101
12812
12727
2479
5480
5332
17880
4118
1903
6633
6575
306
4302
8418
10176
10110
17708
12808
10857
6320
16821
1933
7164
3367
1432
6830
4741
13583
5235
14061
13096
4478
14853
7119
3351
11696
7889
7083
9620
16817
15717
12081
14224
372
17315
5258
17542
3401
9496
6202
766
1540
10764
13896
14403
12312
9049
2289
1549
12691
16670
3675
867
9339
8207
15992
10598
7920
5813
1950
942
15395
7772
5067
1777
14580
1349
2493
9602
17094
4003
17894
17032
4363
17787
14889
754
8550
16593
8600
9947
792
8354
8802
14919
5589
712
11032
5763
7610
12871
2938
16126
4966
11893
5558
2902
1975
13830
12934
930
16182
11122
9975
6462
12636
11350
13205
17582
5683
11934
4902
6937
435
108
10509
11457
16864
5728
9280
5741
5091
9225
2593
10793
17484
4724
9165
16710
4435
1430
11496
10189
46
16128
1536
16456
2790
13374
16840
3953
126
14455
6208
2606
6039
6061
16403
7434
13544
11453
1038
7519
4733
17847
10214
17378
11464
7536
4683
16348
10429
1717
7127
7406
1148
15824
544
8650
5923
2596
15609
10759
6490
5368
2890
7161
15603
5721
16261
6740
1647
14269
3742
11411
12369
8597
3459
6553
15979
14886
17440
9025
5689
6237
9758
2980
8471
6584
9600
8495
15303
8334
11487
6565
1831
5641
3233
4793
5033
11468
16098
13080
10193
14176
13305
13713
5228
5164
12007
13489
6803
9988
6210
7487
3982
4023
2274
2716
8749
4564
5666
4815
5824
13419
6974
3608
1747
2061
513
12498
1958
131
5365
15179
15783
10035
1941
2574
3823
11509
8034
8351
5919
9184
4816
12685
13373
2554
5252
9174
17349
5876
7203
2933
15005
5428
3234
4271
16301
17547
17491
6896
16838
16521
5830
2819
12542
7019
484
2813
10182
16916
12660
460
63
11925
6238
262
2093
10276
16983
11248
15534
8994
2781
9234
10094
136
10411
9891
11237
12158
11044
12150
15416
13286
9716
458
16847
6493
2466
6463
4162
11571
10553
922
13854
8698
9668
9464
8227
6226
12775
4949
6985
12992
16607
15885
5058
10045
15983
543
11623
9759
5038
318
5497
3075
10452
13866
1053
15732
10396
13860
992
10085
15696
9687
9465
1876
4844
16572
5618
17291
2870
13334
12462
9631
1140
14991
5215
5244
11910
3655
15749
16150
12682
13755
7271
6848
5040
8231
9441
4559
11663
12479
11951
444
5663
6471
9776
15759
15919
11372
2645
17583
11036
17138
11883
15682
14485
7946
8788
17550
10997
13072
14020
2294
16091
17802
2432
2158
13368
15419
14066
15904
6116
11410
4044
3202
17162
9272
3780
13236
607
14797
17531
17180
10915
14646
15826
8141
4518
12004
352
12578
5269
1914
4308
6247
14586
919
10443
14927
8131
15638
13547
16653
12759
10918
13462
2006
9311
6824
1655
14364
595
10588
16332
13992
15943
12614
9607
9439
11478
6846
13961
14518
16786
12946
15625
1555
6886
2541
12803
15131
10655
15015
826
16201
16505
12982
11771
6004
14335
2250
986
11669
12240
5559
7366
1241
2453
10413
16390
14915
13525
901
15878
4855
12809
92
2916
7299
1701
11426
11484
9123
5896
4369
15473
16138
9044
15194
7480
11090
2239
11126
12068
1882
13901
14123
11041
3917
10866
16899
13282
10036
9207
17362
12506
8113
12224
9594
3442
9022
6481
11618
13005
12177
12482
5435
3243
8238
9552
4789
12776
9289
14903
16352
13418
6110
5391
17612
17365
15110
638
450
2026
4912
14086
9606
10331
793
12730
14736
17641
5837
17352
5292
5488
15381
12265
9952
17815
5879
12814
9034
16461
7191
6640
15140
14607
6515
13087
17633
12132
15379
3156
1674
12161
10086
12083
874
975
6726
2246
8183
3848
6458
8750
11877
6051
2753
11425
11288
12818
7686
14709
4771
2133
10242
3753
584
13499
5454
15699
10316
5285
5901
10532
14723
16965
13240
13510
4365
5545
12274
12276
5961
14953
8355
4029
3825
13106
7943
17003
9376
7702
1862
14912
546
3755
7631
591
2611
7760
12303
2901
6070
9176
5749
6360
17732
8819
8515
11407
5934
11414
4840
13228
895
14306
11356
13247
7849
5944
8090
8545
16327
9192
17647
3617
6094
12006
10956
16504
7314
4456
5743
13218
3091
3498
4046
17557
3307
11215
4598
14538
10763
3672
11165
6308
14950
1901
14747
408
4063
1535
11644
2004
11641
9771
9578
11137
12963
9623
5930
166
7021
17227
11874
11739
14055
111
13317
7168
3473
12329
2629
9895
13686
6986
16010
16633
6035
5148
1512
14053
16941
4295
13380
15765
10630
8195
5437
9794
3051
15468
14126
10207
5314
6916
13071
13650
10478
9252
4980
11656
13850
2637
8
10159
11207
9398
12553
540
2046
1029
11291
5076
16141
10920
10831
12091
1234
15278
7022
13402
127
10828
13885
10304
714
182
14401
13265
5808
11995
12863
9328
2889
2292
13729
13035
16361
5839
22
16163
14429
8383
4850
3686
15204
10197
4414
7422
2546
4631
4882
2263
12579
7405
10107
8681
1764
6284
3431
16426
6650
8479
3474
16692
2957
11131
424
14273
13881
10572
1802
11474
15737
11081
9070
8252
15908
7306
9007
2243
6197
4079
12019
7876
57
9658
6166
13012
14560
8463
14209
3521
9455
220
16617
7012
15530
10308
9777
13348
2804
1531
11267
6383
2993
9879
8520
3312
1393
8010
5720
338
116
5871
4594
9240
5372
4851
12221
11305
15387
8992
6980
5494
4020
10968
870
4617
12672
2643
1685
13657
17009
5530
15840
15478
12953
10423
322
9966
3355
15420
17066
782
5469
1658
4929
15013
2942
5176
14303
13788
12277
11638
9719
13566
6086
10294
12762
4507
1812
12893
16328
7093
12597
13794
8704
908
15502
14110
1178
10317
2435
16246
3306
16241
11683
422
15634
10453
17762
2522
15472
3309
6096
7099
13448
10374
6975
14978
4174
6949
13633
5807
2609
8860
8290
5257
17121
11671
1049
9854
14905
2535
10108
12017
7305
7681
6999
9734
9390
11201
7397
955
1457
2172
7388
11609
8586
3597
13673
356
16574
10651
10744
3376
6720
4166
14701
10542
3828
1280
14057
4600
71
6535
7573
3032
17767
13523
12159
14133
8289
12285
14371
13296
14672
12954
9368
10218
9565
1630
1459
1737
17528
197
13643
5933
6808
12398
15247
1767
12477
17240
17346
10244
16111
14367
10662
2736
4274
11600
1909
10213
1021
8080
3524
7193
5174
6054
12728
10664
2487
10581
10767
17063
6506
2598
16055
5046
5632
14070
899
5710
16557
13827
16394
10431
1519
7671
4781
9864
6199
5979
3666
8146
17444
2935
12662
5553
7495
8961
10450
17303
17104
14714
16019
5993
11515
2177
6867
13922
17549
13336
16541
8972
2124
7927
13239
14396
3147
12466
9179
739
4918
3740
3371
17665
11075
14405
561
1871
1795
1487
8264
5143
16746
14892
2452
13293
16391
6599
17597
28
15227
2477
17171
14272
17772
17711
15342
489
2937
15937
17417
1263
15804
9072
8928
15201
8466
10758
13002
13953
3386
9432
421
14902
4458
1216
3269
11873
4064
10388
7825
7992
6351
12227
9624
17839
13683
11469
6297
935
1456
6653
5451
9878
5065
12347
12609
10070
456
6204
5195
3678
6909
7467
17600
10392
3163
17870
13358
7435
13603
1513
5674
13676
15673
10005
12848
6805
10647
12647
1431
3225
10975
16291
1480
10287
16236
4422
9546
10906
1190
15670
3777
10844
23
10912
4652
5883
16214
7107
1121
3931
1461
11977
88
2395
12563
15570
9014
3471
4226
11441
9083
5698
6333
11555
8013
9543
11402
8177
10484
12650
1757
5389
1733
10112
15185
5302
9337
10502
4934
15461
9484
16763
15852
17270
3136
3841
5718
5139
622
11262
11259
689
1058
6386
13471
625
4485
17791
2130
15982
9242
15624
11070
1988
7142
6240
5001
17668
3591
81
16480
11654
7069
16051
13687
562
11138
6295
268
6664
12346
15437
9574
9521
6574
2417
8663
17659
1781
12779
14240
1915
7195
7989
10103
12927
16155
16560
17666
8810
16086
15874
8309
7862
15831
7651
15380
13864
5241
11256
9309
17646
15959
1983
15084
5655
17654
11136
15506
1004
2115
15014
13367
11375
5475
10293
14262
12686
6926
12043
7987
4700
6126
1514
7657
4800
7418
10894
16489
11821
10266
8809
8984
4642
13316
12455
8660
11612
11374
7452
13565
12787
12560
8193
17415
6209
5457
10490
15697
17410
4653
17728
575
13841
11148
6243
1755
4704
14201
16554
17293
8150
15800
10437
1247
4457
12187
1586
3339
16276
4303
17404
13816
2287
426
11332
8374
12533
14318
14732
16230
3870
15399
15238
2796
7517
5495
4892
6316
872
7377
11922
3724
12053
8724
15799
4679
15962
5207
4053
679
13935
2044
5757
7824
2764
1599
17166
17266
9937
10840
14106
3550
6529
16030
5561
3026
7502
10087
317
12821
16001
5973
2316
1516
15896
3440
5762
12354
10824
9802
9310
8852
5300
3935
5068
2321
10169
5103
12864
6169
3214
1001
3319
11021
3176
11315
8148
5660
877
2743
16405
9219
11955
16433
15143
1665
5880
2797
4922
14096
3237
14071
13767
10952
4813
3946
3121
2921
11180
11676
12799
13594
4441
7162
6956
6503
11908
16549
13103
6698
5443
6631
17387
9500
11737
12077
10292
15476
1556
14350
9534
2212
14521
17257
9235
14431
10847
2091
10539
12260
8036
14590
13597
14577
5650
3988
8912
8618
8990
6501
8491
12192
5129
9203
17469
2276
5659
8139
8397
5330
1023
5092
2523
6293
9378
8470
17357
8734
5611
5922
13091
11128
5441
4920
11734
2875
8219
5574
2423
16737
12242
12135
11610
6214
3548
3719
4398
8592
16630
6779
6168
8277
994
14435
1373
3080
17251
16199
10436
5386
17471
4113
5675
335
4002
12991
13681
4318
11673
1732
10718
5825
7234
17874
4955
3476
690
5063
2328
2853
4480
14523
2184
5095
1411
3390
418
5344
1605
8157
15215
7773
8263
5003
7295
971
1128
10929
1256
14339
1083
729
1394
9113
4897
9172
15359
17686
1176
6232
1113
15728
7367
4806
11019
676
542
4470
11980
13013
4102
1616
9416
15707
17658
404
13398
13297
9381
16090
15424
848
10688
17722
2056
8366
2168
8223
15358
9336
2958
10921
1539
2812
6422
7250
13508
693
2587
9077
4114
17274
14691
3228
4958
3277
9302
6541
12594
14084
14111
14489
8160
5544
2920
12606
7400
13925
11829
564
1506
2107
10172
3384
10473
1219
9482
7928
8923
12096
8382
10787
16718
7794
9576
8396
14027
16318
11549
7252
17580
17129
13219
1817
2998
1085
9756
4705
1678
8389
6568
12440
13273
6799
12616
10416
8035
7070
14722
5803
15440
9654
17072
5352
12412
2040
17295
15
7439
9806
16464
6989
8920
17079
346
7917
17853
16065
13017
3188
14143
14473
13915
10617
9319
12030
12257
17523
14258
3859
9157
3513
12244
8884
1604
1163
7340
13753
16346
3996
14786
10089
15655
14239
12020
2617
1695
202
15107
10511
15191
13159
9360
17077
17624
5777
12755
12189
14923
5259
7133
14855
13078
8281
1682
5787
9913
2288
5317
4497
17199
9073
10196
14512
17743
16134
2582
436
454
3937
12749
9764
4080
14362
3857
9898
12813
2780
5083
7429
6604
10913
9501
11404
5160
17252
4807
8988
12191
13075
16624
13413
9978
10694
2865
16197
2451
2543
3669
11223
2111
4425
1188
289
11958
14808
14241
16602
11326
8512
16551
7813
960
15282
10048
7634
16594
1259
7414
13990
10818
15901
3933
17857
14305
6531
7546
12706
4055
2205
16207
16719
11172
9260
11302
718
10790
9799
12655
13983
10896
16955
14548
305
4954
13026
10752
16229
14173
3469
15309
4160
1284
9121
1196
7325
4419
8107
6390
7398
4495
10616
16926
11994
8072
3393
13813
9018
17118
4254
7858
5265
13561
11501
15752
13679
2786
7323
16663
13618
15700
8934
9843
13385
15252
921
8175
7620
14281
1496
6161
1551
10368
16005
9910
1294
9842
9907
6801
14354
2791
9558
1192
9064
15769
13534
2636
13838
11042
5958
14198
14666
16828
6289
13404
5171
17048
11306
6087
5279
16018
15141
1376
16149
9944
738
4356
6088
14475
5226
4792
8168
8610
3292
16987
9831
12220
6262
6388
11920
5865
1054
3547
11828
2272
2275
11722
4444
15327
8174
9204
11967
16843
13937
2145
175
1546
11419
12250
12970
14974
1482
16867
35
6844
17239
9285
15363
12109
4541
3159
7233
17344
16874
1587
13745
8888
9725
4451
12763
7004
14574
8343
9502
6521
5299
13421
13536
2360
1000
5964
2422
11604
9159
4452
7838
10014
12892
15423
6647
17089
2918
2690
90
17064
12217
11867
12418
8924
16108
4263
9117
16218
8614
16465
1400
5857
8718
15218
2196
10683
15239
12623
764
3923
11196
6981
4236
16323
15094
1199
1803
13355
10486
10728
1025
7835
11986
1274
752
15865
10627
14023
14375
10312
14179
8844
3421
4515
3023
17225
5885
12926
10427
156
11556
11928
6606
9795
11298
14541
14624
13294
17042
12750
4299
1333
8571
6875
7200
4386
3385
11359
11815
11391
8654
13592
13664
14814
11558
11299
16389
4119
9469
11073
16985
10435
461
4883
6444
3775
6461
7293
6288
1007
3564
9118
10653
7311
5543
9227
9099
17407
10138
16080
11595
14215
10372
6836
6427
2514
2851
16372
11661
6878
13635
817
9330
16193
684
14885
274
2094
373
3287
11756
8777
13995
13819
2353
11336
257
17006
9495
9519
11818
2431
10564
5959
3420
17124
3204
10255
16660
9991
12422
11141
16876
15825
2397
15267
8695
12753
11606
14557
3281
6220
15307
17206
5009
2357
9615
5335
17895
873
14379
15596
16753
514
14527
1033
1077
12610
14604
1445
15666
2203
3535
16238
16205
13652
6352
10152
14554
5116
13655
6277
990
12957
16714
14377
7197
10947
13852
8338
7078
7062
4061
15703
10208
11902
10650
6731
10417
4207
4901
8646
367
12631
11220
16273
4307
8237
15230
11074
5131
545
13007
560
2894
16855
657
2749
538
11513
15599
12838
16304
439
14739
2782
13533
6945
4767
2679
11937
17192
1886
6947
7836
6854
9930
15880
4296
10615
8287
13245
17521
16420
3865
5887
3718
16136
5245
8192
5643
1260
17480
3687
3620
6406
13698
10932
9116
12937
16022
8868
2771
7342
13701
11852
6000
4604
11314
12465
4076
4017
8565
15659
17377
9185
9066
15415
6627
11048
2248
10885
2334
6029
154
1615
7198
5208
7087
16131
5284
16566
17433
8746
3928
7222
12092
12321
8929
17702
93
7821
1829
12551
16482
4447
807
17201
5161
11837
12958
4212
13776
6783
5041
4731
6131
5823
15940
7213
7103
9646
4676
16740
10660
1391
1382
14728
14264
10022
4463
17245
12301
14600
17530
17495
11112
11068
7777
14472
5726
5379
8391
7670
6149
9332
13872
15623
16511
12361
5971
2444
17392
15086
6198
11906
4523
5073
1760
9346
10345
15509
15053
14815
10398
3055
6966
1570
7843
6393
17062
6623
2174
1921
7729
2878
4744
17340
1191
5115
5393
777
10808
6642
10931
9572
7045
7090
10971
4502
4330
5794
11312
6538
12612
13924
5444
13733
4572
2238
16430
12944
7559
11409
455
8001
5872
9922
16117
12860
17356
1104
4602
6343
14777
16298
8279
2355
2136
7752
2119
16954
16027
11482
16370
5429
9114
8808
9444
14248
17685
5061
15203
17527
8726
6707
4905
2538
8490
1187
5645
16914
15971
5222
6008
16612
10111
5913
5528
2943
7486
969
10487
15900
17302
7383
8784
10187
360
11957
5398
5571
3267
645
11741
15118
3114
12117
12002
7109
3830
1342
7574
267
13574
9971
17449
892
7371
16198
8328
4146
11968
10737
6708
16329
17075
8933
14964
9644
11798
4141
14360
3500
12908
3877
705
11092
9571
16035
15425
1092
13511
10757
11810
17669
13107
219
3626
15153
2218
13684
9522
14768
7322
910
10071
9970
4230
17818
12186
1458
17273
10819
15910
10171
9765
7621
12767
17832
7382
7734
7073
3892
4151
11651
15672
269
1346
17335
17575
9069
11209
14389
10982
6967
11458
4501
14911
1977
17388
7775
11862
6711
16144
1984
995
5004
7802
13409
4077
1783
1087
8801
589
10551
3858
16852
13014
8480
8320
6113
13058
8477
4073
17267
9248
8025
3378
1671
10649
12789
6880
9772
5965
13775
7532
12449
6056
16441
13939
14388
14089
16793
17296
17698
7525
14169
2603
14329
2404
4893
15705
14196
4829
11365
15715
17300
4875
6747
9839
2428
9006
10183
4753
16425
10096
13912
15341
8239
16484
4446
3649
16948
4570
1039
9686
6666
12172
16407
4434
1239
7640
1371
1017
10901
14128
12729
12716
15605
10192
13290
16886
1572
9630
8232
7936
15213
6338
14018
12052
14387
12323
11855
9698
6063
5358
4909
6626
82
13175
5209
2468
6062
4223
15052
1146
5856
10463
8792
17425
10924
12712
7389
6164
1973
8203
10740
12591
13203
13589
12254
17785
15117
1994
1064
12112
15361
9059
12176
12765
10678
13248
7190
593
17574
1383
709
141
2020
7043
3621
10125
17626
10723
17678
14127
2991
17005
11628
2169
17151
14865
17803
12064
17878
10791
8158
12889
8270
1627
11822
5937
8100
6762
4292
2257
11323
145
2540
14668
10339
15049
2086
12111
5729
12684
15974
12225
7592
3461
15891
3280
12635
9553
1195
12523
6203
8842
12437
10604
2511
37
16936
1203
5008
10079
13133
365
3016
17642
9507
11836
4911
7014
15100
2852
8437
208
4437
13670
6946
15339
7709
17742
2944
1423
8489
2336
10250
759
13636
3981
12464
16775
12156
14969
8908
8978
5251
2619
3407
1926
3658
12760
11170
15531
13921
1061
14544
16483
4126
2510
1650
2905
1704
2315
10482
10907
17844
14095
14287
129
3899
12010
16148
1603
12695
5554
1564
14798
8536
1968
13970
10951
14474
14968
13488
1375
11621
8041
1776
5624
138
8763
11811
8817
3182
8401
15540
7793
17367
7453
4493
7219
12038
7025
2999
10640
5927
12657
17690
6442
4268
3885
6892
5048
915
12181
9881
5835
5547
4049
10428
804
8482
13452
3291
12751
15658
10826
12549
6218
4825
17091
6701
7744
17837
923
4833
13630
11711
13412
12900
6400
12155
6936
12358
968
14720
10321
12012
1659
6993
3896
8361
9144
12318
11962
4624
9540
12524
17196
10788
4693
15689
6764
1863
11412
7766
13690
6071
6186
10351
3512
4217
4316
15183
6077
8945
2744
1036
16223
7764
17515
10586
16311
11120
10880
16474
6187
4242
6634
12213
17351
5735
8682
7931
3604
13829
1855
8058
1916
6470
6560
5873
5136
5128
16966
279
17037
9999
4294
10576
2649
1127
7128
12897
16285
11759
10185
6064
11383
5328
5206
4228
10731
3812
17650
16909
75
7888
16664
6292
1392
594
14466
1793
12400
17526
15646
2345
854
4231
1215
14745
12103
8411
12584
9749
6103
8282
10778
16761
1231
7155
7111
1329
10789
16959
529
7232
2071
9696
9511
8435
7700
11498
1072
8283
17850
4671
9980
4841
6228
5356
16020
10666
3743
7134
4701
16069
1090
8532
8541
10685
2564
16945
8672
6765
16658
816
844
2454
5433
14741
13808
6467
13427
15755
16259
2962
2471
12319
15868
6763
6453
139
2888
8649
8286
2500
984
17477
5991
11646
832
13377
1868
17493
10160
5790
17502
1244
2476
11345
1032
767
10909
2122
17442
9453
12898
15775
143
14219
2186
10259
13837
4539
17511
4066
10870
6516
17298
8606
16315
903
16093
17286
16
6339
13328
8533
16885
5732
2014
7126
13393
15796
391
8679
4429
6748
15246
17301
2513
4743
3119
8061
6837
13781
1935
17363
4588
635
8954
11485
4481
8669
13094
14234
9462
14514
1730
9354
10730
10656
11956
8123
1697
307
10492
14149
10034
9675
3273
13718
16951
16892
13938
5035
1350
4083
14972
5782
1282
6532
2740
12825
4137
13950
12008
17867
17403
12152
10966
13046
2074
1845
13455
10557
6027
8794
5769
14125
12470
10190
7419
2402
14276
4167
16309
473
9905
14612
17145
11586
6550
15176
7199
1076
7587
14710
948
4876
1964
14980
5243
2383
13307
13224
5734
11184
1258
12208
10645
6102
3322
8542
10240
6073
4661
3861
17809
2021
9301
10922
16639
14244
2691
5485
8909
11946
196
11803
10935
14059
6661
8687
4090
4364
3261
8317
8979
1542
16384
2987
17282
1390
11357
1323
15066
6115
8552
242
15741
9732
9610
13806
16257
10231
8092
5319
10324
941
6513
9902
10741
4034
10002
3283
13
15216
226
4376
16485
15481
13194
12280
11150
10217
9211
5361
9856
5948
6818
12032
8839
16830
6689
16310
2630
11206
2089
16535
12491
7909
8722
8887
1888
12315
17796
17237
17321
3747
634
1620
6005
16110
12967
11178
4498
12770
8686
12919
12797
6236
7919
6611
11697
15611
13981
7290
15597
320
3074
6401
16953
8215
12013
3087
16999
3508
6104
7277
16226
3615
10827
1878
16888
8525
15114
14073
1533
13178
6224
7584
1320
4248
7281
438
13467
15334
11292
9180
11966
9017
1547
7379
1201
16930
3124
387
13648
8365
9850
10335
13298
4413
7622
7286
2971
6732
14054
16709
9220
858
4143
199
15314
15452
1396
2379
5234
15664
12529
2474
2959
6492
6196
5496
14769
9429
1051
12930
17771
6931
4613
2970
17157
17599
4227
6479
16820
1132
10150
10919
13331
1412
10506
10042
15002
8619
7669
10109
39
7860
15801
16160
15189
809
6895
15007
15074
17347
11488
11258
2667
10629
15016
16028
17464
4884
574
15649
13773
5907
5414
7075
2635
15936
12725
9445
6003
5814
4782
2948
8529
2952
13834
5902
9825
9397
7906
14116
15527
13485
7498
17657
2164
6275
2550
14232
6349
10893
16993
8577
13987
6227
2608
10245
16397
11296
15210
12204
2930
13089
1762
16856
10597
16084
133
7805
9424
8913
15558
9363
10601
11530
617
16044
11243
16213
2602
5239
7329
16413
794
4880
15907
14681
3377
2486
4082
6188
1860
13513
10060
1990
17452
736
5289
8439
13449
8931
15543
5759
12933
2941
1220
12995
6340
11535
12912
9887
347
1772
4550
1742
1719
6955
6296
193
3978
7318
6827
16922
5570
16779
15390
17187
15928
4431
14992
1236
7704
9514
2165
12837
7423
3050
213
11479
9951
7827
14508
1317
8508
15784
5188
17751
11605
10575
9986
3066
1439
11597
6132
3601
11282
10301
12009
896
13376
16479
5193
16139
12717
2604
14910
9023
16393
8872
566
15855
2738
7097
15957
3448
11030
311
16250
16429
4746
12786
9215
2530
265
5943
2374
6011
4780
3610
11454
9862
14918
14024
16463
6365
8608
5861
10380
12423
11762
16398
11914
2504
12143
283
3667
17209
9702
8772
1631
16782
1530
12210
17636
17088
9209
15353
8299
8119
11607
16967
6278
1850
9762
6709
4086
9448
13765
5119
13517
12633
11613
1929
9733
1332
7312
17877
14332
3298
4488
1360
9781
3395
12194
4269
12288
3317
9038
16908
1981
3111
429
1047
13454
16268
8581
10697
746
3369
1136
16495
15772
3734
1729
7320
3270
3944
7993
4772
16972
8163
9383
16497
6285
8881
12366
15862
7077
4779
9468
11930
10837
1075
7417
11546
11062
16503
10154
7297
2330
2322
14251
17544
7226
742
8744
15304
1206
17383
12148
14872
14355
2030
10724
17333
16739
15714
9801
16157
7395
2862
10306
7144
1718
17262
12215
2262
16905
5572
17643
11102
6953
3590
9486
16243
14651
13278
13805
2618
3907
17310
1932
6032
8067
6413
14268
14593
17210
6858
8269
7911
9296
14498
852
10158
17108
15188
12034
16399
10350
7677
14383
9136
3909
15789
10212
13343
1308
7834
14423
12044
11714
15391
9684
14399
7308
2154
12383
8713
1060
3898
67
9699
902
9942
13920
4887
12448
14346
382
3651
9350
12084
3278
7891
9385
7898
10307
3886
6291
2295
4440
12131
3504
4857
3839
420
17749
7926
17843
16811
4186
5375
4888
16501
8254
16712
7864
7413
3041
7842
12805
7009
210
15102
14524
4528
2445
1905
3046
1819
5093
8409
796
17
10378
5565
8540
2009
735
9596
9300
7027
1907
1778
7643
7719
12243
7131
9236
3536
5756
7038
5201
6301
2539
9016
13736
5994
3690
2557
9039
17558
10565
15961
16078
2077
16591
2784
9075
6118
1541
17858
10222
8849
559
17881
2692
1404
8524
9093
1287
1574
16697
2499
9086
9647
11005
6264
6221
229
11506
11437
3192
5403
16228
2818
9948
12928
815
10582
10238
12095
5696
17339
9085
5834
5007
14319
390
8151
15012
3013
13064
7479
16772
13853
12952
11183
15422
12414
10289
12876
4706
17505
9784
9532
2757
1285
12001
15637
10309
3463
6952
10303
7897
17342
11972
11430
15488
10377
5914
9780
15622
16694
1288
17243
11746
10302
6452
11460
16669
3132
1591
5229
10155
10637
8245
15256
2411
7242
17696
13154
1585
8485
10887
10717
2480
13931
7680
2882
3789
17438
5900
14826
16638
7649
12634
3693
4766
15716
8756
14868
12339
14757
13450
14774
7550
12486
6716
10958
10228
2059
2192
15126
12856
2104
1232
3517
6040
11875
14503
1843
15736
14857
8723
389
14834
12868
447
11576
16827
5517
3052
1424
9679
7697
5172
8591
12212
17822
3373
7985
13382
14016
7507
13051
7910
10686
2206
1949
3571
11625
17112
8060
11622
4943
11182
14363
7981
4971
8950
2713
65
16674
6705
3647
6951
14522
2519
14983
99
6180
10446
4586
10585
4874
5950
9959
6189
15793
6357
15984
2337
505
14311
17175
3817
12734
8564
17204
5029
15893
2884
8053
6767
16556
17058
13716
17203
16508
7811
8612
8752
5227
4680
1154
8599
9492
6499
96
760
5493
10024
10157
5288
6494
16162
5028
2118
743
15444
3400
8137
475
9433
33
5218
17770
7746
5846
5684
15676
12923
11611
12555
3195
17285
16952
13463
25
8469
13890
2260
2708
814
673
9867
13212
17875
7991
8504
13375
1857
2891
3846
14105
5752
2886
13628
2834
6283
11166
7140
1824
1100
5968
12023
12062
10834
5150
8778
13162
15577
5573
3397
8462
8804
11541
5716
13238
6407
9793
5152
8076
4802
7867
3427
7798
15264
9498
9281
428
4990
12165
2798
4866
7565
985
17283
17328
6378
16240
3422
16962
4343
14283
6670
14601
7679
9820
9968
6690
8613
2775
17307
14115
2895
15229
2907
9726
17325
14901
13327
195
8178
13059
13085
16644
11768
14551
14341
15285
9105
8275
17111
3030
16897
13497
833
7218
2270
14922
15654
4664
16804
11408
12154
11682
4372
5359
1738
17652
3253
1014
8029
8609
14165
507
1335
6788
15551
11147
6874
3722
9345
3889
14309
3502
2509
16025
7031
8638
3820
14990
7158
2182
947
9950
9954
4459
9366
10983
7728
697
11659
5423
5439
861
14366
15085
2817
17445
8464
7354
6158
4999
16335
9590
2424
1115
16477
15813
15512
3219
15875
6274
8438
17412
14226
11393
1448
9629
234
2755
16212
7782
5801
16049
6265
6921
15853
2068
11287
106
3247
17401
4644
8295
15650
13609
5130
6786
13171
11970
1995
1873
7506
11053
2362
13760
13110
16801
13821
4677
4593
6923
17778
5827
15993
8419
16805
3993
5340
13720
16649
4096
15680
17483
15627
244
17184
16839
6345
2841
846
6525
12638
7174
17423
14532
7385
8278
5733
17456
7604
7566
15575
5030
5157
14613
9372
1193
10260
10779
14307
11643
16204
3340
7597
6753
5847
6617
10184
12989
15618
6804
3511
6695
17611
17405
3904
13390
14080
10722
316
9550
7737
1469
4381
1006
14136
13134
10476
11275
2049
1368
6403
4397
2800
17730
2860
11028
3286
11800
6282
5448
1470
8880
14155
4533
4646
13659
15454
13656
8951
17883
17759
3824
17509
10849
399
11438
17629
9963
16750
9664
2247
149
14546
5362
5536
10414
11832
255
7015
4513
1963
10881
2117
7748
8977
10753
13383
8003
13337
8964
11308
8106
16854
16698
13220
4831
3561
15485
8000
3715
16445
7626
16186
10571
6544
7444
7578
17817
14816
14145
13179
2857
15744
10282
5911
3495
7470
6996
12640
16500
14525
13180
8204
11325
9394
1286
8970
6350
1974
8306
5217
14569
12237
15262
7245
13439
13275
1748
13678
10805
17147
12248
11702
13123
1566
1640
4924
13100
8388
3705
997
2075
15619
6080
1149
17848
3135
6851
1851
17038
10180
4072
3100
17863
218
6766
13484
13263
8414
626
15225
5599
14237
2393
17890
1607
15288
3549
15459
720
1534
6434
7633
13792
3354
4959
13616
14692
7178
6281
17368
7885
16354
13268
14749
11726
5753
9161
3920
12782
17804
16411
1594
17537
10052
10466
11054
4524
11592
17741
13118
565
5578
3787
6925
3613
2615
9443
8244
8424
16836
9188
17811
12222
9399
12548
11260
16290
10012
17640
13384
15643
3085
3236
15877
17492
11119
9619
3194
586
14977
9787
11060
11561
512
12527
9286
478
7346
6597
1666
16977
7490
14851
3501
14894
1316
15077
2197
16637
5588
16758
14137
2047
7941
10559
403
14076
12641
1257
6965
4590
12719
17616
9359
14493
15684
11499
7682
14231
1275
40
4026
2354
12106
16528
16360
8293
12796
1171
6364
710
1675
4817
17031
11761
7205
11429
10573
11295
4089
11587
2939
14228
249
16940
15096
13861
1110
12575
14610
12446
14529
204
15338
1324
10078
7030
3033
10933
17028
5248
3279
5679
6672
3749
6159
11905
13824
1337
5623
10712
11983
7425
7079
17086
3737
11880
17774
6250
15954
7742
7028
1120
1162
13034
12902
11854
12453
14225
3475
14543
3661
11614
2748
5411
14457
10562
16605
9812
7598
9581
16249
13244
11645
4361
10283
7922
8182
16343
3757
17724
17373
1625
12378
3713
904
14712
4278
14013
1003
13259
12259
6635
9524
6449
16675
4988
7747
4393
15675
11106
17432
3260
2934
13243
15925
348
12015
13593
9304
16799
13967
7618
5667
8336
5436
8078
15584
8266
13791
17238
1479
14478
11569
4138
6344
12099
6076
14500
6840
13410
9400
4054
10987
12513
10842
8014
11616
576
11354
17001
12598
5521
13541
6447
15308
2719
5016
14153
3943
11827
9633
284
11194
14449
9353
2951
14955
1596
7908
3246
13389
2150
7895
7555
7483
16170
10127
16707
7638
8026
3897
11470
6007
3265
9829
3196
10455
7059
5166
9847
8694
14430
9803
15372
11047
12585
11886
682
11796
1652
12980
14698
10950
29
4996
3783
15127
13894
12820
2839
2037
1567
10349
1629
14068
4367
13585
6759
8617
11045
6712
10643
8882
6185
2137
15184
4932
4845
5165
14535
11395
5685
4172
15261
15735
4861
4154
5484
5785
14000
7994
4633
5185
6052
13271
15232
6777
11841
15562
5714
11716
8837
6017
16016
5380
6832
1758
13707
14653
17694
12267
7274
16995
6128
8705
3735
13882
14100
6997
17277
12888
10201
6700
16256
530
9785
13401
14460
3736
3315
3106
1823
11399
4820
13856
12852
5690
4109
10469
14594
6190
9194
13483
4697
13176
17756
1552
14246
4056
6001
5583
6596
3802
16568
411
4443
6347
14656
15991
14279
2831
2464
14101
10535
11543
1822
13130
12509
13174
9158
13361
1056
17618
9735
7279
16725
3785
16058
913
4913
6665
15762
3222
7930
10009
8602
11840
7125
5445
12951
2139
15494
14536
8145
9569
4262
6894
17386
11772
1727
405
11
10825
5519
2777
3516
836
4822
3989
2631
10716
2561
12139
15404
1372
6853
3507
6910
416
14010
1511
1705
14039
13903
11161
4516
5870
6171
526
3423
10817
17222
11869
14960
16615
9068
11915
17872
13062
15803
1442
9946
1102
236
1521
16956
17311
9584
8128
251
9259
15827
7826
1103
8408
12386
7064
8604
4611
8879
4764
4535
1118
2296
9833
1367
11023
14735
2440
16946
11294
10015
7194
12411
5688
6656
4582
14537
13341
7865
5219
8009
6065
1343
16762
11973
5514
15679
11283
14140
14897
11264
3560
15970
15151
14008
1200
1334
14416
5597
15526
9057
8807
16154
4994
3960
11072
179
6030
4326
5719
2680
10323
9067
5327
13963
12246
5296
12070
16808
3957
8381
14469
3997
8045
5333
8194
4235
5774
10556
13052
12428
1893
745
10543
14223
4925
13424
14119
9338
14181
5477
260
6363
2877
3445
10340
6144
9579
13070
10908
16890
16235
16696
14835
2805
4710
11214
11043
6843
2380
14103
11847
13677
4545
6648
13803
15221
11210
4591
15598
11736
4543
8676
3310
7875
5619
10677
4270
17312
8155
10798
15931
3241
5211
991
8440
9652
933
8066
17427
2125
12352
15300
8796
17594
5877
9391
5002
890
15436
12133
612
14163
14069
2202
9875
1341
8356
8240
5162
4838
17707
12115
10343
14916
5664
8330
2502
10381
15197
15316
17369
14044
1788
4411
2808
3921
8712
16169
17060
1034
12785
10313
9708
15519
17379
17862
17649
521
16079
6105
398
7845
7509
9037
3466
16895
6543
12494
17422
14373
568
14427
17085
4193
14492
15427
3380
9837
10714
11235
5107
14582
6454
17358
17619
479
7468
648
17020
13801
13542
16869
12915
9134
9712
12879
11344
16415
17613
9731
3800
5395
3126
13579
12903
15413
9563
1175
2409
1295
414
17150
11462
8030
3347
7249
17606
16258
15026
6341
3054
13711
2416
2378
9936
10403
6135
12252
5600
15092
14259
14803
4776
11310
11379
1290
10271
698
5889
12241
9199
11242
6877
2146
8101
14621
811
3323
15601
1623
15241
6002
4940
12211
1045
17294
17139
17639
14838
5550
4338
4237
13213
788
13762
12151
5019
17712
660
6093
12333
7881
7974
9914
11901
6082
524
10489
6451
4803
14965
10234
11694
14254
4786
16127
1527
1967
12049
10470
9000
8048
6932
13907
3878
17795
2245
9307
10456
661
15711
10606
14048
11363
6382
6484
7024
9457
10405
3226
14611
14952
10578
10579
14444
10859
14159
2112
1202
3869
1009
14243
3720
8827
13457
13120
10425
11339
3845
16453
12306
9604
9695
3304
17805
10784
4182
8635
6927
4577
5336
14843
12481
17004
12604
6259
6911
2309
11447
17169
11450
1722
7907
9255
144
11114
102
3660
11960
16686
5957
9314
14310
51
9924
15090
12644
9271
8475
4630
762
16003
332
5673
13578
3388
2674
3975
1816
7966
2712
9152
10782
1355
12822
406
4249
808
5884
13691
5159
5579
15794
54
11991
4387
10488
16573
1826
1744
771
13960
5564
12149
13031
441
17264
7426
8221
16024
10632
9410
10619
6813
16322
2910
4900
8059
14686
15941
6614
3833
10654
9965
11385
3433
5637
325
3990
11577
16184
16341
16056
13163
7332
14743
477
13623
9737
1116
12896
11527
726
1520
103
15174
7466
9838
7094
8326
7596
636
15890
8616
3486
285
12932
3115
16906
13667
723
13155
13345
10898
11239
15816
7883
2266
15450
4424
5490
3227
6024
5031
7206
2802
2400
14748
7112
7376
17725
1814
16781
13898
7874
12816
11037
1438
4655
9478
2579
5392
4260
4486
12349
13562
6933
245
3954
2837
1057
7770
5303
4370
10440
14414
2700
7475
1495
4506
1297
15250
6273
8543
1779
1569
11748
10449
10165
5778
4290
7061
11050
7771
15455
465
6776
11362
17780
11049
6098
5591
4306
11231
8782
11602
12849
11559
10500
14174
11735
17560
13124
1170
3569
14151
12534
7916
9691
10801
10620
3024
3488
8890
15199
5832
13906
16123
6485
8218
9056
14154
8152
1934
8754
1756
17819
6252
12545
2725
6905
12348
15055
711
13193
2990
7390
973
10855
3101
5342
13721
113
1125
12899
5537
410
13744
15296
6424
326
12484
13782
1237
2774
27
7053
10355
2407
10593
13978
3478
9168
4378
13465
889
11321
258
15211
15933
16832
392
17397
9593
8773
9201
10054
11528
6375
1712
15044
6973
13702
15778
1078
10858
1927
3457
10984
11919
1185
12141
2953
15412
12362
15843
2560
1881
2507
2131
6507
7689
5992
10175
13069
8455
94
3575
7508
17271
1155
548
6230
11091
17579
11010
15244
12859
17681
6713
11780
1497
7288
14187
6176
6437
7675
14662
12554
13768
6334
5532
14476
3544
14641
12387
2399
15137
2926
9962
7951
7264
2681
16979
1515
14579
651
9459
4275
5311
12847
9943
7260
3963
13883
13699
7116
1789
15546
4694
5355
5045
16034
16853
11285
16013
10623
3229
5806
2794
2135
13598
1505
221
6195
17841
14029
12556
11876
1369
11942
11143
9262
6580
15842
4890
4968
6117
11342
12219
1449
12795
1696
16519
15923
10073
15834
13555
4926
15482
17506
10412
7647
13378
15302
7110
14547
11095
7463
15080
10130
6478
11020
9704
802
1553
7391
5708
17096
9473
15310
9002
8450
1809
13182
5158
5416
14222
6522
16202
8167
5780
6172
1221
16889
16634
1070
590
12104
5247
7243
15458
2693
11428
15593
3856
12766
15681
5987
17745
7975
12101
17541
10884
1578
8941
5941
7530
12442
9193
5686
10531
9228
5427
12311
9148
6412
5731
15020
5874
17359
70
5557
16850
4033
4233
1433
6721
4453
16654
16523
400
13446
15354
9335
3874
7605
12561
1801
16334
9682
6887
7505
571
7356
5467
14792
13226
12434
1161
17115
6906
15580
658
2737
11313
14079
5654
9741
13932
14391
7184
4322
217
4970
3105
8064
1486
3970
13764
1595
9357
9420
5080
13264
412
17136
498
3244
16277
5928
15028
1062
9773
3664
16115
1798
11504
6317
12802
8563
11431
5505
14693
9964
15457
4686
3918
17065
5945
5371
15091
13332
11917
7449
3913
11732
12939
14216
17812
5601
15556
8089
16785
7302
6523
9874
14031
3875
4220
4605
4051
225
7945
6153
6389
9513
9562
4973
4473
1498
2433
9477
6579
17231
19
722
8998
9805
5893
5099
3702
8883
13498
1466
69
13863
883
17374
1313
9701
9527
16676
14998
907
3806
5621
14235
13705
12114
13235
5892
15144
17268
415
1166
1226
9076
5460
5079
12130
17316
2898
13897
1403
1157
15914
13357
5117
7953
2188
12251
3772
14979
13518
3157
16299
16693
11329
1971
9727
3709
14753
6429
73
7026
8371
9325
9063
9499
9506
2152
17623
17126
1557
17076
7949
15030
1490
17831
12029
14707
2810
1808
16070
3143
6037
8766
14130
11492
4881
12648
15514
5858
2483
5567
14107
16816
4407
13145
4687
7258
10496
11113
12510
13519
15330
12985
5890
15738
16282
2031
10020
14185
15038
3199
7757
13475
8120
189
15224
14468
8426
8423
11144
9800
17382
1050
2144
12086
14669
959
7569
13039
748
14510
17390
11751
10783
10638
3447
14689
2103
3193
4632
15950
6591
16206
5634
9009
5802
8172
5012
11631
15410
291
10807
5510
9555
10841
13613
10232
492
7231
6912
11349
17317
12965
8441
15105
1198
7923
11186
2384
9490
7469
13464
8962
11948
16362
12495
16898
8432
6324
8335
10566
7042
5142
16623
16734
6963
14994
8236
5661
9
15125
10221
2512
12193
7699
11728
11118
9632
16517
17431
15588
6942
6212
3606
4659
13799
10874
4019
14841
12590
1677
14134
9689
12758
2005
9370
8191
7450
6938
15082
16942
16512
16417
17276
10770
13320
2277
1725
7394
3707
2308
2842
2964
13230
14394
16419
16103
17188
2011
5450
11826
13632
3443
12450
4718
9538
8579
1866
12853
7229
16978
6572
9718
3036
3331
4215
11245
3632
2525
1641
4540
9163
1499
4947
1611
10247
8826
1668
9096
8300
9101
13600
12123
10926
16153
508
4169
9348
2577
8813
9187
1639
11781
8509
15145
14534
13557
4751
5331
7403
4201
6857
15165
17871
15490
17572
14751
10995
1453
15927
12492
11471
8553
13170
9729
11690
1568
8840
14271
5816
7832
6200
7461
12618
7870
11572
5126
3131
8118
15344
452
10072
4494
3072
6495
6276
829
17680
3657
6235
4678
12679
13403
5894
4648
10639
11297
5908
3102
1846
11793
1657
11229
2465
11808
17218
13079
15164
11277
15977
8312
12444
7386
2054
10899
5707
17638
11687
1463
631
10043
14092
155
14277
5415
9770
9282
4285
3313
15324
100
1951
10075
17190
1662
9276
16293
14778
16767
14553
4708
2153
4658
11465
11516
5709
12232
9409
16815
13688
3480
703
15723
15686
8659
16902
2747
8098
14746
3095
15883
15383
731
8274
5377
12943
10439
2814
6310
11617
7540
11913
13809
10248
15636
5925
12404
7445
16431
14939
539
8392
4095
13283
2055
15921
4
5109
905
12340
16810
9137
14879
3492
1027
14442
11317
2408
6669
7173
11251
2668
11521
11598
10592
14156
8702
11660
6883
10540
5366
8867
12890
6971
17263
755
11266
6752
8568
5050
14507
15319
16269
8051
1979
3180
10272
1211
16340
462
3146
14587
7859
14644
10053
837
5337
12178
1608
11538
11533
11807
16392
12746
13545
9013
12707
159
15352
16239
4466
10031
12160
5999
1474
14930
592
9377
6026
8690
5221
10097
10223
14097
9476
4868
1543
14450
3518
6312
86
1563
15887
2823
2187
5951
14827
14212
797
6725
14893
16729
3217
1581
11779
715
7893
15779
230
2628
14432
13851
10204
16764
4716
11224
7465
9035
14186
16376
16156
10448
3642
6410
3399
14384
13568
11579
5713
4000
4738
5369
7512
8403
13731
12245
7776
200
3537
16387
12167
10319
15726
5307
4375
15414
2375
13737
6760
8434
4427
8214
1600
9899
7353
12144
7239
14938
17215
353
9904
572
16784
4496
8874
10118
13493
8302
11949
13144
4455
3174
12713
8019
17891
4937
17635
8647
7586
17137
10325
8824
11777
11536
17320
2822
158
12056
3776
15695
3695
15441
13977
3031
5750
14257
6256
6409
9257
16167
13621
8748
2242
11360
15370
4328
12447
4347
12525
3272
6136
9342
15134
9160
471
647
13588
7735
174
3218
15439
9845
15104
12663
17736
12142
10736
11911
6585
1214
5754
11024
11055
15018
16224
15626
16120
5776
9955
7784
2324
643
7878
12831
16790
7104
9181
13873
14437
13338
1464
953
12298
8757
9326
8780
16880
121
6416
3679
7511
875
6792
11635
7096
8099
1164
13904
8560
10726
2370
10904
8461
3847
17720
1410
13625
13514
15099
5304
14177
8976
17052
8834
8666
8875
6373
14566
7997
10357
312
8222
8310
12374
17122
9200
4492
827
350
7008
4987
13102
31
14218
13867
6651
15260
17522
2442
7485
2885
17099
10336
10008
8505
1447
7774
14081
6395
17683
4618
9656
3212
7925
3048
9890
15037
14220
15209
17752
11125
1289
9268
12592
15949
5647
5939
5145
13137
7816
14382
1508
10161
10925
7995
14702
7000
4462
3557
16191
6860
8390
2114
6178
1517
7003
7690
13956
6920
5614
3239
3303
11156
4504
1749
1986
10812
2450
1761
7769
1703
15661
2904
11750
14995
8528
8760
11077
7871
7613
8603
3798
5364
3094
7688
10977
15326
7270
14839
17441
13363
1743
5804
2088
13951
4183
7761
15501
12950
7754
6961
3382
10003
8729
8166
16288
4532
2682
10911
10648
5947
4691
5760
11155
8904
7433
17163
11743
9104
2235
10504
1709
5608
16364
12652
5843
12328
12705
8038
2703
3646
12480
15747
14690
17219
13949
2042
15523
3519
1273
2624
16434
14966
13976
43
14352
17143
936
11903
15639
16401
13515
11065
4161
13749
8159
7333
6391
6396
8517
6510
6641
14852
16588
15537
3612
2662
5851
6787
716
4117
17501
16313
9723
7152
2364
10236
1714
553
6438
13639
964
1612
7372
9352
3761
4544
8444
11562
1849
17584
8129
11105
11760
388
10102
13060
9048
11788
13189
15578
8721
12921
4062
4408
7595
12971
7753
6755
7812
17897
12393
9549
6561
1673
15249
3460
16861
5656
7527
4616
8430
2231
17212
9614
6797
14351
2984
2652
15899
11778
2578
13964
9700
12503
4662
11871
11941
6649
7715
7673
8957
16595
13425
4405
13802
13641
7944
7556
15128
4360
17128
3009
950
14338
3844
10076
17207
9745
4449
14411
12874
10815
1769
13267
17165
5974
5975
3674
17287
7180
10366
4500
1426
12226
184
9661
2256
9373
10454
11865
632
3264
11512
4005
15217
5140
12286
16438
4668
4282
5343
5518
1261
3836
11198
13156
9639
13422
15838
4222
11795
14247
10877
14035
3956
11146
3644
9761
6547
3546
14608
17029
374
10695
9102
9109
13472
11003
7616
10595
13074
14238
7666
17216
12570
10167
3850
10797
11311
16408
13528
1359
12732
11799
17548
8056
13919
4412
5535
2565
7646
5420
15822
8377
14871
17766
15270
4418
7165
5836
1184
16359
12118
6998
7534
14659
17305
835
8983
17860
1689
3987
624
7684
4998
14263
371
5878
3540
1330
3338
12528
4853
8767
17793
1437
7619
2580
12577
11532
11785
2768
6654
10164
12966
16039
10720
8170
12441
9760
2706
5111
7411
14517
749
1919
6511
2326
14680
224
20
3704
2067
6133
15774
16428
13876
16717
8271
16286
1303
2497
4517
10517
2647
16530
8301
9055
13918
6472
13612
7365
26
6376
2252
14121
9892
7884
2847
8652
12851
929
186
6715
9908
8171
1554
7074
6014
15976
2066
10084
3187
1279
272
5306
6072
17025
7632
2659
7582
16345
15154
12016
8372
10860
14687
327
3274
3285
11026
10872
17887
13207
4824
17057
4856
15200
15033
16545
7615
13619
3771
10142
13516
1797
549
6290
11998
16342
9811
3760
2343
5506
17030
15171
4327
17014
2305
6101
5268
16834
13735
6736
13975
15548
7393
2102
6791
17074
11100
1669
6431
17353
4804
1153
3786
8645
15254
13433
10179
4191
6667
7189
11686
6085
8793
11370
12628
7345
12182
2734
10946
12327
5932
3479
8640
944
12843
13843
9992
12420
3256
3593
6092
4519
13965
3871
11152
16510
5905
15251
9224
9195
14458
4399
6099
6728
16087
5697
13206
10706
12197
1694
10993
849
14078
11940
9880
2928
13153
16300
11982
16798
12916
5795
5869
10816
10353
1388
14091
13015
11401
3321
9164
16356
5542
16404
646
13868
10696
7415
10077
9926
3093
14428
6838
8655
5541
5682
12532
1242
16137
6702
8710
17185
15576
16776
7432
117
12771
5507
16082
2809
9404
7939
9028
165
15392
3995
2848
7451
5120
10667
17462
17127
670
13346
5049
4206
8020
5367
8583
9463
15280
14290
3721
9494
15147
3006
3084
6984
5230
16677
2377
4640
8353
6440
5751
2992
11364
3372
2251
15846
11084
15072
2945
8190
9251
14345
12559
5586
14330
8905
10010
8346
17896
810
13109
3360
7848
2209
1319
17490
3462
8918
6223
2199
6559
5627
11791
4578
3710
16857
15497
13695
15493
2868
3906
13712
7553
3523
14657
3838
6657
17398
8443
6138
8143
5792
4886
7196
12774
12283
14072
4251
2048
17451
5738
15648
14874
4620
6125
8077
17823
11758
5906
15662
13814
1966
14705
6865
9953
6646
8196
3015
2599
9774
12041
6972
13902
13279
6940
675
4810
9454
13186
4842
9987
7602
5612
2726
702
4406
3969
10865
5339
7034
14631
14848
3662
926
3583
15442
3837
16232
1601
11770
970
448
2063
5990
6069
15632
3738
8790
1189
2418
9449
15906
11500
15641
11582
14719
120
17827
13870
4862
13169
12021
15884
13549
1443
13192
8261
839
14207
7182
6847
12296
16613
8688
1526
12334
13807
17011
14856
16604
17479
15373
15958
8318
16968
9884
11782
2166
15277
7151
6121
2325
3541
17253
16307
17628
4373
6012
8812
14513
13197
10068
13660
15257
1716
13280
17454
11261
7387
8304
6443
17525
17889
9863
11685
14677
7899
14486
4150
12121
10702
7350
2761
3154
14049
162
17119
4147
4281
13444
3843
16818
2478
5402
16837
8901
8488
11580
7965
12676
13147
8572
4032
11540
2080
16741
3533
15668
443
3580
2977
216
16089
17288
3010
9003
4923
9503
1634
12332
1494
6300
10438
16175
16114
5212
16682
13302
12615
14168
1145
6957
8982
9329
10146
13019
10178
8866
11539
13605
5491
3097
12407
17244
13891
13666
8783
6366
8307
4320
2683
8256
11011
7068
10773
15135
11096
9677
10867
5700
11319
10141
11104
3458
15633
16673
13262
15678
4760
5819
8185
6446
16383
15591
342
15720
11078
2714
205
12368
12326
12715
4106
3454
9226
3232
7163
2116
11792
3061
12877
6644
177
4140
11801
12377
7032
12262
11456
878
3060
14255
10960
4059
15864
6856
3991
14
11753
8980
9736
15268
13968
12721
14842
14760
13936
11477
3915
2318
11038
12788
17228
7494
4846
6509
8615
10235
1805
4837
2620
8730
5986
3290
13546
15567
2973
7837
11933
15742
8445
0
4454
7287
13909
11202
12382
4415
16211
10980
5410
7241
16189
8665
16181
4432
1044
4214
13023
2767
6738
14390
3027
15366
11629
496
17134
5238
1592
7504
10137
17435
3007
8147
17691
6466
1101
6594
250
16178
12694
11817
8737
14649
8209
6323
9706
8939
12294
11439
9557
16844
503
13304
15533
8260
17061
7023
14822
7310
13986
7265
7624
784
16053
9047
8375
10713
1759
2605
3363
11921
3834
10594
9333
2461
3190
12320
14129
4865
16260
7869
2850
4538
2586
12621
201
2646
4035
14956
9876
239
8815
17318
1978
3902
2390
9935
3248
14317
11740
9321
7273
8448
11581
6192
8989
13353
1908
11548
6977
6601
12471
6811
11858
2448
8262
8110
15528
2981
13982
556
11630
7407
7786
4081
9120
13129
4189
17789
44
12310
12214
10346
7591
9676
3028
5474
14804
5197
10670
14325
13003
15564
14545
9471
4592
14230
9115
12253
805
5509
290
16534
4872
3282
7725
4354
12033
11009
4175
10829
14400
12166
11889
7833
12911
12467
13166
9585
17017
8164
13473
6268
16756
4018
9556
16487
9823
993
13055
12521
6505
14497
13032
4625
8570
12520
8922
10426
2167
2208
17846
11101
12790
15322
12375
11864
15505
16887
790
8205
12875
16265
8267
15031
12678
150
6554
13135
12039
4075
6142
14131
17107
16921
15608
4304
3179
15952
11813
667
10903
7020
11773
14446
10464
9573
17687
7148
5381
16937
17292
4748
14626
925
1892
14603
516
11648
12460
321
3553
5085
16215
11615
1488
14725
10330
14967
10981
7739
15815
3992
10522
6675
1019
16796
6826
228
14755
2176
5640
5052
13627
14790
14122
6730
9705
2864
7092
8987
7590
8733
8249
7330
5400
11990
6084
1209
13216
14064
1922
1240
1485
11633
14708
1897
15318
5005
7963
13196
15343
17737
2261
14113
16903
5662
4935
2269
16337
3586
14598
15430
10570
5631
1481
2815
14323
15355
4421
1589
1794
9861
9967
12399
7331
17044
14380
1302
8398
2391
13445
10917
12756
5860
2666
4088
1887
12567
7477
17304
4736
4985
10766
2369
13766
8124
1174
988
13399
4286
14729
227
1264
9480
9740
4358
13187
5424
4115
4809
14550
11031
8838
6534
6577
16007
2105
6930
9921
7780
3803
1416
9277
8958
11381
7717
1523
6211
12642
13740
9605
15356
6439
14645
9796
3231
655
14683
12108
14932
14316
17223
16062
7583
15411
14385
3515
5170
119
16060
15398
6950
8549
16646
13573
12031
4008
1301
12307
11162
12231
15830
1271
15273
13754
15083
12565
13675
17389
4460
1111
12051
10447
12202
17821
13303
11698
4469
6162
3758
8727
10001
12456
9182
2010
12185
7852
16244
6191
7691
11405
6586
8017
14397
5555
12522
4551
6500
10550
7054
11705
14724
16475
9815
7159
14120
4635
5082
17845
15981
15630
11503
504
5680
15729
1624
16287
9539
4713
5854
563
11707
14706
9853
4105
16789
3207
17226
3116
13822
9508
13092
17714
15299
7225
7829
14344
14531
4995
10856
394
9189
280
13351
606
1617
14824
13759
16176
2922
15061
2654
5087
9284
7081
4707
14825
10362
5617
4847
4730
12169
3025
6097
11674
14440
10344
8878
2766
16699
15557
9834
2081
16559
16410
8341
9054
5523
9191
11415
2327
3419
2434
2472
15966
3134
812
10711
16723
9625
11163
4325
16418
1026
12057
16077
9266
16447
17740
1938
16891
5953
10991
1880
16814
17859
16314
15113
2724
691
3883
12806
16368
1672
13703
8658
7693
16424
501
6457
5784
2873
17788
16825
15331
8575
12180
14017
17607
14558
4022
15698
5473
10275
15438
8668
2969
12198
109
13370
14161
17729
17715
12035
7185
17205
4805
16336
8095
14138
7665
5447
603
361
1108
2271
10875
15311
11217
6849
48
10628
2983
7866
887
10011
8186
16349
8709
1213
5694
13614
3543
6943
13349
7820
13287
17533
5184
15446
5472
16715
2867
9894
4978
14635
2003
15323
666
15132
4953
10967
15628
467
4315
12653
6379
15811
7283
15500
7363
17503
11522
3976
13631
17838
5190
470
4811
1107
16544
10591
3984
12651
17543
17418
7526
7135
1651
3083
13538
3778
9836
12918
9662
11039
10895
2171
16770
15674
14917
15456
1538
2198
13311
16306
13379
7938
1454
5799
8065
17010
1577
14376
5373
2441
1141
6581
17191
8091
2854
6841
13288
2034
9860
1987
9356
672
16742
124
8285
8104
9637
12128
4314
17083
8716
2065
17489
17508
14913
14253
11373
2060
1460
11848
14675
3714
9489
15283
8376
9755
17095
8755
16472
6551
15180
6486
16499
9994
14491
4159
14252
12385
16994
16561
10467
8519
7800
1579
7636
13958
12061
8567
9813
5960
7850
15287
10018
6309
14190
6622
3522
469
3171
12314
14301
4946
16859
1243
16809
11720
2591
3302
3578
8861
8829
2754
17024
13928
10762
4702
14591
16711
4969
3
4548
4385
10243
3769
13959
4984
8386
5864
3677
1790
15122
16219
16700
5966
14509
3117
13795
12335
17416
3641
12501
15644
16609
4379
8117
2739
12048
5037
6825
13543
8902
9990
3699
6552
13551
7535
13360
8897
7585
3654
9074
11658
15951
13291
9915
10278
2820
12990
337
7437
114
11984
7493
16373
17050
3063
2709
14539
4323
4719
9442
2013
4754
2083
5255
12886
17868
6257
2113
14900
11328
6459
6130
14526
4863
3692
14494
7855
1565
12426
16788
1656
15660
5281
5446
8165
17556
14904
9343
15156
12884
9748
11301
16095
8021
7303
10636
9305
15525
3410
12230
5431
11639
1475
8179
11952
3570
12196
2633
13847
12530
17194
6385
10000
12907
2730
6852
7706
17364
2064
4899
12066
17045
8822
7100
9775
12036
5526
13251
4107
9545
4287
160
17718
3826
12499
2556
15713
7244
3251
12761
3670
1844
6474
5931
9027
8406
5413
3607
12737
1940
15731
11978
15920
14002
8472
5294
17695
15198
7659
30
16012
4638
7285
11724
15938
7373
14764
15006
15541
14484
7599
12228
13531
1183
13622
11094
9613
4057
87
2492
13191
3650
6583
4036
9089
14426
8400
683
1923
13671
10838
10136
2677
13746
2348
12255
2623
2961
6526
15263
17842
5466
6859
6270
13842
3973
11776
8303
13596
5603
376
1002
2372
6426
11953
7721
2872
14578
8803
2281
11594
13093
8555
3730
9434
644
7114
2826
1833
6241
1597
16923
9032
13116
3525
13011
9142
10181
10241
9509
6369
4377
12724
17670
13692
12302
8140
16990
6362
2897
1417
5385
13988
10341
2481
9169
16451
14954
4333
876
8054
11534
8012
9451
16135
3056
17481
15088
10888
16333
2415
2155
17156
13914
17036
7047
12731
7954
17773
13831
7561
886
7460
1865
5309
5918
9515
8224
12909
15076
7614
4298
12082
11971
413
5020
7149
5133
1089
6060
5755
14464
8651
8093
14393
15220
6233
6170
9283
12157
4826
1421
10777
12917
101
16468
16262
4241
9900
14866
1345
2129
2675
16159
619
9824
2787
11176
7882
15780
11670
11109
13101
6146
11730
5010
1020
16292
598
8156
10477
12962
5192
7718
17651
6798
10747
1721
14944
9504
11887
7476
7146
5298
6156
4085
3039
4794
2570
10462
8930
9452
8370
13645
12754
4362
4133
2923
13726
6370
12969
14688
2412
8062
4165
1134
3729
15124
13570
15881
16931
1105
12854
10882
9488
14439
608
15651
5962
2583
15021
2300
15702
14197
8138
15433
978
9239
14034
8040
11993
15464
13567
14925
12028
12390
7147
3767
781
13727
1681
4392
11814
194
4125
14963
16132
11523
5681
1524
1299
11568
2788
7223
157
2720
10890
8075
7050
1965
6866
5955
7084
8233
11713
11996
14945
1904
1706
11067
10191
10166
10258
17265
3065
442
5740
6769
8774
9438
13088
17461
8169
59
16473
6737
7957
2358
11717
3900
7656
3638
13560
9612
5866
3409
11802
11269
5322
4649
1217
5845
16751
8751
7375
11830
14046
9320
11897
7978
7447
222
15367
3178
10590
17684
15057
14597
1436
13486
1168
7980
271
16043
14141
1993
13610
1012
16444
11093
9012
6213
16688
490
12617
6468
10472
11764
1208
1446
17448
16437
6794
13369
4489
5026
8985
3961
9766
8042
11591
588
4669
10430
2347
12582
15665
13221
5817
3916
5797
2000
11938
11111
11225
3070
3627
3551
68
9150
7438
6607
16350
3827
17893
11497
15640
1746
4442
6562
13576
12025
15837
6034
6615
14802
3882
10552
12269
1177
1418
14452
212
9575
2576
17706
5417
9124
3297
6167
16728
3175
1645
15924
7915
12350
6342
6542
5113
4124
16200
3203
14087
8047
10465
15001
3089
5773
17622
12603
730
8833
5108
4094
16021
17402
9643
11944
12798
407
776
13629
2058
6106
16964
3113
4380
2142
9865
9783
10661
4607
7118
14501
5345
15768
2705
12209
333
15845
5963
5598
17518
11013
1976
13654
6668
2312
6636
17047
7248
1955
5102
14412
12074
17102
6049
9491
13250
2495
17532
15942
209
237
13811
1996
8422
3295
8039
6279
16851
7041
12395
4179
13980
6173
1254
2866
12526
2968
15515
4828
1962
2320
4727
11892
1123
14801
3723
3161
9591
15594
16166
12711
16635
13215
7188
10395
14833
5538
5270
10964
8308
1142
7347
14595
7724
3342
8876
7521
17324
4510
4952
10038
1491
5967
7170
16656
5920
1420
6258
9474
7412
10385
7935
2863
3599
7037
396
12557
9428
1229
15266
11493
7523
11244
10101
14982
17249
17631
2035
427
11300
14799
9098
937
14170
167
10479
357
1667
10719
15602
9392
16873
5151
10383
42
12931
6445
9697
8453
2073
1478
16498
10468
5625
241
8693
16733
7851
9690
11578
16822
9138
10418
15932
2027
6174
9528
4346
13242
9849
13945
8410
9893
9896
3168
17419
14850
1861
7608
5202
14353
368
779
13552
1066
12175
10754
9598
7228
1610
9752
3446
17348
7440
15973
83
3165
8004
8342
11396
7428
12960
4574
11677
13131
3425
6306
9092
12674
659
17777
4711
1041
16651
14738
15730
2371
2811
6081
14094
7462
17399
433
4894
9688
633
7301
3542
15770
1069
3453
3972
2516
1836
13050
15685
8900
3003
9091
15581
8294
2180
11725
17182
16388
15522
16371
1859
2304
7549
14959
14895
246
1130
17577
10139
3807
14288
10371
7145
17023
15417
7481
4476
5060
4944
9475
15818
1708
17117
16925
2758
17384
3275
6979
8937
6727
1537
14441
11346
880
8357
10267
9617
2237
3099
2350
11870
10533
7456
9322
11008
6809
4243
485
11583
8823
12999
16703
13797
12583
3497
611
17334
76
16777
10962
13899
2126
8789
12500
3732
1374
765
4289
7427
10144
8573
10641
16529
13785
6706
9757
3681
951
1692
12547
14150
6815
2019
3623
5353
11452
17275
10854
6015
5043
4785
7720
16506
14756
16835
9961
11056
11624
7011
10657
9198
6184
17866
4821
482
4938
6249
6833
6475
9648
6294
8999
1311
6321
16026
11552
4651
4300
11187
4761
4739
16515
3206
2070
3396
14986
1628
12748
10850
7844
13266
383
1754
8527
2845
1872
2752
7186
14282
6405
11975
2595
4742
8288
12882
2558
4729
17069
719
4770
17361
17395
11307
17261
3919
4039
5956
4580
1365
12282
581
17565
14205
10461
4685
2899
8230
7529
12105
2143
6806
7524
17586
9312
8919
9512
9294
2627
2225
938
17813
9216
14374
4832
16520
4774
6245
6743
5829
14890
12124
15600
14038
9888
6046
13161
15787
5904
8981
17701
16081
10936
12832
5341
15394
16883
17497
328
297
3514
13539
12258
8360
5098
3700
2876
7369
1688
16773
6882
12304
6263
14619
3464
1691
2626
5929
13818
3805
535
11386
8680
14625
6673
4896
1622
7544
13214
7120
13053
8272
11997
2590
9212
17110
2994
12552
6778
17794
10940
1048
12388
579
8732
3090
3568
7121
2098
4027
12432
5155
2717
1080
14058
300
3908
13704
3391
9406
3545
16275
8198
5149
17385
16680
9485
17617
2966
14592
15538
16627
523
16943
8478
7169
11662
6992
3971
7247
6861
4561
14456
15098
3104
15882
6573
6545
6038
12696
6625
9817
7606
15453
5267
1364
2723
7551
16848
12627
5954
778
5240
386
14233
10134
13115
10681
8173
13047
16747
16423
2532
3643
11157
3979
15820
8498
12087
10800
799
5180
14744
4759
17884
7448
11789
4216
1467
14575
7572
11812
8325
14828
12792
2846
9541
14987
17888
6332
601
1525
7959
5581
385
11001
11443
13640
11863
11333
466
7668
7368
5426
1230
13340
8154
8086
13845
786
5815
12338
10705
4714
3741
15876
11709
15409
4609
11895
8369
17259
6924
15975
4352
3037
5969
5054
3362
12936
5072
662
16118
14928
6428
12502
4240
17632
8578
17855
1637
16647
6286
15448
16143
15377
17164
10795
15963
16626
4529
6793
4531
6147
3676
11693
6684
6749
15621
13241
17573
12894
12018
13257
12998
17450
2684
4428
16872
9928
3924
1268
6205
3589
16289
3153
10026
16037
8798
15892
11745
240
17644
7722
12110
2193
1804
12708
4211
17284
2594
9830
8265
6602
5272
8537
10516
14605
13468
17824
13024
17081
10305
1338
11529
14776
16146
8189
17460
11338
11505
1842
6694
16414
3127
12573
3712
5376
5563
10056
6322
14648
7972
7441
6563
3142
17555
4839
17092
13022
1954
17864
14759
5167
3487
14821
15388
1427
900
11169
13998
15121
649
14935
11846
1465
4190
4784
11116
1930
7459
15291
14369
1356
12736
14447
12735
4252
15301
13694
15871
9531
12184
4647
11341
16580
16036
13344
16221
17675
2685
17478
14370
12476
15479
11017
1504
17087
2123
2547
8556
6059
4337
17039
5370
17727
2332
9361
12630
1593
14975
15888
7977
7676
13086
7807
16271
13183
16882
7410
7431
9826
15487
4467
4185
4576
2385
7294
12924
3602
13172
15568
5310
3894
6784
2704
1223
15657
3341
6384
4208
9344
9341
1068
15177
6157
17726
4010
10985
16173
818
9447
13284
17779
7446
11872
11304
2349
6251
1626
3936
977
1300
1250
4288
9683
13929
17447
9031
5487
13090
1698
9660
7408
14470
5006
7211
17235
12247
12376
13139
11380
5390
3129
1160
9846
8857
13911
6137
8534
5273
15761
8967
7430
15559
15635
9197
11417
4202
12507
10348
15879
12817
2672
9141
336
6530
15129
13010
16067
9143
10524
12956
6558
8380
14765
6148
6336
9010
11491
16094
451
9427
134
13874
17559
8847
5502
8747
1283
15429
5701
14378
2016
11574
7204
9005
3529
17343
3556
14098
1357
324
5163
15967
2844
17148
12536
16216
5169
6758
15746
7912
15253
1018
6739
11422
2095
1055
10501
14896
8841
9692
2585
1406
6987
7396
4267
8251
10583
14036
3038
15170
14308
13414
5712
12839
3796
2215
1325
6888
9261
5320
17716
5767
15447
4391
14976
1035
9351
9481
3977
13323
17214
5539
4389
16550
5329
7401
5882
12397
13848
84
5122
2613
5196
13769
6528
10527
1900
7743
3932
9190
11859
13037
7348
5262
8973
13836
14063
8566
8273
9358
7918
10691
12828
8926
2573
13146
4134
14845
384
1407
14876
5533
4001
17758
13354
16705
17786
17167
4656
2280
11145
16678
2913
4353
5425
1173
17605
791
11268
7513
3356
7799
4213
13730
2157
6420
15839
7801
6222
12270
10996
8820
5127
15691
17355
604
5023
3383
4349
11197
12596
16735
9167
9218
4400
14099
13108
14361
10561
4028
8971
17682
5821
9389
1618
10879
13962
10063
12089
12885
1953
9214
7035
8877
1270
12768
11400
254
12538
1825
17200
12929
10927
678
8474
6592
9043
4873
16467
3849
17056
11640
2660
1770
11337
3585
9663
15228
7065
8521
8071
11923
13833
13550
4122
6781
10393
9426
7106
11727
4692
3299
9529
3079
9244
16041
14012
8965
17833
5917
16539
13780
3185
16251
9258
12654
8319
641
8925
14266
7187
15582
12518
5628
3588
14334
17174
12683
6660
2223
8359
5
5977
10868
12174
5657
13820
9533
10210
3181
2955
12867
7212
2707
7663
7768
13198
16567
17655
582
2079
17512
14780
11064
1745
1590
4755
9642
16911
17002
14660
13700
17013
4769
5051
11805
11241
3258
8889
38
16578
9713
16778
16577
16632
4717
6862
4608
11653
13846
16002
15604
16185
11421
8921
8944
11234
680
4404
2351
6504
423
14482
894
885
8358
12710
11999
14217
3770
7628
6774
6863
15346
8235
5216
8906
15733
16563
8023
5671
11063
15466
16590
6368
6348
12504
17458
5468
15760
6078
13104
5706
6374
363
457
11689
13185
5397
10953
11715
1277
7216
6314
15964
464
3853
7678
5440
15631
12681
11979
616
13886
14275
5587
15833
9254
13661
3209
13274
15208
11066
10568
13277
3482
12322
11461
2232
12363
13321
13815
2715
3254
8499
15078
15003
3043
2601
273
14703
12425
3086
14425
9518
12045
12351
1167
1225
665
7315
17589
14336
17673
7115
6842
3635
13063
17603
16471
3230
7001
8821
15460
1818
8407
12402
16365
11079
16015
7795
16040
5648
1690
17784
9983
12054
2575
16208
3791
89
2344
8108
5665
966
163
2284
9135
12599
17861
7177
15721
1867
4732
787
768
859
8843
14854
16893
16129
4665
5057
2236
11253
5585
345
2195
1792
4511
11167
16075
8942
8996
146
15669
16280
5260
8402
12571
803
4339
7500
6754
6095
14015
1633
8497
17570
14831
12865
3394
9871
12113
1728
4256
3637
2639
2858
1381
13141
8031
16324
10634
6871
11809
9008
10198
7317
15368
733
17179
15987
10320
16569
9170
17834
6790
13184
2108
203
5205
10399
4426
7542
13469
2727
16458
10451
15483
16558
6527
9019
2458
12517
14433
3890
9186
15119
10794
2664
5891
2429
5849
13844
4130
6922
7968
7143
15405
15167
4047
16960
15835
17713
8800
8725
12325
17059
3120
11006
15332
4471
4788
1507
1462
4628
3788
16913
13261
8447
3489
8344
5516
12100
41
14077
10813
11489
17552
15281
17067
12906
5492
597
9461
12472
10709
14438
7343
15047
17434
10397
15873
9728
9052
7278
2986
7685
6261
9923
95
4606
11216
10367
1385
9053
6387
9223
1348
8816
1920
1785
13946
5044
7464
8639
16973
11318
17436
16934
1750
9246
14679
5305
4259
13487
115
12459
1428
6839
16446
13763
13388
17224
7641
359
2405
7658
12667
10029
9547
4483
4184
842
16980
14025
3211
14191
7683
5264
17272
8210
171
9401
11378
15108
8627
14949
15510
14135
10279
16029
11701
10955
3808
10493
4503
965
14999
14676
13934
4688
14647
7017
17604
2528
9848
12079
1344
1573
10017
7080
10772
668
17372
8715
16382
16190
16210
2518
12367
16974
8935
4587
10296
2515
2293
2879
16245
1835
13994
13097
3911
3092
11033
7300
860
519
2249
10822
11164
16068
445
17247
8363
16459
9939
3810
8594
9371
16046
5360
10049
4136
8684
17109
112
16565
1636
9960
12515
4234
13020
17326
2521
14961
6915
1304
5409
11987
8241
17100
17381
15667
12468
13966
2908
8703
8885
14011
14481
11240
911
7695
15155
16272
10230
17747
6619
16177
6394
16976
9840
16416
355
6873
9886
9162
3328
16665
14800
8589
7847
6834
15480
3725
16547
12601
15305
10525
12330
9797
3930
5822
13624
14022
11059
1150
10580
323
4603
14312
11052
1947
7814
12948
13637
16308
13537
7275
7948
10853
6908
5915
2069
16496
2799
9156
9510
8720
1088
1071
17306
14132
2331
7276
4681
3659
17289
15477
16059
8280
724
1235
7880
17807
2386
10373
16783
13438
10270
12406
11510
10942
7712
319
13879
3130
11058
9119
9349
10277
11985
12572
13750
7269
14562
15195
15097
15042
13741
17018
15408
2097
9918
11012
10494
3210
8394
15872
12163
17428
17482
2759
16562
16555
11204
1799
10746
10802
7653
2729
5347
14082
2789
3221
11947
5187
5970
3429
4173
2398
409
1093
17553
10039
13708
3781
4573
6613
4571
5237
4128
17035
11124
8073
663
2832
4562
4878
14451
15585
12829
17721
4209
4914
2438
7662
6780
3169
15903
7130
3983
14636
13529
2670
10954
8258
16083
6318
5886
13524
4341
10497
6090
14563
5534
2988
10133
11398
2001
1925
380
823
1621
15235
10147
16575
9033
16203
13942
11481
8467
8677
15810
14559
3058
2406
1106
3452
17571
15019
11051
11547
378
8206
6723
13158
8087
2503
9365
9241
10037
13040
10861
16507
3288
7976
6903
13985
15382
2833
6770
10273
1389
5940
4129
11961
9715
14588
14516
4283
17564
16679
3257
12063
10194
14754
9316
2929
6255
12293
14250
7235
12343
7496
14211
7402
17114
10153
1545
12080
1073
1992
2200
6361
11193
4410
6520
3426
12195
2217
5498
10969
7986
4276
10126
12073
10237
9672
16771
9641
4948
9985
9627
8917
4430
12473
10177
14926
11824
7570
3728
14984
16650
605
16687
13099
14988
16620
5850
13957
857
11861
9611
12986
3962
12692
10055
4818
4942
4180
6111
15161
16297
16912
9229
7904
5636
1664
6958
2072
6678
16338
1989
17717
3572
9297
3118
7750
7263
15677
621
7455
17592
11466
1468
16145
5075
3727
10727
10949
13779
4103
11115
6976
2621
9060
9288
3530
12289
15335
3449
5670
16377
932
9903
16768
17299
3451
9379
9042
9414
509
1267
11377
14175
15035
9103
5137
3934
14320
13649
2610
12489
2985
10379
5325
500
15095
8797
6557
11352
4111
3436
541
2909
7857
8717
4596
17591
6335
13477
6044
11784
16812
476
8622
5418
12207
13200
14634
8208
6609
13470
4623
5283
16667
14410
6460
3456
16989
6934
8503
3985
5831
16427
10528
3940
11233
2210
2531
7667
16662
14583
17041
11480
11371
13173
6549
17764
13521
4067
7137
15545
813
13195
3648
10229
6079
7
9711
15866
8122
17233
7623
15953
2656
493
2887
9380
2801
2333
893
14640
13527
5022
4198
5569
6699
6555
9580
13437
10400
6677
5017
13312
13309
3765
10356
12743
11599
11766
10669
6508
13996
9149
1305
16988
12516
11695
17775
4084
5432
982
17103
11309
4801
4301
9626
15317
5088
9855
11554
7758
9308
1307
6685
7224
9274
17308
11440
17181
17034
6119
9589
85
17536
17012
430
9267
1233
21
4583
16122
1787
5562
11585
10785
14045
14006
12846
6914
16121
4615
9650
14667
16493
10219
2551
9395
5761
8016
12098
3893
8094
1312
11436
16826
11018
16476
10209
17360
6489
9467
6353
14463
8043
2838
15861
12977
3815
15071
14704
789
10965
10369
2227
3733
11154
10406
12055
1740
9835
1081
14584
6498
17486
1314
3170
13900
6810
12405
15821
16950
7129
12562
8765
4477
4092
10025
3927
5742
11103
11755
3381
11819
2173
17015
4060
13540
838
3379
15101
17189
11888
8483
10310
1946
16829
7767
12938
3873
3567
8487
16600
12433
11191
13048
2982
4843
3566
2932
13878
3685
6869
8742
7344
2588
2140
13018
16462
1911
11413
7349
13984
1828
11866
16180
14028
2053
1031
13948
9525
5249
12794
10445
7652
7227
3795
13642
3200
721
1558
3155
10507
12620
1832
5800
772
9080
14731
2329
14157
10253
6107
2760
8845
294
17510
10080
3633
567
5936
10748
12263
4709
9919
8952
1024
8551
6988
2678
15663
110
8587
7076
9996
17459
3186
12941
4305
1133
2307
11483
11034
5809
14402
9666
4264
10114
11647
11723
11517
6962
15336
6567
974
128
831
7167
2023
1854
1532
5515
17610
2829
14118
16303
3001
15848
14047
16099
10495
4610
15120
687
1830
13160
8946
12709
7543
9659
16969
9523
7856
2552
2770
14032
11089
10684
8247
4906
15025
2425
11135
4317
15629
2735
13835
13136
16526
14203
11213
13526
1582
12987
16164
10900
10033
16072
4345
1099
13651
7601
11153
2356
17082
3708
12488
16961
979
16774
9440
13056
3636
8653
14200
14696
3263
10611
17329
7924
151
3794
10057
11894
9588
11160
5566
2947
14358
11322
16571
3974
4703
2401
14162
11844
840
16949
1780
6441
17465
15182
14859
3639
16248
15766
13016
8959
5605
10689
8507
10554
15397
10774
14898
10274
15111
17354
5266
7538
17155
2612
2893
12295
11851
13204
1408
16833
13432
15734
13482
4745
14182
14784
14289
13232
6750
13569
10687
10261
1858
2185
12266
11236
2533
4050
14477
6964
12381
8631
10869
6271
4961
14576
12093
15812
1008
5551
9112
9925
1913
2306
14740
7886
866
13461
10618
6381
5910
8960
6473
5613
17856
6600
8531
3624
7581
13209
12138
533
14726
11700
16548
618
14609
9369
15041
2460
6822
12872
17350
16380
14461
17800
2163
13181
16432
2494
7840
17232
9425
12984
4798
14004
14042
4368
7007
5350
15909
2498
16172
7005
10521
2488
3774
2912
10100
9786
8162
8248
11117
17769
11265
4835
10520
10548
16536
12632
1082
3596
14490
130
15687
12840
14875
2750
2062
11361
12738
16614
3047
6994
2828
9707
14164
153
14658
16661
16708
2671
7328
7424
8149
15106
14993
11273
1351
17852
9100
10889
5677
2290
14286
15492
6899
628
14730
16939
4187
247
4199
4986
16726
9166
1711
6048
7961
11205
17248
1306
3098
13789
9730
8745
5844
12629
15763
12550
10963
16283
14673
2563
14528
5124
7139
10673
2463
3563
16643
2403
1663
2469
9710
6995
11330
9949
12955
3481
12546
4536
10988
13008
5848
5687
7672
2376
914
9537
4104
11981
946
4773
8871
12535
17446
8916
14793
16803
17614
12544
7095
17098
14585
11655
5153
10115
1810
12201
3852
298
10291
16754
7751
8851
15859
14530
4778
7313
2825
10132
13559
17455
11557
12309
13884
3370
6021
1387
3574
6828
2965
10404
15817
4024
11098
4734
3851
13260
3392
2413
13443
10337
5525
6482
10644
6686
13364
13572
5691
6692
6658
5225
6091
12670
1097
9230
8456
16619
4219
7828
11376
16233
4634
3980
17703
10058
12060
13396
4007
13582
13601
17672
2482
5508
8974
16253
3455
16736
17000
2524
2689
2501
5021
17154
11898
11890
6983
14453
14381
5984
11924
13255
11435
10555
12168
2467
6448
1827
15123
12497
4464
9238
5146
2783
4565
2765
10751
14674
8947
11989
7733
13350
15595
14989
3012
12394
7749
9205
12974
4371
2903
12845
8632
9315
6028
12122
14422
16744
12883
4919
13810
16787
12569
8696
9422
6687
5638
1030
3967
2361
17255
14504
13739
2827
9045
7236
7214
2648
16877
10090
9126
2869
8776
10117
16924
11878
8511
11015
1840
17332
1896
3311
13503
11423
13974
17496
11850
2673
15168
2258
10529
3748
16092
6703
61
3103
12793
15475
8895
9479
9094
5711
4956
7404
10382
12979
11406
4675
4663
17829
16105
5089
8664
12233
8331
5779
15767
16581
6477
9264
6718
9844
16846
1602
6756
16616
6533
11416
15542
1429
12702
16685
12238
1837
9809
14420
47
12305
4416
3496
6714
3255
2363
3250
10786
11218
11228
1571
11238
15996
5374
14936
14021
17801
7013
6835
34
5996
6570
309
13453
17798
3082
8510
14899
3860
10415
4622
4225
16187
10771
10046
17799
10599
17534
17197
5739
4155
10027
10295
917
7357
17049
2008
17027
14365
1124
5556
7960
17211
16629
13476
9982
123
11014
785
5189
17170
4074
14779
5434
118
11988
7221
5036
8580
17873
17568
931
15043
3739
16868
4043
13269
2317
3801
17504
16666
11451
2559
1684
15647
3914
3337
6225
10498
8473
13347
15265
15776
3109
214
1584
10614
459
215
6632
5833
13615
14942
5338
4667
12602
11200
15027
13451
3213
7806
6219
10957
11366
9901
10721
11263
16823
1269
10765
13752
2919
487
6898
1739
16085
4475
3349
5676
13495
1924
1766
11475
17314
7577
14193
3220
13314
16100
4870
17485
4144
15805
10944
14941
1228
1763
14418
5254
14088
16247
2392
13258
12541
14261
12673
14973
10642
13757
1472
15389
2419
15290
11884
3947
983
1937
9940
853
2651
10631
11171
17258
16284
5134
6242
14794
9375
8033
14160
3438
17213
1440
9621
10122
15048
3494
5042
15313
11519
2002
12942
5622
677
4812
2803
15773
16998
5232
8144
2301
2449
9140
11678
12116
7600
2485
5838
16732
5668
5388
868
8105
15054
855
6089
694
6337
12085
4069
2807
4557
17637
12891
4595
432
3044
14342
8493
9651
6217
168
6325
10803
13893
3416
9347
13917
17744
801
11130
1969
13127
2989
14109
14304
15036
4098
3191
4982
8711
8055
15986
1207
11110
13611
9720
5575
12975
315
8899
9147
6968
16142
13237
16752
10120
7202
5593
14840
596
15718
11551
1991
15520
15495
15046
12658
9866
5737
3797
13068
17319
1094
15017
17022
15469
4566
11368
6540
12826
16158
6408
11992
1820
2254
1848
13826
13714
15850
1501
13669
11774
8526
2537
8903
12147
2282
11518
1246
11857
1869
3140
9814
16947
10515
9807
2614
14934
9568
2147
850
879
12639
15898
14846
6819
10902
1354
264
11179
10257
12824
8032
12994
64
10820
753
10195
16659
10663
330
13798
13138
481
3123
2170
9721
176
1156
1936
2033
5253
4394
1079
12723
10603
13325
1131
6807
135
1059
6328
7913
2096
967
14684
7932
7783
5596
12391
9095
3682
8082
2244
6234
12129
10558
1980
3173
10364
17113
3259
4852
14189
15112
2365
2388
5419
14629
6683
16611
7157
4448
9561
16396
14589
16225
4526
7192
15719
6593
1119
2960
1380
825
15539
3538
13888
15109
11177
3352
313
7892
10851
4168
13006
14331
12558
8111
3910
7253
16800
12485
16491
8022
7887
17797
10216
16991
7929
13441
17140
5651
16553
10441
17322
976
6588
14823
2201
17630
7781
701
10286
1352
16759
10065
17078
4509
14888
12102
5053
8079
13580
9587
2950
16870
16032
14419
1899
10806
5524
6624
11931
4522
13362
1013
16601
4265
13855
11672
9088
14884
2090
5765
17662
15792
16878
16586
3017
10729
11390
3912
5458
3034
669
395
587
4152
12661
7740
15579
5271
2
12747
3224
11069
11199
16048
161
10948
3021
656
5242
11909
10680
14274
7863
11835
2763
13991
8691
7101
14962
6612
9431
2824
1249
8956
10928
5499
15060
8643
3216
515
7779
17546
8228
16860
13865
10692
9929
1550
12701
9125
1956
11495
1561
1159
9087
11891
13428
9993
11969
15357
3359
557
4945
1378
7803
518
16748
4589
1613
16179
16330
7497
10526
3926
11843
8044
440
14192
12264
1654
1363
11912
3151
5646
920
16621
2141
7731
12199
15008
12203
1318
9808
14519
5422
2484
13604
266
2179
15710
8856
7421
8558
3444
15087
13693
16910
502
13249
14199
15553
5406
13333
11550
13223
16470
14090
9819
10254
16516
9106
11246
170
91
11744
2544
11596
16879
2821
916
4689
15807
5818
13725
4758
181
8492
12626
15688
639
6231
4038
15011
8373
11691
17487
16378
10206
1644
2607
1276
13038
14565
17697
11936
15320
13722
9151
10019
8387
8298
15751
14727
16009
10092
12364
15849
5261
9090
12235
12625
14347
8250
14564
9041
6814
1180
3144
13190
2373
16038
14836
1266
15384
206
1384
6900
12722
8828
547
602
11507
5246
6735
2975
1252
13459
17172
14909
15337
6885
11347
9909
6329
14424
10162
15294
640
16227
4188
17581
10226
15169
8364
1942
12392
191
2470
17457
3555
8768
16904
8714
14796
12637
5946
14858
3866
11040
3527
17754
17246
10170
4981
16088
11692
551
17562
761
13553
3336
10939
5649
8460
14632
10792
1492
5479
15709
7039
8530
13199
5455
8486
15934
17149
8202
6006
10704
2278
14819
2696
3611
14695
3437
11588
11249
5086
16749
15507
8103
3018
15612
6850
3706
3605
9024
8953
5998
16363
2536
2024
6524
2542
11181
17269
4121
7818
4148
7296
12659
6244
8229
13292
2183
7420
17309
16183
17731
8037
15656
1212
13417
11257
17814
14540
13408
11334
3361
9415
10269
16592
1838
7374
912
7983
9273
7166
7503
692
1441
6982
5334
9155
13407
16794
10062
6432
3951
4957
15240
3668
12272
14864
7160
13415
3005
14785
13326
9081
17476
17370
16570
16355
11593
13313
7336
8799
12769
957
1181
12475
15740
8673
1972
2340
11632
6643
15918
16442
7522
207
9145
10756
5577
8421
3863
2297
1362
8624
15315
13466
6889
9678
8314
14552
5214
6812
4601
8832
446
3816
10732
16757
15828
1522
8523
12401
16689
8368
14665
2718
17380
13575
3293
8502
6402
3467
14293
11833
2368
10145
2566
5788
15219
4775
15000
11222
15547
6681
12090
12539
2268
2906
5560
14436
12287
15059
11688
12396
12844
10365
4390
13004
1856
12094
13122
2456
7804
1218
6075
62
6398
1559
5404
6682
3011
13581
13447
10311
15065
15935
5653
15549
9995
7984
14737
10679
7304
16657
8689
2742
10510
5672
862
7108
7472
8028
9564
8846
7132
4979
12140
17323
4204
2632
623
8670
13617
10814
3600
8719
6546
1961
14280
2162
2057
8116
7661
1806
13606
16450
12474
4907
15421
8830
9384
2352
11703
14638
14948
9058
10040
17043
7175
4250
7316
6031
7741
11729
8557
16513
4725
6124
11573
13709
2028
4401
6304
15328
13025
5069
2572
9751
1775
3184
4335
7514
7627
14652
12742
13952
13563
5607
211
15554
9582
5576
7548
6881
10318
7291
7478
17735
14788
16449
12543
12576
11247
14502
10970
11668
13300
3784
14249
15081
12271
13756
9505
12316
17279
12069
14933
7484
9649
7785
14294
13217
14040
8671
1063
627
15369
13270
2267
12519
4991
10091
14810
613
5141
2776
6047
10128
11076
2283
8771
17886
15295
401
377
5456
12704
16542
15212
16871
180
15142
17123
15704
10821
1503
6582
17585
10121
278
7392
1291
11290
13073
3149
15275
8759
8484
14654
4312
13877
13188
3598
16351
1398
5770
12841
5584
12687
3014
13416
364
9062
8969
3242
8595
7956
5464
369
13564
1945
11358
12120
8642
17602
14343
2084
14003
615
10534
7831
4181
4933
2302
256
1477
15857
17297
11369
13770
16279
223
14711
13387
497
7352
10360
11787
15351
8873
16386
2571
16608
11397
15518
8818
4626
4962
9640
10387
3289
15340
1879
11945
12183
3493
15781
3746
11486
17408
8559
4468
16066
10156
17345
16325
343
9655
499
6991
7048
5580
10873
5768
15045
16933
14415
821
16862
4864
15150
4715
9792
7738
9011
13999
4279
11525
1998
8968
8161
5236
16738
16841
13142
16344
5812
10251
5465
11637
7237
3053
13299
12671
13871
10131
1328
3177
16353
6346
7819
5000
7644
3867
16927
6796
9744
16760
16502
5256
865
5772
5926
12752
13875
17892
4145
5952
14499
9673
13391
15995
12457
6697
12439
16636
3881
6491
15226
13947
11057
16944
1736
8130
10769
15572
642
9256
11367
14758
5078
3334
795
10799
8561
6425
16112
7873
7018
7999
12778
3472
12697
9750
12164
16252
10835
1309
2110
7705
15706
8762
2204
7558
2041
3019
10972
10064
14906
5308
1917
7896
5635
897
13105
13231
17660
1606
14005
16400
11353
12153
9554
12964
13225
10021
7123
1912
2661
15401
10016
4474
5980
7338
3345
16443
5250
14573
7181
11035
732
12223
2688
8753
14322
9857
8352
6618
7351
6415
16194
14267
8126
362
14570
10370
17524
2892
1906
4858
11918
12341
16896
13923
928
5199
4891
17341
15985
9206
5346
12508
8634
17260
7029
9327
737
5629
8620
7150
16996
6206
13944
2871
4931
15583
11392
15187
13222
5703
5745
1576
12757
6177
4177
15552
10475
3766
7698
14014
1074
16845
2972
17093
4065
10067
11524
15465
1500
7339
9789
17158
15521
5692
7982
8362
5025
7491
16894
16532
12345
8805
5501
13783
9897
4025
13315
14487
11208
6163
11881
5287
9938
8153
4221
6418
15402
4763
16713
11831
4903
12046
10832
17849
16358
14194
2099
7664
11699
12870
11149
8633
13272
9331
14664
15451
4796
6020
5104
7861
10600
11327
11303
12458
10978
1172
6260
13748
2914
16395
15248
8345
16655
9046
4558
2830
4898
11853
12564
5736
11907
1397
13790
8213
7251
5408
9934
6595
3069
4867
16385
13308
13723
9317
12370
12424
5863
14256
6901
16858
5531
2311
5938
4977
16652
8465
8329
14202
6207
11526
4164
11088
8311
11151
10961
9989
13041
3587
5357
8948
12804
7072
417
14920
10424
945
15858
14386
7207
10974
5027
8246
16104
16436
8349
2234
14328
14844
13233
8896
17854
6893
4795
8854
5220
10124
8127
4329
16582
3640
9421
9202
3057
7745
685
16374
15712
9618
14075
10
13001
6483
1943
14921
4505
9298
2279
10513
9717
15237
9536
14204
10051
3855
1768
15470
10290
4445
13507
11775
15566
12537
16606
15152
10140
8898
13253
16064
864
9210
927
4722
17661
15819
15406
15163
15321
3888
9178
4041
12436
1807
15513
13522
14443
16546
7545
16452
3629
6216
4537
14783
16264
1609
15614
2394
344
3503
6455
3968
3189
15157
1510
10937
2299
4331
17593
1548
12624
16849
3887
12611
16766
17598
10916
5985
8535
2264
7259
15869
8268
14770
8775
17394
8836
17070
11749
453
12190
17453
700
13319
2917
511
17008
9061
16192
6710
6179
8197
14861
1580
10563
7255
7122
10173
480
3922
10239
13674
334
10061
9437
9665
6680
3891
6823
6025
1326
3671
12337
14940
4869
4042
8322
12741
4939
3348
107
11432
8674
770
2816
15029
12744
2414
11203
10105
6539
7201
10883
9171
349
11838
15978
17409
17689
9153
3477
9859
3673
14114
13335
14372
7085
16267
16237
2038
6576
14030
17473
5011
16564
15181
7756
3552
3435
16802
13905
5114
7057
2641
4790
12857
13366
14357
2792
6239
10536
11188
7266
7588
5231
12119
3994
4765
2526
7810
16255
14315
17173
11192
10876
12078
725
1151
6978
5724
569
10863
1999
2600
15847
14561
16054
14488
15754
10703
9450
9570
12913
12619
5132
7052
3768
17084
9645
8892
2496
3614
3959
6800
16727
4723
756
9722
16063
5147
16599
6970
6399
1765
13954
6193
577
15929
17046
9852
2051
2161
7701
14891
15073
16981
1182
5504
1948
72
8601
12443
10538
4142
4976
6140
13246
14172
7327
1724
4712
8518
15207
3751
8605
2949
16648
6785
9657
16375
713
13979
16543
1635
13254
3088
12646
11747
14001
7443
7280
6935
4310
11926
7044
17055
15997
758
17865
13117
9177
11666
6165
11351
1529
2997
4037
17705
17500
13823
3008
6821
8590
6789
17520
16320
9021
3793
16254
1415
12454
7607
7341
14067
4482
4657
1386
14327
14183
1575
6327
10505
2722
11000
14931
8188
1402
6305
1676
3346
5280
4879
14643
727
17290
12764
9821
10262
5074
570
8786
8811
17578
2443
5868
14883
13697
12940
2310
15797
15206
6536
4120
16730
5616
276
17539
7324
11279
7973
9998
4016
9595
12463
9779
15297
14721
12983
10745
4194
2756
13490
12173
14642
12607
11139
7256
14356
1358
6397
2148
13509
3266
17733
13435
10846
17421
14867
13916
7710
5483
7971
3004
16935
7713
9232
3645
14180
172
5326
8114
3324
830
235
17588
13098
4156
16045
14830
1210
6010
16109
17671
10329
341
13227
15814
1197
1262
2581
16597
14171
17499
6872
7215
2439
5275
1321
12373
12229
13125
6201
16326
233
4461
2694
10607
4014
16984
5387
11896
961
1361
16130
5520
6050
8641
15445
2132
7755
630
12780
3112
6266
11950
277
8865
4508
1169
17601
13751
2900
7868
15148
10675
10390
12216
2017
16932
5859
1126
4749
16102
14300
13479
3929
11324
4311
8907
13036
3573
17792
18
17808
12978
17208
13586
1419
248
11742
7903
15345
4342
1340
11427
10391
4313
4585
7655
12014
12379
15999
11004
906
11016
4629
14863
5378
15956
3505
16684
16706
8644
5442
12835
10163
11252
10710
8321
7996
2092
3558
14188
15905
14302
7609
11553
4849
7707
14340
13411
958
585
3895
3559
4720
15365
10384
302
7436
9709
13000
7593
10584
884
2835
9778
3942
275
3868
1347
10499
3701
4965
9423
14019
6782
10512
17757
5154
5717
4972
3762
14062
12815
16745
10537
7091
4205
9788
2733
17470
6645
16339
7016
12720
798
11433
12344
12589
9858
10891
16997
14957
14670
2616
10268
14026
1786
10668
9622
9530
3389
12861
9403
15574
4542
11002
6919
5453
16901
8121
17396
13774
16731
15312
16525
5125
4423
8427
10491
13229
9221
8385
8416
1298
10923
13140
10256
66
1493
1336
9387
13168
10297
17519
1841
17141
16402
4068
10596
13295
3333
17782
16540
6816
1683
17653
4917
3754
9551
3809
351
11704
5213
14505
6578
11185
15474
5318
10419
7853
12416
7940
17820
13440
15160
10030
16881
11816
10992
11584
7089
16469
15560
8758
16576
8739
15146
12949
10421
532
5383
956
6433
4112
15615
8886
3876
4756
5039
7399
12981
16970
3938
10433
14479
5032
15418
12511
1796
6055
13430
379
4123
15745
5059
10224
5644
7051
8211
11649
4549
17738
4266
706
11227
4575
10781
8548
8966
2967
8018
10905
9981
17152
13478
12714
5983
717
10471
1067
8327
14568
3197
5276
9872
8052
4830
11954
10288
11274
15870
12290
11763
14734
3205
4006
7789
10708
9470
7364
12170
8220
3434
5077
7797
5595
3414
11935
8007
13584
13381
9396
5758
3133
4355
14454
3964
12419
16585
13285
13405
12669
14882
9810
10622
4030
2226
12880
9405
9818
2455
10013
4670
1455
11965
5204
8102
7171
1700
4348
1800
3520
7736
531
12205
15279
11502
8623
8428
5461
16033
10202
2568
5747
11463
16295
15854
2859
2346
8255
8132
5173
5976
14775
3811
9567
775
3330
2341
15138
5895
2233
9355
11331
14717
16865
5630
15293
4491
3698
8781
7564
14682
3763
14617
17723
10104
11286
17554
17513
10698
14195
13784
12040
7533
198
2228
13201
15808
11684
5291
15867
2548
3035
9634
15569
3107
16061
15617
2323
2050
17840
3441
4132
15116
14628
6610
4309
7900
650
15701
8741
17242
9738
12427
8284
5888
6890
4350
16422
7727
17781
13045
11601
13043
4553
4258
13840
16050
707
15286
5055
828
7442
10074
9753
4108
12945
15133
10979
4684
2181
16765
12745
9026
15683
7105
16107
6948
13672
263
14782
13150
13556
8588
15743
15329
3294
2883
7877
3905
5775
14715
17426
14742
9945
4983
5512
3166
15050
1476
3465
7457
16958
856
2567
14860
16780
15972
14398
16524
6299
7238
3625
15004
13128
3387
1011
11860
13054
13061
10227
12356
16494
12895
8657
17693
3308
8420
11563
16695
15955
15158
6083
12342
3223
4012
282
3081
4836
6729
1046
8133
15913
13081
15791
8637
7711
4650
6018
3238
11280
9472
13607
8316
3688
5401
11134
2220
13668
1734
4974
7568
8176
9111
2527
528
15988
11083
15517
2314
5609
6884
381
13793
14139
10066
12512
5452
15347
6671
10059
10836
14763
5363
253
3619
15620
1204
14908
9592
7822
17615
11560
16928
14104
2915
7629
6918
8991
11459
17734
14349
8728
15756
486
16096
2436
5658
13392
12566
15724
12047
14148
3829
11849
7010
11174
9458
8049
7156
17073
7359
11845
3528
6537
11974
2911
10839
6603
17186
17692
14555
16455
3952
4666
10409
12784
13908
8057
8276
11340
5511
6652
3756
15590
2022
358
6326
7334
12360
17337
16618
800
16481
15271
4910
1870
10264
17468
3344
4409
7309
1583
12833
11320
4721
14278
5862
17830
3745
14299
5602
10646
17135
12772
10910
12858
5096
314
5047
6616
7230
8199
15790
4581
8636
1735
1117
11856
11927
5015
15764
9681
5315
9128
7630
14465
15587
1425
13210
15912
9231
6248
15516
7905
15463
2045
13859
9324
5351
16379
506
14929
7040
16278
16490
12308
9559
8125
10701
14806
13057
16721
9694
15532
11765
288
8546
16625
9873
299
14752
4783
12690
3332
2029
16631
14663
1751
14678
7172
6313
12698
3164
3999
9832
3208
17719
13371
10028
2622
14166
17193
6298
4196
15613
3782
9175
4245
15863
13913
5407
2634
1450
4332
16317
780
4921
4253
4885
7361
4554
11173
1444
6639
5449
4690
4728
2076
7872
7036
11255
13202
13149
9249
1632
2230
7409
8481
12355
11537
9029
9388
7531
8431
3711
1179
2855
8085
12179
4579
2778
2491
972
7183
3122
13027
14102
6929
1028
4487
12410
10457
12072
4643
13665
16008
12665
14581
2462
8516
8853
7635
16369
3078
10044
9367
15272
13662
2861
11442
7714
15276
16281
4158
3576
12218
4584
16263
13892
11448
13887
12413
2762
8731
4696
13310
2191
4599
2039
15652
12587
16795
7716
4563
5811
14620
16305
12107
14713
6358
10864
142
5982
8791
12996
5989
11964
7687
3353
11355
16319
12137
2806
4052
1471
17106
10129
10735
16052
1139
13504
3884
16486
12461
10376
14542
962
15969
4153
3167
10608
10624
3872
17498
14144
4436
12249
510
7796
14392
17551
14718
16101
16900
10389
9364
2229
2387
5013
16270
10322
15407
366
5489
1135
12487
14245
15948
2701
9667
6183
8399
11733
491
9885
6450
9747
11444
15856
8554
7066
5312
12011
14417
7362
8134
11650
16294
9958
60
12005
688
1483
12389
4854
15242
8662
9419
13301
9460
4799
13009
963
2924
5323
9278
11281
17595
7815
11708
17177
17674
10408
13496
1653
10148
7703
10941
1366
10459
15989
6417
536
9877
7179
17016
12239
190
10326
9129
9084
1010
741
12656
16057
14210
15231
3821
3490
16047
15860
3468
15616
252
12830
12162
7473
11389
12445
5470
3939
5181
6058
16514
4660
5615
13400
13969
15555
10738
1686
17424
11769
10750
6959
14997
13973
6663
12299
1898
5771
13152
11900
17443
13028
12042
1112
1774
2015
105
3145
2655
12409
5282
1784
10743
8457
15223
6696
13492
2313
13644
14880
10402
4930
4951
4636
14324
8333
3158
3160
15499
148
17133
8626
10707
16813
14295
14434
13329
6160
1251
2702
9015
14571
13111
12050
11394
11476
9279
4031
15944
9133
13208
8863
9078
4484
11904
16671
9108
4210
5316
4967
17535
11467
6423
11842
17621
13165
16938
9071
17810
15917
16147
8081
8770
4915
12291
17836
15536
12127
3554
13955
15544
9653
891
8825
10871
13620
1
12275
8070
11634
17567
6152
7067
16000
12973
3424
13324
1037
16006
3750
2529
10733
12313
15064
14459
12664
12801
15777
16014
14914
339
6043
1422
5791
15214
8024
15010
7063
3731
4637
14633
16518
1877
7958
1839
2100
1544
14152
17202
3562
5459
17710
7611
3402
1434
7292
8914
6496
15484
6246
9827
9790
15378
8764
6411
15393
10281
1852
14767
14661
6435
13817
9097
308
8404
13943
8184
13685
10671
15284
7058
3245
10560
5500
6303
1638
17596
11343
9293
17146
12605
10761
1952
5301
6724
3365
15844
15939
2642
6215
17176
15149
9703
1864
3955
3350
14236
12873
14847
9323
5695
16792
15192
15245
9912
583
1741
8630
15376
1405
13869
12300
4621
2175
4149
8011
14208
10434
12800
5642
9243
12781
8384
888
2896
17159
5430
2650
8514
4627
14878
13494
49
2669
4232
12403
7562
11710
1815
7488
6430
699
1096
9036
7246
4013
13082
12359
12997
13119
15371
9487
13042
8593
1281
14142
14214
7102
4747
1152
9586
17540
7763
8628
12834
7510
8296
7360
5549
3726
9253
16196
5081
11132
7217
3150
11387
6519
2085
14284
8006
16073
847
6269
17183
11276
6194
6053
13177
14951
9609
14395
8002
6154
9402
4787
7046
12588
17566
8911
6359
5144
599
13732
6630
15056
4848
6042
16681
7955
620
9139
2741
2936
1401
6629
2214
3773
13933
11278
11473
10577
12469
13940
3716
9670
5604
15173
9882
17761
15645
17105
15486
178
8315
15693
187
6679
3412
6693
9583
4612
9804
13359
12003
12643
6465
2657
16531
10574
17679
2273
2773
5290
6013
8212
6590
15911
1970
10352
11082
8927
898
12026
9154
2160
12451
13481
17142
8297
1327
9608
1042
9669
6913
15236
15550
9526
434
14946
13771
16312
16152
7282
5286
6771
1144
13972
14556
4552
10113
7060
8452
16042
15671
10095
6655
4916
9079
12920
2793
4244
7319
3276
4255
11289
1339
12703
8859
6127
14606
17466
