8949
4474
4475
15453
869
8444
274
10957
17854
16897
7780
2576
1464
8056
16189
351
9521
5271
5669
1005
16229
9311
9249
12223
16472
4933
14103
2330
1420
11161
537
11299
946
7755
5435
14109
14340
12350
4676
8233
5337
12053
12069
13872
13300
15151
14170
6305
3673
8590
7302
13562
4034
13046
7738
8999
13278
14023
7272
12869
9719
16563
1151
14402
3030
2973
16636
10487
5993
9648
1640
13714
9097
14426
2440
10399
11613
16122
10112
5464
12808
14660
10511
12131
16260
17271
4536
1597
6984
15809
10037
5340
14727
225
8982
10327
16909
5268
14383
7056
784
2279
6246
15367
13139
4606
144
1157
3434
409
16458
17749
17379
2567
16513
13332
8572
14263
7484
10625
3392
12838
1028
17831
16136
11108
3931
10685
9188
597
16370
132
7603
11869
385
12930
2723
10058
11777
281
7295
10989
16153
6221
9827
10927
8970
14347
11730
1957
8747
7242
15972
9984
3549
7559
17531
15373
7492
3648
2426
7118
3460
16654
3875
8828
11228
17846
9455
538
6862
8596
19
17841
7318
10124
10948
11417
11332
2472
1476
9682
1191
5785
8647
1078
16846
13994
4562
8699
7628
11262
11272
3043
10416
4042
331
2719
12491
3414
6239
6941
706
8571
10994
12848
2571
4608
13869
347
561
3146
5152
13378
8875
7154
12381
12621
8061
5630
12260
15549
11099
9056
15130
13454
6283
5006
12787
7352
1832
15297
2250
6338
17778
9848
16388
16466
7709
13426
2596
11598
755
17327
2750
11582
3375
15245
3394
17051
1726
8795
1269
6519
3324
16953
14586
8851
10818
9784
6720
14493
5561
2003
5227
2358
5568
6207
5500
17184
776
3859
7238
17141
2742
4647
1068
10992
6734
4834
11393
11689
5922
9379
7676
15696
15210
3365
10117
5077
5905
7216
3360
1321
5342
10979
6689
2566
3733
3094
12943
9967
16294
16865
12861
6775
8766
5562
10649
2942
2222
8990
1514
16342
9108
14229
17008
8263
5677
12967
11630
2809
3534
10753
7637
14255
17581
5011
5015
12782
13275
8025
2768
10504
17815
16814
7698
9924
12300
8813
17563
17728
16695
16833
3593
17161
7068
17085
6930
6921
11054
15565
9103
8340
14759
17439
6028
13112
4920
9968
16815
11362
1848
5890
8855
1033
16578
505
9461
1367
236
15497
13894
10888
14411
12221
13528
7392
17879
11779
3052
9280
1987
10202
762
12898
477
7702
11319
7897
10479
7254
14952
15656
6493
8890
13697
4279
686
13602
951
3000
12741
8581
6136
9377
2349
17322
778
17209
16178
5589
7828
16203
8720
1072
5706
2378
7832
416
12118
997
10170
4762
14585
2838
3960
14924
10729
10495
13438
5542
13749
6611
398
4267
4415
4070
11184
3034
1127
12263
12116
16684
2188
6531
17500
10837
15541
5966
1947
9270
9134
3190
7209
6134
15640
6375
15342
15871
11922
16201
2210
983
4932
16522
373
15467
721
15137
16128
2703
6007
3476
8072
4857
10564
16345
13716
15976
182
2515
11553
5536
11196
1492
6744
2075
2976
14249
12654
17565
5804
1801
6168
6137
3846
15655
1
2026
15785
2774
2697
16552
11142
9089
11473
6387
16210
15661
12032
6152
8965
15186
10392
1792
10852
1026
11071
17870
13380
10126
15450
7695
14376
9077
6756
15426
15122
6995
8079
9305
8098
12620
11617
1580
4458
11794
3346
8642
3930
14084
14692
17577
2913
17603
13220
4160
15790
15158
11970
12712
8308
3293
6788
67
506
3352
6957
9483
15404
16903
10708
5128
1601
11981
9138
13616
4645
8547
3090
2293
832
424
2441
13702
11855
790
7630
7849
6582
3062
12549
6881
196
7568
1404
15049
14379
17573
16536
7350
5927
15468
11821
17591
13505
5580
7112
6366
1806
17462
14076
15436
15995
2860
11092
3919
13187
16976
323
37
14041
16255
13574
3947
10525
968
5168
3667
14416
2823
14429
3521
15564
3236
2050
10249
2772
7386
14065
1802
9304
14538
10699
15832
166
7495
15609
2837
12920
5202
13611
5891
14976
4254
15126
5838
15524
16921
14868
814
9680
8408
13913
4560
548
6115
6552
9364
16991
6525
8088
10590
14419
2522
13133
525
15993
15472
2477
16823
15393
16702
11781
15070
7059
6216
3007
9389
12713
6962
12550
3287
16854
8757
13382
981
5895
1517
6093
3401
5733
3913
17053
1534
8604
8881
10
2805
8472
5201
6032
15715
9757
17374
16757
14219
149
5571
11179
9916
17750
107
7713
11181
14343
6810
11327
14149
8457
9702
6377
2783
15481
15631
16967
1561
243
10376
6648
7396
16237
13744
2036
7308
9819
563
11437
12842
13803
17475
14796
3088
15439
8988
16802
13930
6196
10482
1278
4757
10966
1936
8805
6249
7672
11135
6683
11384
1749
167
9032
8274
3699
3752
12651
7130
6206
17139
446
15461
14812
148
3935
13104
13126
6863
2156
10538
16859
11462
14569
9947
1471
10620
4564
4616
16324
16845
12595
8729
4847
14546
12344
15999
8016
14938
13650
15505
6311
14557
64
17800
4554
11189
11600
4586
410
13768
1075
5026
13566
670
6815
6617
8045
15502
13520
16169
12483
14580
10290
11994
17321
10296
3208
16106
7418
15784
1163
6332
11006
17060
14663
11453
5746
4037
1867
6356
8597
934
10528
5304
9845
8310
6151
7162
1316
3742
9261
369
1626
16482
15942
12931
8712
6838
5971
12108
3821
9187
15699
4973
11297
1099
768
8320
9616
9235
4873
13159
1866
6411
10287
5256
11909
3896
7627
14003
4630
4198
3420
11028
10782
11080
1613
11891
3599
7045
3641
15838
13397
15069
7224
13960
3503
10204
9438
9568
12735
2321
6138
8880
3684
5078
16871
14850
1436
12732
6987
16354
13812
7195
12402
984
15390
8216
11402
9211
15022
5114
4116
7217
3228
651
13431
16308
11289
570
9558
15067
9387
141
159
14907
14024
13537
1038
9480
1484
10735
8232
13101
1905
9566
9040
10321
8138
7650
15881
6998
206
11548
10942
17364
14807
17885
11172
13398
7675
15705
13192
5515
15573
2357
17747
7221
13050
4457
807
2939
5182
6450
10137
7681
2819
747
15053
10781
1309
11100
16754
12577
9407
15207
664
8129
288
5925
13180
17142
14858
11742
1853
11840
9567
13419
7656
6703
7203
15813
11341
8258
8586
11648
15123
10215
3814
13799
13093
8249
2777
16163
15347
12663
1237
391
17718
9528
562
8918
9535
9343
9336
6482
14289
17324
10733
12988
17650
9481
14740
10468
10274
7790
6090
6625
8374
10676
13956
6601
5225
8797
9207
14491
9605
5325
10500
6438
14424
12850
145
15652
5103
17699
15413
555
8317
8936
14543
4418
12279
15545
9388
9230
10184
15919
73
15861
10208
15535
11420
6783
12423
17150
11191
16633
12428
8370
4680
10939
5892
15858
12763
11422
15543
8898
5564
11216
9969
10241
7351
530
11477
7009
16872
6094
9765
17759
17358
3615
7560
13005
7576
14188
14853
10671
6524
8039
2848
6516
10312
12041
12136
1520
13817
4753
14284
10808
9783
301
13150
2801
17876
5492
9163
12979
14973
8467
9976
1777
17472
4917
10926
7034
10382
11200
6128
7291
16199
3518
11147
6202
8494
13996
15908
17204
2613
7241
13630
11616
15462
11713
5787
9479
10955
15211
15948
15503
4349
16985
4514
10442
6369
16707
15027
1758
4609
4011
5056
5299
15583
12096
9478
6167
8
12133
11574
17062
16184
11173
2110
12683
13964
1267
12938
4978
1172
13383
5998
14320
6398
5602
2665
13556
8489
2781
13797
4707
3225
1538
299
34
4898
9575
7523
15998
6006
2866
1102
2759
8939
921
4319
11409
2045
15104
16159
10447
12829
8636
16697
4610
14593
9006
4759
3551
9408
2828
1910
6157
7276
17331
17764
2114
4447
8344
4448
4668
12294
661
4893
9178
7381
1933
8844
14604
10473
7458
12539
3858
690
17020
3999
4290
6747
12515
10826
10295
15695
13026
9447
8092
5685
14733
16670
14910
2688
4063
9850
17643
12637
712
2631
5600
5538
15142
14811
16034
11058
5085
12851
13209
10344
8709
11061
6219
4412
12813
17541
7846
15599
2565
11464
14581
3380
17291
7901
13493
569
572
2651
15039
13390
14969
5466
1875
16011
9323
17189
3110
3928
9391
16534
17896
5510
5836
8626
13392
8215
16727
14848
11043
10025
4824
2852
17537
9541
12974
2650
7556
16517
9329
12420
12536
6938
11592
6014
13844
4900
8057
6958
15237
8683
14857
12692
848
463
9439
12124
4178
10644
7579
8212
16863
5563
15900
7259
10771
16379
5159
232
16710
7018
7776
14362
5555
5245
4901
8058
17303
15651
2233
8694
12005
12676
999
8459
12475
3297
13038
11075
4283
6173
6567
3278
8492
12719
10742
2224
2529
5576
7069
11565
7993
6742
11530
14981
9776
16738
6079
13296
14032
8555
13785
8040
2187
10041
8055
6874
15429
5729
16451
5920
13525
10346
11234
947
15194
2144
11432
12625
13194
17510
1696
6331
16208
14779
9981
10162
6894
1054
2130
3413
9472
15176
9877
6872
16860
11997
14709
1181
12249
6084
16491
14760
4954
17792
13141
13370
14789
13959
2630
2143
13131
12230
7035
11144
17187
4643
17780
14777
13292
3424
3172
1429
5066
13320
1488
10347
2449
13632
1325
6172
11211
6824
14881
9268
12928
17160
2601
2446
10591
4585
692
14472
8032
9752
7952
14880
16937
7597
10307
14361
2416
12189
3758
8946
15676
15709
2051
11482
7761
14447
4040
17091
2813
8231
11902
2646
1085
4725
16599
13920
2108
9218
14198
6680
7449
14441
12197
15231
8350
8284
5260
16449
4673
2623
12937
13330
9540
9560
3402
1614
9380
6769
4689
1378
7654
13381
13000
16171
16062
10114
9713
15663
14021
14689
4238
12237
3715
6684
12363
8226
9799
3591
10233
13156
6861
4639
6170
13206
70
12047
8170
481
6937
17845
5334
13236
16474
15
14115
12443
13814
8779
8089
4592
4216
15602
14595
14251
4182
9110
10522
15329
12175
16401
4796
3247
4058
13031
3005
8717
11751
10552
5547
9326
9276
16541
10586
4372
5043
15538
12455
5668
16091
10558
5195
1259
10132
14718
10998
1784
2041
734
11952
17251
12204
5655
9835
10723
3540
12609
17857
2153
11199
8266
10026
16931
17583
3153
14451
5650
17658
13337
17370
1400
1779
5165
10645
12918
5913
15179
17287
15353
1657
9816
16643
4218
1708
7340
5824
2262
6718
16994
16107
2111
335
6944
11762
10987
4454
7144
6650
5144
1137
1994
10491
3816
3689
12280
15648
6161
936
14162
3713
5827
667
3210
4442
9738
10795
4892
11106
16290
4744
3474
6771
8654
3993
6297
5666
5010
3802
1313
7005
4168
987
12332
3559
10876
13741
4756
12367
5896
312
3681
539
15060
13508
8345
11999
10387
8066
17674
7581
11110
15750
496
12424
15077
2572
13953
6884
2737
14008
1577
8889
14735
9995
13746
7831
9450
17263
8755
90
17430
16855
1330
8257
9681
3768
15281
3895
5530
15111
15277
12104
17353
17413
15365
11066
16356
15842
14532
3372
4634
3909
2181
10972
12535
12425
3512
681
14577
13151
14283
12245
10250
16305
7877
1527
8992
16139
469
14711
2981
15483
12545
3950
10217
1916
15153
9517
12348
4232
9736
14245
3299
13655
7917
14224
112
2288
11983
8480
16610
3369
5808
6961
6591
802
14211
4163
9914
17249
3449
6158
3708
15903
2405
2721
3227
15954
1996
2197
11631
17048
11451
11726
5508
16276
3074
14055
8749
1692
12876
2829
2344
11764
12121
7499
6766
2242
8669
16834
169
5237
8736
5164
199
10200
6051
10904
5784
9550
1870
6976
10211
4998
15884
3975
15458
11098
14841
4991
1734
11744
14971
16656
14481
1522
1774
17511
803
16383
16579
2656
15255
334
14497
3539
6481
3410
9094
3056
7680
14334
15707
12826
12758
15320
16204
5406
7369
1669
1864
17277
1995
6772
13256
13689
3280
8222
12644
11037
16084
8488
12993
9496
6430
17044
4602
3398
13137
14623
2948
13056
15209
14125
14571
1424
6118
12653
16788
15572
5675
12194
7660
11677
13136
15223
2817
14045
11576
3298
16360
7717
12548
4848
2970
9900
6097
12416
14096
15115
14364
7973
11476
12803
10024
7781
7882
11190
12440
1165
8959
14983
266
8798
9028
2907
10768
10108
417
5044
17489
16719
15300
13283
2941
3714
1443
16652
15720
8050
438
12896
17788
15911
17101
13116
11654
5965
16547
14197
9975
3587
2818
16716
15427
13037
14667
16196
510
5989
4106
6072
3361
3722
11935
4325
8954
9159
10704
8221
11118
11852
3848
10879
15003
15635
17180
11718
14605
9633
6671
4060
13893
15120
2389
1173
10871
8269
6381
2807
241
13190
12407
17762
11472
6267
15480
14783
15197
6593
5974
17450
11045
14927
5674
6917
17419
15638
16459
13597
12365
9726
5215
3475
12859
11215
10489
3694
11705
15523
16413
10937
9617
17891
15991
289
1922
12071
3235
8290
17293
14156
2857
15533
9213
13858
6188
8559
5611
1927
5418
2799
16617
16832
1304
4969
10464
16559
7644
16198
1930
11645
15116
9111
2569
8953
1570
4641
16282
2172
16101
680
1550
7314
9524
6261
6858
9415
4813
2276
16828
11343
4056
13434
4492
4309
15843
9033
5450
3100
15801
13836
14851
15712
7759
2195
14214
14815
10073
17533
10766
4700
2545
7134
4902
17118
13896
5030
3422
5632
2786
1649
2369
6010
736
4334
15275
7415
7315
9774
5503
9802
11790
6132
4250
2106
10138
8155
14929
4125
8986
8594
4346
5274
14618
16460
6952
12183
12207
16705
15097
11557
6785
12958
12142
13168
6773
12039
8299
751
11442
4520
1395
1841
7618
4453
7222
168
7851
5212
17890
2238
12120
12757
10324
3568
2016
10919
3469
13479
178
16701
16623
12328
2268
14610
435
1348
4854
5
4877
13621
10282
12724
7677
17555
7029
8692
9065
10572
15072
13889
7137
12558
1920
17039
17010
6500
8325
5939
11168
4177
11658
3847
17691
12358
7770
7880
15562
4270
12873
17192
16202
7038
12486
4783
8309
17480
16792
8442
16691
7338
5959
4098
9417
17600
14854
10155
7046
3750
9749
13475
2267
72
4315
11657
2010
5806
15593
1110
10786
11933
11926
7966
16495
4017
9952
3242
3645
1448
14757
3305
10662
12538
10627
3080
12426
16822
16303
5717
13477
14479
13028
4331
8455
1989
1166
8385
5452
7844
17304
13117
2138
4294
13427
14048
2216
6240
7423
896
17264
4176
6408
13922
10630
6859
7779
6646
14645
10173
9216
7367
15154
16131
7055
12498
191
1458
2662
5901
779
2056
4456
10892
15803
14766
16813
8861
6752
1447
13415
13058
14892
1945
16989
2635
2670
7868
11370
8676
1644
1881
10061
2351
5086
3514
8100
1161
14483
8378
1641
2724
11529
3187
14173
4539
5074
3988
10227
16812
15080
13007
16492
4542
2606
1356
17131
6908
16951
10326
3704
10737
12302
6045
17361
10581
15400
4960
12874
10152
13170
14644
10724
11141
14183
9856
7800
16215
964
1756
9215
4351
2290
10851
14607
3391
4548
8434
4311
2306
16734
13638
2120
17589
11176
11928
13838
5004
15872
10896
7006
8482
10011
16669
15627
17232
7723
9870
11614
6429
13143
13891
6053
9295
15169
7413
17452
4808
5816
13926
2924
13293
5277
6570
9399
13441
15042
14675
1055
1149
15313
4771
7382
10373
310
1066
368
4865
11603
6154
890
4390
6242
7838
8401
13040
3527
8759
10819
5069
1377
17216
9428
15218
1339
14161
12641
7970
89
10544
10925
1413
14801
15469
3255
3618
2168
5649
15943
14351
13649
5386
1860
12359
2375
11538
3050
13763
9146
1546
11712
12998
3218
6487
7919
4930
952
17178
1199
9867
15085
15036
7452
15951
8830
7236
16540
940
4722
2953
13083
9961
8821
5855
6419
2517
17731
16427
11973
4211
15108
10604
5045
12244
9426
13968
7751
3303
17729
7972
11545
4918
5761
2684
15265
9737
7663
12170
8701
17401
15753
7439
10777
14589
4481
423
12278
16064
11964
13756
8081
9002
13705
16065
10830
12512
5777
10248
9931
6580
17111
11328
3871
8741
8989
14906
17222
10252
8108
5958
17014
4940
14871
12436
11785
16728
3018
4678
6778
11009
2294
14519
4465
2134
3379
16367
11797
15633
13945
16932
16375
4937
3128
5935
6584
2561
8161
17354
9064
12812
15540
4145
3151
16245
9495
5385
7619
10800
16374
13134
10212
269
8933
4970
1481
3844
13127
5983
13461
14369
1159
10220
13840
5446
6226
8289
13527
2231
17299
8298
14247
16185
16428
15063
11136
5560
15076
15854
5097
9883
5336
6496
13152
6465
11864
8247
551
6852
13901
7578
6463
473
5862
16917
16585
11004
1979
15740
16489
6687
11304
12347
12225
9843
7984
9165
14639
11466
10577
4295
8311
2553
6738
9986
16364
233
10047
2593
826
6541
14637
745
11236
4871
3717
9644
5380
12200
8775
17522
8093
13670
10028
5517
15050
16409
9640
15335
5383
3124
8960
14172
2825
502
14967
11284
3788
17390
16395
12107
14431
13485
10983
17770
6950
5710
17720
11863
14228
8331
8070
15742
2984
5170
2170
10408
6909
5617
11264
998
7011
3584
13955
8925
7605
3860
6475
14957
5005
6293
9641
15731
5197
8964
14753
1454
7432
2761
3193
16256
16296
15030
9855
9016
16746
9800
4922
6413
1226
13560
4819
16417
2679
7237
2282
6355
15679
2523
11178
10159
16420
10448
1361
7535
11194
4951
14916
15079
6165
14979
180
15101
9587
12769
6490
17317
16830
15229
16012
3989
10231
14060
12151
8822
6507
3777
4078
3829
8621
1114
3377
12099
14870
15196
11308
10439
13234
3819
12040
3275
12285
2237
780
1007
11831
6882
10741
155
8205
10866
17847
3825
7019
2081
897
15994
767
1370
660
1261
1998
9677
11594
14998
6768
16529
4280
10432
12749
6784
4122
14865
14835
15650
1617
12883
793
457
14774
13654
12774
2842
8268
12742
5473
6973
1425
7895
6730
7061
11733
5918
11599
1396
14541
5658
8874
15055
4503
12418
3212
6672
3900
282
13448
3863
13265
9667
11103
17018
4014
3652
5624
14058
7789
16978
2530
9027
8507
8358
16412
10414
7456
962
1558
15325
5894
14475
4229
2912
7270
17237
7587
8377
8244
4737
3899
9041
7557
16287
5975
1567
8126
10054
9070
2194
8710
13044
9464
5222
3111
15395
11305
12814
12909
15570
7465
5208
6284
12730
17031
11660
17535
13471
17238
2702
11876
9745
10086
4956
1712
10588
17001
10556
14919
11127
17784
8187
6265
10718
17284
3647
5257
17112
16016
12853
4196
1194
6462
16323
13521
9469
604
9556
3478
11064
9628
16436
12242
10081
3872
13022
6876
8746
14963
14664
14088
2419
12649
5762
3823
11703
6324
10609
2791
15932
17464
10370
3274
15643
5307
16589
14050
1155
4846
6260
16598
9148
6140
15788
6312
12541
1148
16251
12557
357
15769
1585
3730
3853
2012
2355
14282
9674
5112
13986
9886
321
11826
6751
14059
5708
13009
7325
9155
1187
16331
4493
16496
195
8246
17186
585
6251
9166
11222
7197
2632
12114
9903
2310
611
13991
9505
12862
5209
16905
3261
12559
8657
4187
7274
14856
16554
5282
10201
10562
13121
1189
4778
6142
17649
6201
12751
3759
12789
10082
11167
3156
209
17223
333
6612
13730
15797
16678
11827
17647
7549
5275
5686
15150
7030
12867
10340
7083
5234
1044
11581
4188
15584
1683
14015
5174
13189
15645
16188
17877
82
16607
4333
16621
11062
7363
6638
3874
6033
3501
13993
9244
16408
3203
7708
5333
3776
1780
5961
12345
7687
13453
6371
4925
1662
2430
16693
3557
17123
11735
11202
4359
1461
15134
12037
15315
11094
13789
7317
7574
16051
17416
12586
2135
4803
3603
4868
5493
297
7266
16939
16893
16627
17538
14363
16635
4809
7120
5565
7788
345
13153
14890
14665
13123
15168
9310
11877
7729
389
15479
9791
7745
16827
6368
10109
9036
14281
15249
6665
12884
15525
17459
8659
1849
7498
12298
14775
11427
8432
13992
3253
1364
6571
8211
2223
8578
14212
17667
3390
5042
8086
2556
5906
6470
6186
12657
10031
17257
11093
13165
4591
14201
445
13790
8871
14693
8548
11504
4945
12781
4818
6969
12915
7762
3524
17084
17196
2032
2199
3415
9003
9430
8923
7227
10678
12
6600
2520
3191
9092
1551
10945
8892
5198
5756
4631
1515
15786
1536
9563
12995
13645
8236
583
10436
11375
9946
11277
6498
13446
7373
541
11941
8054
7928
6806
11889
781
13999
15234
10122
17662
16212
12639
9054
12329
6653
8194
11349
13492
17132
6686
6792
17776
14734
11088
432
14776
13507
12600
1751
2776
9119
17148
12880
17805
11682
14988
8476
9676
9778
1327
644
11408
10172
8158
831
468
16737
6837
15566
13513
5512
2
1040
14176
2309
3915
6817
5795
16576
17233
4766
895
8969
4522
17012
7228
350
8713
4103
11348
10397
13258
12606
16088
16478
16175
579
14182
6782
11757
4038
14673
2923
4304
4452
135
1869
17888
14053
7088
1572
9300
3685
5483
6224
9157
6203
2498
6954
9712
11371
6924
12101
13729
3576
1581
44
9684
6657
12488
10817
12563
7757
16426
14948
16480
3585
3344
8587
16787
1073
5413
3107
5093
1623
17894
16899
1796
13641
10017
12847
13653
3354
17705
12087
6910
15674
6038
11515
6306
12773
16518
12673
15095
1532
16176
5792
3633
6540
6139
16470
4581
14724
11001
17245
16293
7932
2342
14397
15214
8809
9341
14629
9330
10016
14529
892
15290
526
8643
8103
6642
5072
4527
3378
1274
4064
12240
943
14893
12668
15630
17273
6659
10965
1923
11838
8514
13989
16058
12934
6554
1081
9294
2225
16644
4793
15537
7113
5109
6386
17414
4054
12214
9125
15038
14414
8947
8998
17566
10550
14409
12001
3671
17867
11739
5523
12185
7405
14496
1596
16330
7360
13721
5810
2676
13342
10100
17514
17534
14087
10968
7768
7299
17252
575
8440
2943
10565
11241
2345
717
14033
11086
12962
860
11595
5815
5889
15312
14262
7437
17054
11316
9655
9087
15512
1282
5020
16570
14473
13962
2037
14592
15681
711
1861
11678
16456
11356
8558
14986
319
14069
7907
8839
17789
11729
15495
9405
8686
8497
3122
9168
17895
1401
12497
9420
3940
14477
16724
253
14381
15464
17431
17761
7887
8561
4589
4981
926
3598
16906
16759
9195
5390
8256
12091
11151
10353
5100
4637
12177
17357
17426
3071
5018
13863
8600
9271
4383
2232
4569
12088
3838
5951
8501
13480
4840
1871
9352
10240
3555
2901
8769
8932
8077
5230
16435
12645
13923
17421
5432
16162
2544
7258
10971
16119
12432
5438
15106
6075
668
14399
13583
10426
9337
1789
11747
1610
6148
5900
138
11267
15056
2951
1776
631
9444
10884
7773
8477
10964
15776
15131
14358
4092
3809
622
5089
13198
2836
1968
10880
30
14295
915
17760
14818
1442
9607
15212
1334
4712
5476
10136
4770
5404
12422
12094
1782
13248
1739
3045
7753
13936
5871
7874
4862
13418
15368
1653
13599
17092
12372
11263
11611
14205
4621
4665
5726
9693
12564
15931
7686
14465
13696
17829
13671
8815
17158
11490
110
6088
7207
13938
5937
17143
2616
1410
16682
4754
7863
1050
4271
754
1053
4914
9740
2609
10776
14678
6956
11206
4450
14253
17840
13954
1069
8402
15840
12508
1999
9394
12333
12438
3620
7401
7839
5543
15689
13347
4365
753
7334
8028
5570
15830
10139
3586
7727
17144
8242
14
9307
12925
7384
1495
1586
4427
4012
13735
12819
1397
2270
12956
10967
1233
16145
2390
7438
7812
5131
14930
11344
8675
11300
13947
6762
17169
7289
8632
10559
10110
9690
17241
5081
2353
15397
4208
8567
7430
7721
5220
12018
8238
5179
3726
4557
4964
8733
7229
11243
10726
5494
15396
7171
9104
10038
220
15340
17633
1123
17448
13787
4091
7194
11
14323
13675
6532
7968
743
9629
13387
703
13128
465
1340
11242
4104
9789
5577
11416
9510
16722
3632
7164
2217
16963
2152
11874
17155
2071
2455
6380
414
7769
6352
2295
12537
360
16622
11454
5117
17574
12576
4200
3055
7843
7875
11774
2900
1235
13279
8064
13039
14420
3396
1487
14786
7894
6252
11980
8430
2028
829
4367
10027
9794
15206
4356
6124
3300
14533
2127
13182
6866
3556
17676
10520
7963
9875
9549
1571
8468
714
11395
4946
128
12479
7580
11324
5284
1518
41
979
4828
5242
4424
3205
15521
322
14570
11290
16769
12754
10862
12287
3358
4385
16961
3037
15845
16512
7326
4690
14861
12064
3509
16626
4157
12445
15114
11016
16556
16550
16109
13775
142
3485
1241
278
4825
5866
3188
2826
3582
7453
5285
15280
14922
4518
14154
10524
1120
14632
303
10825
17562
3323
7003
12264
6421
14345
5134
1244
1958
15629
7817
139
10013
8411
13070
9940
10103
2484
12044
6004
14713
10358
1206
16924
12066
17041
8009
4607
10832
7281
857
641
15592
14680
7365
815
7598
7590
4007
11389
5410
13064
3698
14537
4072
10931
467
11413
11002
9194
9414
8912
10841
11570
7239
5688
1753
13425
6362
17205
13277
14329
13375
16852
9782
5631
10452
1703
11694
17016
4484
12568
10711
9114
13663
5737
11084
14185
3696
17038
16908
10614
1760
14433
2757
2431
15064
11858
9685
14353
4148
4613
1343
10639
5575
16487
5619
8112
1794
17611
13690
16703
4308
2324
16123
13421
971
17816
11258
16715
15291
6135
14719
6737
15575
2874
15000
13762
3232
1645
3336
9303
14556
13584
3693
9259
8116
205
1462
5145
11899
8200
17441
13719
6043
3097
9234
13255
16336
12722
11394
12840
2171
13511
9267
7024
9945
12255
6477
13698
1612
17653
14725
1247
17286
696
5235
2422
4223
16075
1366
13771
16935
15899
12983
5698
7977
13656
11754
5367
12706
13995
9127
3839
4826
12947
2995
2183
16283
7971
6989
10848
15763
8852
13179
16717
14309
14314
13978
9543
12161
8393
8768
14515
5270
7141
5933
3337
1249
15947
8950
6992
13773
2618
677
636
1124
13287
11293
1990
181
3764
7016
13470
1574
6468
6021
3131
5306
4268
5316
13002
9474
7693
10531
2047
2363
11845
7808
4596
4425
14421
3537
2068
5444
1713
9887
17022
4121
4580
203
2663
7101
1917
10042
6530
6107
13373
5771
1594
11878
8229
12349
6557
1025
4629
7114
13314
1240
8922
1913
3727
7964
11732
10104
11526
7398
337
2789
16325
6215
5001
15410
6494
7974
14130
17274
2113
137
9657
16266
2779
9653
10587
15040
8673
8521
13831
12311
4033
4306
1289
4721
10764
5382
2062
6619
10673
16477
5760
12162
15051
4473
4891
7345
1286
13208
13401
12704
15960
12618
4983
9367
11326
5199
2610
1704
11771
5531
1921
7989
1602
17242
17376
16441
648
6666
7316
9378
11298
9191
7467
14384
15836
4443
17026
8722
6022
7955
7954
6678
15273
1351
15418
6420
5978
16667
3103
1311
6417
16443
15561
4765
9515
6893
4775
13414
5831
6757
8606
5474
10062
16798
9768
14696
11930
4912
532
7285
7667
5846
4817
13124
11541
509
13231
2683
2744
5533
13173
6437
5090
1684
12569
16661
9925
12299
613
1710
1897
10379
7354
5702
17850
3676
842
4360
9841
13359
356
3889
245
2317
12188
13323
15432
978
14202
1985
13538
16036
16100
5027
8704
13777
10410
15349
620
3313
9401
16762
4788
1956
2691
3782
8153
3712
11910
7441
12125
16111
9358
9584
16415
14268
10018
3724
3046
3224
4400
5238
2360
8904
4411
13897
7074
13102
14002
1632
3411
15021
7279
2903
3794
376
13567
2580
8641
5359
15025
13340
16399
15145
14528
14749
450
1939
669
13506
1593
3285
11798
6932
5384
10470
10298
13188
17457
17105
157
16817
5812
8273
11036
12821
6031
2921
772
7311
4249
11643
9346
5499
15338
5781
8416
12816
13925
13080
8241
6635
147
954
14770
14261
17011
5039
5606
7706
5682
7856
6067
6263
3908
10506
7482
5944
7623
15202
4237
1976
1203
6195
4939
14195
12723
1808
8473
15957
7187
10601
17508
1024
882
6978
12604
3657
2960
14745
14863
11800
927
16261
9335
7998
17114
17843
4831
806
3419
12968
588
273
15452
16500
9403
14643
2967
4297
14790
4195
14597
12708
1651
7867
10934
16454
6455
6066
3129
8306
7129
15460
17477
14575
782
11456
7042
4650
15052
1668
9630
8240
17077
11433
261
7173
17504
14939
7811
2415
7949
8130
12613
9457
13435
1362
17135
3454
8405
11540
14113
7670
565
3946
185
15968
1104
14864
13958
9204
16241
7256
15093
12910
15496
1915
15730
7051
15857
8595
6467
2204
11890
5662
276
4528
15099
1465
5308
16133
12284
10570
4614
6303
5949
3506
9025
6492
16938
17342
14322
3017
407
10118
94
2577
14648
2189
13129
854
1254
8048
9954
17871
6459
15167
16611
8014
35
1833
797
3483
540
16764
4430
17862
15738
991
9272
17288
10773
16523
6104
1175
3482
9864
16520
17807
13684
15321
10205
17281
1894
8816
13826
16138
14517
6427
11335
3757
1384
7234
3115
17137
11218
2137
15542
6947
187
9838
1350
5249
4130
9392
4861
2521
14298
3385
16421
9400
12525
17872
13393
3433
2795
1793
12878
16085
15278
3970
15746
13503
13015
14883
96
2620
13115
2107
257
12727
12864
11438
15259
15668
14832
4272
16919
16018
8814
4075
14914
16250
10435
10484
2169
4155
14960
9957
9849
5016
15487
3470
91
7609
3924
7397
11791
7642
1878
6645
5967
10857
4345
4080
13819
13501
1170
17297
12258
6272
12875
10824
48
9284
8348
5017
6765
12855
7288
7264
15568
8004
11246
17657
12460
4692
15354
652
14717
4553
58
15414
14773
697
855
635
10763
8496
11665
6696
1943
8302
17512
10315
12822
2751
17757
7165
179
7489
17373
8977
6907
14869
12520
11559
1057
524
2176
9338
7186
3373
8770
995
7704
10693
7531
17702
7767
13805
3220
17136
715
1907
6664
17809
11247
4681
9659
1251
16756
9779
15686
7202
10044
10623
2220
13557
3573
17606
7614
10144
15364
9217
13355
11612
7440
4429
2350
17811
15747
4625
598
16549
16680
14852
12941
12923
11366
16706
11669
13561
12336
2845
14772
9193
6101
7807
12940
14769
7608
1227
11032
11853
11378
4391
15089
15160
14037
7632
1552
17496
741
5062
7684
4698
11342
8916
7915
14813
17623
531
7688
8833
7323
599
13254
5422
7344
12801
2087
4471
3670
886
9180
13350
9777
5315
2258
9199
3873
5802
1154
11903
1417
2322
16205
5950
5796
1711
15199
7145
16690
12863
11583
15719
1230
11835
10384
4293
5223
6636
11942
3662
425
11480
15958
3569
15215
11396
12168
1168
15935
8301
3936
2046
5330
9868
14030
17428
14090
5345
15382
11547
2563
2155
2395
6698
15915
15556
2086
3561
16313
3865
3605
3453
15654
13457
10236
494
6166
6372
16583
14330
4496
4076
5691
12238
1494
6337
1984
8752
2227
16732
11784
8719
3701
13839
13351
942
7505
15804
13228
3981
14544
12196
16625
6702
15680
3148
16581
5436
15062
15547
5842
5550
16225
16679
2406
5544
6156
16234
16242
8015
17167
16179
16797
2543
3081
15603
6102
17109
15761
8251
2379
12650
16944
16615
1475
6059
13449
14558
3095
15920
263
10788
13990
13555
2166
12797
16870
15619
10744
17624
1659
11048
11789
13193
4693
10125
3583
4795
3983
3076
10829
7406
17878
10542
8431
15346
10582
11229
4953
9649
14111
6841
0
5987
14701
7987
8409
2617
16113
5370
17529
7380
17433
13304
447
4651
10366
14746
17799
11411
15118
1843
12313
5353
5155
1296
15895
8369
15314
3731
10648
16519
2332
16929
17099
13178
5113
15928
13976
14522
1643
2599
2174
16052
2701
7803
12778
7178
10389
3969
3679
1755
7703
2853
10755
13818
4740
441
3273
17661
13076
11939
16089
2021
6182
1685
7095
4508
15071
2735
17124
14223
12922
2578
2256
6628
7099
8234
11207
9299
14168
1759
16099
10317
16328
2207
212
17719
10803
17243
12961
13008
15587
4185
17377
10849
6150
1451
11019
12687
14338
16182
5371
16740
12524
9017
189
1463
16320
2974
10146
17380
4083
3182
55
15604
10294
16285
12555
805
12251
6461
12975
3033
15339
11503
17037
3669
12390
12984
16165
12697
16945
11702
3425
11558
133
4936
10654
17346
5932
1082
1757
15552
8631
13288
10765
14151
247
11306
14594
15546
9759
12667
7878
5522
9996
8248
3053
5491
9833
7420
9725
4648
15560
2587
1016
4718
16538
9865
1144
14638
14438
16837
2909
17071
17628
11895
7394
13490
13011
9884
16112
6731
11257
4043
7076
4657
9734
6939
1372
16419
3629
1940
9714
10440
238
7506
10958
1354
2895
9874
6153
3728
15694
16055
211
12656
11609
17771
13606
99
511
13898
7537
2861
10804
6278
12286
5501
8074
8376
13218
4388
6798
6364
2894
15964
2280
14817
9107
13006
14480
14339
3849
11610
11520
13988
3234
16468
11967
14700
17256
5343
4384
6237
17145
15146
17318
7883
4131
17378
12010
6722
7065
866
4590
4870
5754
9972
15437
6472
16021
5626
11380
6442
12681
1412
16790
7472
1714
4652
3528
224
10952
9687
5398
11684
5851
13598
8780
131
925
3600
17341
9262
2300
17395
16135
12095
13550
17025
3792
13422
4576
2273
14630
9797
8682
7208
14484
6800
12029
16720
2604
13754
14074
2112
2132
3296
9410
15044
15885
937
2400
12353
6259
1568
4019
10394
6155
9960
9533
405
6334
17588
14765
571
8544
8277
16825
1895
5872
6929
10706
8065
4093
16782
14241
3762
1142
3355
5310
14239
14966
8353
2480
4227
10030
5923
3774
12490
338
7818
17427
4773
9022
12760
880
13226
1037
15251
824
666
10653
6836
15922
5124
13835
14350
4199
8046
12149
8899
708
5241
4475
6597
15923
13183
3039
17405
14474
7930
9263
2139
3974
10403
9823
15956
610
2633
4151
7992
5184
16365
46
12976
430
4486
17526
862
9662
801
8012
14768
9899
15144
9298
4
14380
1087
16277
6846
9795
13622
14523
6039
4485
788
6282
6061
6044
3590
4204
1539
7694
4763
1266
15953
1086
10228
3625
1112
8167
9896
7497
17605
15351
16898
6163
12106
7691
13311
3383
7836
13541
2338
7477
15271
13859
17861
13515
9248
9930
14123
14894
1815
9369
3412
16940
14918
49
17656
2159
15020
10940
4811
662
8018
1116
15892
10546
16567
13242
9031
5178
9086
3901
4890
9534
8589
6891
16253
10928
4047
15780
8702
12132
4777
10234
11857
3991
8857
863
8120
1393
758
9564
11646
16896
1785
11440
13476
1932
552
7282
3143
13388
3268
9935
3664
1499
8556
809
16239
1480
2452
8389
1971
14721
11626
13757
9150
3978
13199
14152
4022
5912
16650
12259
6491
17609
3450
5012
15728
8305
8083
14114
10263
9891
2518
4446
2950
13054
7640
15006
3465
3490
14737
11916
9839
1411
12871
11008
14469
13944
6319
2074
15348
12616
7539
15293
14276
16647
490
13294
4001
3246
9390
12400
10293
15166
12970
9220
8800
4867
9446
359
9818
7857
17505
16638
11579
15261
2002
11470
7900
5008
1516
1589
868
12377
9373
10319
825
11041
15852
8426
11982
5982
4679
15636
7986
9424
9763
12648
13386
17153
7296
7772
10151
4534
6181
13062
10401
14908
11146
10235
12382
4142
2287
908
8598
14196
11331
9956
2592
8537
14389
5946
15727
4305
8668
11544
1225
13571
13615
3376
3326
13144
6244
8294
12453
15304
6997
12872
13356
12187
17701
7473
2642
5102
13791
5705
2494
8552
6789
12309
343
7798
6257
9406
7036
14126
9203
13680
4882
15625
10859
7774
2917
5801
1382
12886
14036
15716
4298
17853
4869
9251
11203
3581
15637
5964
6693
13327
8417
16858
3329
6514
16017
11285
6277
5187
2986
7741
14454
7368
12113
11722
14054
7262
10908
3646
8133
16476
12655
15623
12454
17727
4466
9632
17443
11352
818
8217
3281
5593
7558
8380
10535
2896
8394
2940
16114
12312
2598
4501
3308
9072
2504
6682
17366
14563
993
10780
941
8935
16384
9068
2831
1825
10641
7602
14136
4410
9332
171
6285
12216
4993
6605
13270
1857
121
3451
4790
9913
17604
6351
17787
5788
9503
3384
5622
1399
5948
1353
16696
1335
13870
8428
15337
9742
12074
9596
16979
8983
11639
3118
4738
836
17393
17515
10499
7737
15143
6575
4729
4368
3916
1132
13708
10356
5758
12950
11888
14875
9876
10048
7641
8207
1299
10672
5942
10897
9081
6100
2483
3505
1252
458
14704
15019
15485
6092
603
12740
6335
17047
13856
12081
6572
3719
4957
6609
3707
959
17730
12770
17292
6290
1029
15473
7546
17336
6262
7854
14388
12036
4146
4215
11024
1752
15807
8068
10923
5437
1336
10260
518
2540
17140
7320
2102
6065
16648
8180
14134
1497
5361
16191
15161
3920
11737
5968
7048
9071
7826
14833
5190
15238
16525
3996
15768
11879
8897
12371
11270
14222
14377
8107
16432
12710
7263
10779
12157
12190
1986
13909
1526
12680
6309
12174
2364
2944
17856
12529
11893
8569
11513
12413
8879
16808
5985
6489
15457
12582
17827
7837
7810
4291
7132
8333
17343
11271
2731
499
11550
12973
4776
2475
2346
9038
291
9260
15585
4307
14099
13609
13148
2716
14819
5722
13564
12469
4935
6669
17104
11917
15244
6948
9279
5142
7079
8580
10207
9554
1147
8214
17645
9806
13760
1328
13464
2034
13850
13111
5839
8193
4530
13361
10156
15033
13718
3213
10308
8705
11021
12145
13230
12684
11180
13412
4395
2251
786
9866
11637
7284
15701
2878
1709
9664
15828
1306
9923
4709
13570
9625
13161
7159
1839
14931
9513
9988
4287
11925
17185
12661
7102
1133
10720
8660
17268
8789
16376
12218
3072
13706
6071
12268
4533
14602
17339
7668
13196
2859
15219
16725
5408
1729
13004
3721
12881
17874
8541
16076
9905
1071
3987
2241
2989
3304
14886
730
17066
8188
7908
4626
13090
10938
16818
1731
17560
10759
2830
10913
7220
9214
11728
6416
14271
3316
5599
4888
14391
10351
8696
12579
2582
7463
9739
16609
1065
10941
4406
3795
2726
7724
676
7635
9046
15416
6830
8019
939
6433
3197
12473
11624
5573
16926
7746
535
1279
774
2525
16789
13455
15762
5504
3279
16206
14756
5583
17579
15139
5366
14504
8313
5122
16116
69
5973
14007
13822
5692
17316
5154
5441
15470
15026
8995
13912
17584
7830
14250
11337
9212
366
3195
8772
9929
3223
9374
7017
11536
4090
13743
6809
13736
1906
17564
5484
6145
6401
6078
8908
14624
5289
5248
8127
7026
3312
17580
13312
14242
6255
10099
8564
13523
9085
16545
1281
12327
4120
13514
1305
12777
15557
8031
2445
8438
106
16301
2706
9953
7023
3445
13379
12288
13587
14620
8620
11469
7922
11655
14999
17190
1638
10065
14101
9066
1150
1608
11303
7795
5917
14269
5497
5753
3087
12077
12981
17255
11159
1143
8213
10805
17406
4844
7010
11914
17672
15463
12738
12323
13866
17149
4982
7123
878
6062
3888
6754
13693
16584
10679
13059
16671
2654
17218
1109
10378
593
17513
6692
17248
11498
6758
16606
10719
12319
5448
320
4899
10730
5296
9652
5360
1606
12991
3092
14138
3972
6126
13886
13119
1620
9683
8036
12457
4225
8164
11250
6341
7658
5818
887
4127
12464
5351
13035
910
858
4782
7750
14512
2133
8540
2329
472
9252
16565
17488
17424
1472
9764
3026
8538
10066
15741
10131
1483
13733
10342
2541
229
13063
3550
14785
4789
683
12398
15722
8413
15204
16442
2957
13067
16346
15876
13079
9047
1128
6647
7461
8495
165
2148
6534
17081
6307
16784
12718
10276
16927
4895
11517
387
11237
13284
12726
3674
15517
7125
10597
6623
16889
10509
16504
14191
16646
5723
2088
13601
1491
11274
1152
16028
16035
13784
3108
1001
12664
8599
12767
8634
10259
5623
15530
792
15528
3310
10772
65
11213
3806
7938
17722
2962
15012
1262
17027
13942
12959
6905
14975
12270
8739
9798
14702
9130
9532
9083
1891
10244
15869
4683
1437
17619
14795
8454
16751
4879
14423
125
3579
9209
17830
8666
17598
5064
11101
15735
9141
6694
6254
6594
3241
6464
12065
5065
6428
15361
817
9449
11508
11809
10388
5149
5095
11522
14246
7166
8671
11471
11975
759
16317
2404
10865
5819
12437
16307
3661
9001
14708
2538
15043
15641
9959
8570
17207
14695
14498
15729
6518
7943
283
13648
16121
6993
6363
11120
5840
11884
202
7950
8185
7613
12492
10756
11445
14139
14081
5073
7906
5061
11802
699
11365
13813
384
13871
13450
4077
16220
1019
7037
2434
6103
6185
258
10895
3427
9347
7155
10523
14662
11329
1380
1308
3588
10721
1067
12277
15233
9370
4810
2439
3580
17610
760
13810
9932
489
15213
7652
14634
3589
12103
3494
9821
5021
15048
12261
16247
134
638
9859
2255
9353
586
9432
614
6576
11844
2122
16604
1359
7861
15734
16842
8160
16879
4322
4774
12700
16416
9747
10478
10592
9292
1935
3049
820
3023
8314
2945
7806
4909
3174
14273
13225
17369
10198
15783
12856
4109
5233
14095
13635
11280
6741
12062
1919
12944
13919
7653
5240
8475
6291
1195
3001
4192
1300
13120
16344
12501
8546
13644
15905
6818
17758
10820
2442
11428
8096
15944
3511
989
1611
14494
16829
15941
3442
5060
4405
11995
12355
13077
5907
5049
17436
14683
14763
15228
2675
15946
7569
17171
5096
2532
2421
3367
12366
7740
11035
12543
10179
2725
15806
3522
9516
13661
15250
10014
5552
7446
5860
9172
2327
9889
3797
12594
17367
17045
4670
10406
17754
9126
13565
1973
9679
11338
3447
13535
6037
5834
5995
17680
3351
5175
11958
14962
8526
1153
12709
14462
8957
10101
5640
10301
1186
12097
3025
4236
6883
12597
3683
13816
16861
15657
13303
15978
10536
11934
17567
10034
7280
3507
8611
14527
9453
3248
364
7424
7106
15977
584
8270
13927
6345
8498
12870
136
13065
2788
10610
11683
16038
8307
7163
3180
12303
3763
15971
14012
4313
7600
2487
3597
6234
5521
6735
4798
17670
2094
8198
15979
888
11485
2914
104
4823
10624
14672
1297
14306
4026
10619
4977
3538
2291
14471
7361
11938
9287
12693
427
10746
12552
2506
124
118
13529
14178
4915
8469
3702
9852
8379
13605
11947
6873
11875
8179
14954
6026
2009
8076
3036
2283
16102
13216
2243
6849
4787
15242
7466
6479
15966
15921
5401
3320
6253
10302
823
13659
10631
10651
6360
392
1727
6724
10545
5609
645
2049
2325
5389
8533
2067
3409
12314
7094
6235
11636
14591
16498
1664
10415
553
4523
8516
11220
9177
13692
3914
15319
6915
7152
8624
8151
13604
11811
2595
16641
8783
16594
6923
4686
13051
573
6194
11804
5813
11524
9708
2173
1403
7331
15996
10728
7457
1217
411
646
8104
9753
13516
13788
13132
6243
5620
8252
13071
14926
16132
12006
8140
17631
4021
10239
16066
544
14393
14288
973
8135
1842
732
15611
6811
13286
5587
16479
15041
4677
13522
15987
7833
12082
13753
8441
12843
6241
15841
12322
7588
4814
11803
16425
10009
17383
8745
2205
8818
14407
514
6425
13972
5766
478
16359
5355
8690
2994
8453
11805
14077
9118
16502
2937
5997
16721
5719
8493
10095
5374
9656
7233
14039
9499
17200
7500
16981
6565
13263
7275
14836
9944
11431
9529
12500
15138
13884
9604
4662
4995
7903
15634
13935
596
14439
7604
6456
15465
3958
13946
10717
17193
13882
14495
10323
13618
10206
7312
8566
3609
9758
6509
6968
15109
6469
12093
8329
3496
12055
6691
6709
17627
14641
5267
9527
4836
3393
7699
1140
3738
13224
847
16894
234
2603
3437
6339
11911
4420
3976
2078
14455
17034
13073
5328
8465
15046
14366
16543
7859
6378
36
15765
6486
105
9096
9921
14296
17801
11457
12630
13019
5156
17755
16535
255
15664
16047
6424
12210
8202
8275
16014
10936
2038
1688
9109
6058
17651
8001
4752
5699
16291
11282
17458
12969
1285
13341
756
13665
6452
12989
12394
16515
10602
17685
15567
17404
10810
2873
13195
15982
8877
6009
8974
11049
10385
4376
12511
5634
15898
15475
5992
11367
313
6046
2558
295
17217
12021
7161
12031
920
12977
11696
5013
5203
1506
9822
3790
16190
12768
2192
17673
9829
3083
12276
11671
439
3058
4510
2129
17162
6833
4904
17290
13125
7107
6040
12404
6914
3779
4179
4300
11681
821
8698
7787
13643
12610
15386
13796
4556
2614
6212
15105
1467
16455
4985
16465
10127
15352
16031
17335
4197
11175
2131
7298
12391
2100
17556
2185
16214
15152
8359
9583
14884
5684
5663
15240
1223
9365
6933
2542
11171
8195
2240
5397
12607
4171
5868
6327
15454
5986
8049
11745
17688
948
13737
230
2508
15411
11310
8204
8723
15703
4317
3786
12675
17163
7885
4741
5023
85
5752
9688
2507
1823
704
1800
12638
8623
15371
6304
4927
14901
8758
1975
306
5362
17013
4950
1912
7189
5478
4108
10069
3869
7494
7533
16806
12927
16988
1564
15403
11519
4943
11748
2372
9460
2975
1576
5704
5034
2142
7941
13547
14105
15092
15989
6537
17323
8139
9151
8023
3743
11706
10815
3271
5693
14160
15028
15287
5266
17775
9645
4791
8835
2773
16911
6821
10539
2797
2827
810
17490
11901
14010
5637
16891
9014
3252
17392
12411
14842
8776
11695
9098
9950
6407
16799
9153
11430
11017
11588
3211
4434
4603
10633
16801
16246
5709
9998
493
10680
16398
3295
7404
10463
6589
1598
8282
17892
13657
6828
17244
9651
6174
14000
3105
5991
13720
2451
3638
3812
13928
11641
4660
5454
3761
10210
13486
5850
3196
482
1590
11091
679
2787
16497
17468
7552
5297
7910
13699
16957
16884
10314
17828
6979
16267
7548
9398
2230
7622
17460
10959
13074
9361
14547
14177
12184
3775
549
8655
1831
17198
11806
5540
7086
14619
1196
4318
9826
285
7470
8490
6803
17349
2029
16300
7999
9301
1234
2935
119
1566
1557
7138
3973
10790
17334
3945
8034
17543
5549
14093
8390
7431
15865
12421
12439
2356
3943
15590
13211
2534
13834
7673
2841
4414
4894
16272
14934
5110
5287
1967
10915
14404
11532
14866
4086
11315
12750
9691
8790
14148
2739
10843
3362
8487
7547
15937
15980
9593
1876
17586
12160
2069
16831
4139
6726
748
822
14180
12570
10310
15094
5286
8532
10997
1556
13674
13452
11717
2320
8427
5467
16880
843
15529
10554
1902
9743
8368
5527
17587
7518
10074
14342
15074
4310
11873
9076
9624
4062
5442
10878
13903
2117
15710
3834
16996
13166
2798
284
16596
16400
7730
10710
5714
13710
358
10178
10338
17499
5999
10221
8523
13608
16582
15408
11927
5728
4221
17272
3841
12990
14406
9465
7147
194
15789
13240
12060
16172
9467
12217
3011
4169
13709
9035
14887
5880
14280
4884
6634
7541
4135
11137
13409
15799
520
10814
9893
14029
7411
6542
8461
11055
7543
9297
15907
10075
13941
900
348
16888
643
9862
2486
17668
1469
1763
1775
14540
9243
17858
15192
6191
14310
9955
12209
12583
11074
2678
14360
8136
16613
16168
3666
521
17260
393
4863
2644
3937
9342
13651
17716
1747
6343
8451
766
17479
3184
6903
7025
9024
2987
14566
17652
3740
1630
5119
10480
7214
2591
13937
2747
9530
12852
3282
5324
1553
13939
11223
11301
11018
3154
4126
16980
3783
3008
10867
15004
9502
7244
11266
10265
15443
6344
3317
2589
325
17212
5265
17108
7184
6418
2339
9908
17254
17451
6620
6295
14794
16890
2463
12172
9857
5689
7201
6902
1263
1183
11359
4025
12588
12239
6089
5025
4968
1548
12030
12470
8481
2017
1211
15887
7898
11188
4344
16158
5373
12075
852
14761
12945
16149
1980
3440
8355
11015
15507
11483
6211
12580
2059
9233
11596
4618
7866
6578
13369
14635
11501
4923
16406
2952
3141
4143
10502
16810
8976
17089
7766
15305
14937
9756
15778
3954
5981
13536
10322
5118
1096
15132
14395
15425
5051
4006
7372
11634
5592
8687
17170
10332
10475
12130
17355
7545
856
15018
907
3867
3649
2485
5748
15862
7985
912
17064
16373
11325
3767
9475
7300
4829
3939
9198
12553
23
5774
14554
6922
13215
13408
13014
495
9316
10460
4727
7748
10632
889
4965
11007
1301
11357
5194
16326
17121
15374
11701
12972
16350
722
523
7146
12652
3209
5744
12262
12733
1790
6108
17708
2972
7383
14935
16015
13652
6513
17246
10226
4316
3995
1677
16660
3907
13417
13904
4233
8909
3168
4213
10354
8549
3221
497
10703
5873
6701
13504
1682
11837
8842
5046
290
17129
3048
15859
1822
16928
9907
5055
17164
8448
3548
5479
1855
4358
7485
10396
10063
5671
4830
10258
1276
15401
587
1009
16211
4990
1634
12532
14009
16993
12471
3028
2249
16269
14333
7460
1883
13473
9176
14820
1292
11134
13203
17837
7115
10769
16614
9592
1898
14997
14215
7771
10438
13396
3175
11488
9224
8443
15035
2881
9315
7442
2512
7565
12292
9733
11140
6323
9321
15601
14165
9368
3169
6868
14561
7923
4874
3531
591
4816
13041
8670
17147
17437
4256
4929
7873
12707
9427
7111
2412
6209
4105
3315
11010
9711
7002
11153
5167
2600
8531
12686
6714
5678
5281
5618
14132
3463
16761
13162
1963
3753
659
16265
12481
1717
5139
26
17068
16925
2407
6083
7177
11589
1821
4786
15559
5037
840
9966
16228
2814
10043
10801
14606
13498
7666
14464
7647
5009
11770
14260
11962
2815
16781
4843
15990
10297
15901
12530
16593
16770
152
12906
12739
16223
88
4110
3448
4329
5745
3604
865
9088
10254
15322
12493
14124
10402
8763
673
2065
10695
1525
663
15704
8030
612
3791
15438
11859
6880
13029
12476
6598
1820
7997
13500
1694
14147
16712
13442
16447
8867
827
3656
5740
10275
2178
4732
12232
8090
12341
17432
5104
9245
4015
7321
5381
3314
5856
17080
1880
17017
6640
6177
4635
7927
2820
15332
2681
1862
6599
10634
17094
7685
7584
11412
11087
1158
399
14659
1512
7501
6023
13145
16851
8292
883
16187
13725
2253
4615
9265
6330
17444
1051
12811
4876
7491
5433
12427
3041
7911
10292
7205
11815
3732
9385
3349
1160
5126
6739
51
10079
798
1950
13596
434
6781
13429
11333
4321
3178
13997
3836
14488
16357
4477
15420
2794
14254
1946
4674
4710
13264
3183
3264
15878
13821
12717
2865
12963
4696
13017
16082
11414
8483
1398
6697
10076
861
13782
13854
11690
3423
3736
7594
11572
8841
11479
3837
7591
16181
13210
13474
642
7980
2760
14567
13100
2118
9695
5298
6721
6414
5653
17663
12472
1877
2023
13411
8044
6728
10929
15997
12019
8781
395
10823
4697
4174
13343
3560
13628
6940
16457
16853
1184
15078
13614
4010
8945
10281
8625
8522
7493
9302
1942
11505
12383
12343
12408
3651
8917
10881
12393
16469
15459
4924
17282
2685
2638
1182
1603
12999
9611
6292
308
17289
56
3635
14467
1648
10503
9082
16874
7563
12513
982
7962
12674
4747
5250
15914
7509
12521
2782
15292
9285
9926
1405
6774
15269
17814
3903
3906
8984
10529
10838
13469
5423
16073
4253
12612
8373
270
6329
7047
10637
16094
12752
6049
16820
9084
5356
16966
14144
4257
6056
449
1014
12466
1991
2548
9488
11291
16430
11652
16020
11867
9393
4535
5805
17409
8372
4247
2856
17453
14128
9824
11959
8987
3077
12665
15591
5764
17855
14238
10150
14945
2264
12516
4449
7860
15659
4004
7033
10856
219
17491
8134
11725
15343
6001
11273
5372
11627
4226
6723
15345
12049
16010
16486
14234
8981
687
7791
16758
13085
12339
6972
9748
17224
6020
9246
7925
4500
1174
13867
16192
5559
14300
8688
17046
5919
7462
13410
16640
5829
6804
2453
4302
7813
17559
5639
16711
16154
7991
11618
4437
6445
5996
17798
15713
7659
8097
844
188
4366
5151
4992
11429
9436
13807
10969
7864
11704
14086
7679
17456
17738
12691
13666
15912
29
7850
4278
9828
7375
7252
17320
3830
13832
10288
14348
13034
12798
6222
10278
10412
7792
11233
17285
14642
14520
8810
12330
6934
1167
10674
14723
14278
12643
9210
10798
14550
17806
3941
9452
5403
1660
8296
14327
17133
4005
13169
11856
10492
17536
17259
3009
698
14572
9928
14226
8328
14677
9943
10922
7290
15973
1500
1307
13140
4141
7573
15333
11921
2929
394
15389
13617
10195
8278
1056
2982
15499
3608
17247
8304
12746
10701
16258
15221
4820
11573
4730
2418
922
16372
9993
14652
8464
11919
15970
1190
6842
3198
11387
7469
16972
16053
3113
7188
4057
14590
3655
13914
16319
17082
2715
1813
7435
17495
16688
13266
11687
864
198
7525
13804
3215
7526
11944
2398
8980
4720
81
16037
16244
17211
16170
7586
11336
16557
5627
7809
11918
12236
4312
5641
9105
10450
13631
6662
1791
969
14092
17325
16780
8860
13827
4513
6644
10257
17834
4896
9548
6886
4695
10425
12024
12290
9902
4934
17219
4498
10097
267
6712
1246
3461
6073
13354
14878
10169
15252
3339
3250
3746
11551
7393
634
14909
12054
15751
16733
471
17732
7834
16946
10419
17733
13346
7570
850
7293
14235
8210
16977
9004
17482
13745
16553
7793
17028
16933
9227
9842
9990
6577
10684
5886
8470
12671
16077
7872
8934
3334
10912
15595
7196
17686
5469
6563
9491
15822
3139
6911
15839
12186
6008
1642
17221
11842
8958
250
9238
6029
4136
9156
9331
17751
701
15518
4624
3720
17351
11156
9197
3498
12076
9458
16072
10872
16510
17478
4739
1052
10196
3554
3473
14573
4885
3216
7711
3892
11063
3800
10905
11401
13610
12478
7273
812
4468
217
4519
15574
15406
5953
14034
8392
15516
11662
15447
9970
16914
5858
10367
15965
5584
13281
3096
15383
4504
1501
1256
1529
17385
1658
3179
1303
2573
15081
8915
13874
13052
3408
7931
7564
1595
13540
5739
17781
7309
429
14993
4815
6169
14951
2427
12761
13368
10578
16318
1035
8110
11990
12334
1733
10727
7419
3944
630
14331
6213
4343
637
5657
7946
249
13687
16004
3226
9731
17102
7816
17197
1926
4161
14524
682
9834
140
13739
11664
17810
6853
2869
4441
2885
413
16161
9559
12051
17823
568
11915
16902
1224
720
9137
10135
11197
3134
6404
12384
7626
8886
5519
17616
3480
1192
4703
12458
4193
5210
6614
381
14950
1622
3155
12368
5876
14714
6848
15787
12482
3063
14371
9618
1115
9143
9454
1441
16605
4462
15318
14487
2904
466
9170
3202
2993
11244
3756
5654
1970
262
9133
5123
6764
2729
2124
146
15814
14401
2190
10534
355
14669
16231
4515
9425
14257
15309
9663
8026
3112
11602
16665
12456
8678
1010
1834
12203
9043
2147
13918
13238
5236
16800
6085
8035
9531
7219
2095
7124
5713
3644
17445
12406
3070
3495
15501
13091
17208
10914
12459
589
16849
14838
924
8528
13105
4323
17174
2175
2850
17019
8150
1131
12433
10593
129
13205
12626
17893
6520
7319
8223
14994
1814
16068
7893
8271
42
11259
14823
3185
5511
2031
4906
13600
15831
17501
13094
6555
14425
5221
1952
12917
11320
16571
5514
4797
4265
15478
10667
6596
16729
4835
16045
3010
15424
7752
13603
17849
4352
4944
8748
10230
1406
1978
508
7342
2235
15563
8911
2645
7504
13808
9075
5601
9413
14319
15737
5915
12449
1764
3269
2704
2502
11174
4114
3051
11170
13740
15128
127
12806
17502
10398
12112
14612
9741
7218
8751
9051
14736
2622
6521
4147
12810
11268
5956
12578
10775
6791
3064
10576
17175
15698
10725
16347
2035
11201
13048
1428
6621
2157
9897
10748
8323
8117
17115
13197
9562
16463
8753
3200
735
7057
5173
8853
1549
293
10361
1951
5539
5799
13589
17398
1537
10437
10158
12201
14325
8165
3828
15107
11068
7914
15621
8367
6074
10175
17660
15673
1965
3060
8499
13057
10984
10507
14559
2584
1059
8445
16602
126
14611
16595
6745
5750
6204
4988
4053
16142
16054
6547
11227
1960
16385
17703
14279
7487
9706
7978
13595
1258
17782
2870
11149
4479
8764
8424
16471
12155
3014
4416
10045
702
8422
17389
15870
1293
8166
9186
11434
12528
12003
8201
16397
6012
1765
15690
12043
7825
4183
12720
4362
8876
7624
6117
5394
11334
13524
8870
12846
5909
451
2771
4326
5166
16304
2347
769
1255
17312
5945
8131
7243
9546
3458
7245
3741
11363
12994
3356
10134
17434
1236
14121
8994
7821
7303
5673
12748
16218
9895
512
2382
7200
4244
9520
5979
9678
9477
3990
4467
14083
16912
5930
13186
12575
9767
15164
16081
16673
4073
11956
15136
14764
15558
16877
4760
10343
9229
13213
4403
4255
2711
15506
87
4691
12272
6676
16677
10022
13915
9788
609
6763
1899
7929
876
10962
8628
17675
2954
11232
15939
2146
10216
7940
819
11113
16508
14984
15456
2307
2832
17116
901
4598
16990
10046
7193
5290
11165
13219
5323
4551
15187
16224
11240
12731
4543
12611
10309
9433
9253
6850
3878
3493
7339
5205
1426
15791
8868
1013
120
6336
6426
6926
10961
9796
4948
14436
13433
16259
14311
10757
8225
13106
2394
8500
2886
8351
3529
6318
12202
12012
2479
14341
5742
5111
16745
10831
11765
492
17669
12164
12165
9286
17275
578
618
14200
11759
16120
17214
9236
5368
1130
6374
13334
2625
955
5052
4767
13488
4107
1331
6573
419
13586
11782
10691
12468
9333
4386
4646
8893
10698
16092
2519
9008
12678
14145
17103
904
17473
11819
6527
7936
5681
4128
10305
17654
1408
3406
12063
13767
5409
12396
16821
5480
15925
14844
365
5888
4769
16173
8387
16125
13979
5558
9442
14192
10949
4119
13916
3577
8820
1681
1856
6501
4570
6825
17826
4408
15110
17391
2810
10642
14042
13546
17183
9334
13084
17024
13823
16071
7616
17213
16108
13578
8515
13099
12325
4785
5736
5574
7514
8650
3350
11996
16777
12507
11491
10518
12046
13403
7638
160
12546
4742
6300
13750
15203
9594
15327
1941
7104
7286
2284
14064
14750
17399
17065
935
14787
15594
10845
14307
6423
7629
10451
9844
2627
1938
16936
6294
2695
1616
7378
14762
3949
14443
8421
12734
10393
461
10745
9572
9189
14827
10758
1698
12605
5652
3796
10747
15800
6276
10970
5219
828
9912
8802
11615
11680
8404
534
14078
11567
483
3477
3042
3811
10883
7425
309
11828
3332
9700
1582
11607
2717
9808
10115
2999
10113
2316
11773
163
12825
7562
1062
14470
6927
16410
1337
5276
1859
12845
2312
10636
6382
17527
60
17455
12544
3547
16087
13755
2928
8972
4807
3594
3971
8144
9376
10995
1959
7538
8882
9062
9621
4784
4381
14346
4030
16137
3267
15509
8942
265
15771
7502
14158
12866
16289
397
3370
7149
3932
15961
15222
3456
14259
16657
3962
9139
10375
14005
13487
16481
5882
15515
2780
4714
1407
15066
14317
8907
9179
17860
8605
5032
16730
17310
12737
14896
11065
17381
14661
6389
15888
1678
3132
3894
10430
3086
11360
17774
17612
7534
8316
14598
7719
13668
6310
15936
15289
6618
5050
8395
2491
8078
16507
3471
17402
3163
12514
10996
14684
7329
377
14290
4393
3189
6688
17756
3517
8503
6474
1432
4971
14297
8145
6660
10510
1686
8920
13078
7965
7407
5176
5532
5548
3636
24
2971
15246
8338
15984
8154
4794
11385
607
3737
2653
1767
6750
10738
10092
17602
16694
9493
17120
13109
4478
9804
15084
15833
15330
9612
3596
15001
6313
16281
13096
4661
2341
14294
11130
8619
15620
431
8163
4494
6727
13752
17596
949
4851
8667
4224
12542
4394
10064
7015
8303
11679
17199
1248
14067
6250
16521
11226
14047
13873
17552
1383
2447
12446
6005
7960
12793
390
11686
15384
7732
4926
3923
10580
17036
6070
7756
9635
11606
7643
16532
5486
10836
7128
7524
6055
16561
7122
16915
13315
4373
14057
4699
14440
2055
9049
6675
13824
17794
3381
5136
7043
8539
4382
14902
4717
8042
8664
5507
9600
5554
3799
421
4470
9402
2444
5604
9441
5188
4094
9717
14203
9169
4749
9673
4339
8033
5022
11661
6761
1847
2872
2333
8021
16847
14738
17493
13552
5279
10267
8446
11663
13572
17119
700
14703
1047
12462
4341
7167
1609
1280
17640
8321
6036
11514
17201
12250
3854
14209
1826
14027
899
11350
17058
13907
9173
17803
8826
12858
1928
8773
8192
17568
7905
200
14596
830
5059
8276
208
12308
17678
7417
7091
15405
11076
17276
7199
7093
7805
872
6441
1156
12952
10665
13344
13012
546
3745
16950
10421
15490
6631
8901
6299
12623
13239
101
16700
6264
6367
14374
7359
2165
6551
1949
1444
4573
8834
8726
2384
4758
16736
4241
14989
6164
7077
6347
8285
12903
17821
402
13682
11936
6630
7066
388
7268
8337
15725
16699
7939
11629
17599
45
6434
7835
17696
16080
13147
1830
9485
12354
13376
1338
12601
10663
8013
460
12562
6826
4587
12900
13229
5952
605
11937
5295
1846
15263
10700
5029
11721
2058
10088
13413
3389
3818
9383
9029
6652
16913
7133
7519
13620
1089
8938
10362
15677
17844
3243
12444
7347
10988
2554
11715
2686
9240
8175
13545
6819
16744
4671
930
4938
5988
16794
15522
14726
6583
11590
5672
17113
7377
11769
15008
11673
17332
13444
13849
10335
6018
9919
5529
17692
1563
14874
16692
12802
5703
2905
12474
4502
2763
12135
17159
174
15685
8094
6099
14040
11807
8181
3766
9381
9147
11081
12581
14316
17863
14608
10688
3770
5588
16785
7433
5809
15180
13591
14895
5465
4516
9422
12126
17561
17492
15660
10049
17795
6384
7206
11760
6667
2093
16380
9803
17819
8926
7689
10661
16624
7953
16675
14190
14142
15883
9053
13295
1106
15613
5396
15622
11554
10261
456
7336
2040
15818
11848
16629
15983
15047
11843
11005
5047
5863
17095
7961
6807
8124
6024
5680
2377
2275
10943
15773
3288
153
6813
14788
12978
15986
11561
13495
11562
4664
15642
16043
5594
5322
4989
8784
15767
7247
957
5874
3284
17235
7001
353
8639
5970
13223
17558
14839
7402
2030
15906
7213
8295
14252
7249
11353
13592
5791
8584
3735
9881
1204
14956
8460
15369
27
3562
9269
13349
4875
503
8002
14318
11460
10299
9277
6439
17681
17695
16355
4230
9429
8060
14920
813
7631
12849
7520
8728
10089
9079
3610
3439
4582
15624
13420
3904
12385
16974
14301
4035
10289
11455
11276
10458
15812
10067
3933
12698
10021
210
12554
15260
3335
9696
5246
4263
6994
8510
16340
13032
2933
14961
4124
10001
15605
12694
8111
1722
11750
1460
9283
12495
17576
15402
5007
412
671
8703
433
6900
14514
14731
6960
2808
6779
6515
6281
7995
15933
14137
15057
3905
8808
12636
2920
6906
14293
17228
11861
16280
13793
14799
8930
7802
15113
13748
16429
13389
11792
17887
3519
8071
15032
16321
13262
16878
14079
10214
14089
15918
11124
10521
16731
10264
13987
9431
10611
8173
14535
5339
14959
17476
5947
17666
4579
13843
3149
9412
10792
10306
117
1310
10418
9486
9462
12361
13321
913
4715
4801
6431
16464
16971
4733
17326
16264
1528
3688
4672
3912
11112
16628
15442
1914
13860
6746
5084
3536
15010
14072
13681
2311
15270
13582
547
10999
4134
4506
2182
12022
6476
1468
15519
15758
4726
17106
16155
1705
14258
902
12679
8174
3104
6131
455
3622
2583
6802
3479
10694
14459
7427
3665
2167
13711
10847
13297
8689
12119
16687
17882
1706
8324
13331
9052
6013
1357
5821
370
4772
10887
6512
4872
15723
2793
17090
14903
804
14562
4687
16735
264
12506
529
1954
6082
1117
12753
14052
15451
11830
5291
13319
11642
10677
2072
11871
16194
10860
10615
8149
16895
7040
6273
3785
8312
7948
5765
11020
16338
9192
5553
17340
8159
4118
2514
2337
8237
8771
16230
2526
8502
13394
17542
5455
17176
16078
13864
17125
8949
5092
7175
4975
1202
15945
12786
8593
17267
7416
10279
16920
6843
4967
292
16238
3692
3516
52
9466
2652
992
11044
16765
1542
11650
14217
16353
13672
9190
8262
12865
16156
9709
3876
6217
9810
7337
17626
13298
13301
6890
6143
12949
7179
17055
7720
7840
7967
7996
6616
9288
6912
6473
12894
1631
14432
7131
14747
2302
5790
14372
5293
11345
10272
16297
1697
9010
10579
10598
7804
17817
8517
16257
928
13465
582
5347
4853
12150
5661
5625
2015
7459
242
733
8360
15614
2581
12948
6733
13385
15336
12253
14949
1060
7892
7085
17875
2000
17397
5528
6064
6123
11531
10894
16816
5329
3959
13876
4802
8846
9306
12318
7633
13924
13318
15258
12233
10390
16791
9205
14326
5990
7617
13691
8020
15706
3418
12837
13338
6953
15306
1043
13829
6232
3502
1042
10493
5294
2690
7096
11253
1136
9755
15054
17078
14422
6349
15820
329
11535
15544
2978
1667
13174
5138
16025
10420
13207
3861
16288
17002
13160
4841
6586
17585
12356
2864
5916
3258
14413
7297
13082
12622
12759
10743
8349
16772
14578
3570
4059
66
14272
5741
7648
15896
17107
13482
7301
2179
4549
3805
11691
2022
9293
8383
15156
632
3272
2934
2730
14867
12799
1541
5434
6780
10374
1886
1434
1507
16689
12465
9997
1893
2161
11897
11249
378
9023
1416
8073
14019
1627
1449
13973
1214
17415
1744
17408
6248
7855
1904
4745
6558
9061
2579
15571
11125
15834
1908
10709
12659
7204
17618
10855
2464
6403
5585
16649
14691
16747
4203
10222
13694
11905
15254
9692
16273
9569
5162
10409
10629
17188
6777
2762
6183
3240
5955
13579
10811
9854
1095
8940
6983
14230
11302
905
7399
13494
10739
2392
10106
2061
11145
1379
4210
4401
13483
12817
11317
8914
9665
13108
17848
3029
17050
12386
2098
1599
12450
16634
15247
7848
13769
16773
12729
9974
12932
12747
8707
14651
15163
16063
504
9958
17883
6112
17021
17454
15002
9149
7794
17368
10993
6076
4099
13800
16217
17710
1983
16226
16390
8869
11656
10224
15658
11984
3592
15385
2083
328
12556
15766
727
2892
5718
7362
122
9610
7683
6707
8714
12034
8891
12510
8191
10933
2918
17266
10635
17469
14463
15482
16826
749
1675
15428
789
9723
3979
11214
10567
2803
13098
3441
14193
4597
15294
4113
2673
10472
1562
11506
272
8827
6333
11475
3487
13594
3075
710
12392
5911
12527
2806
11111
162
4866
16386
11407
5976
15448
11484
95
7934
4653
9668
7592
6354
16414
13118
15059
15446
4369
11313
8652
14840
16844
16337
891
8685
1162
5695
4419
1079
298
17833
3167
11786
4601
3815
2749
4881
877
10854
15491
17154
11814
10243
17737
15874
14560
1188
8794
7583
8727
2694
15155
13214
14657
14049
15412
8550
11155
17407
12603
13899
10560
3840
4833
5520
4963
5427
9136
9416
5350
5348
1607
5429
10417
6816
2471
14056
14830
8261
9101
3022
11082
11295
16007
14751
6111
14210
3654
8662
13400
17634
9470
14809
1036
1098
1473
4633
1171
354
16019
2436
17697
3066
9250
14141
13075
9805
9917
14650
5456
7904
6839
13467
5822
14707
330
3069
13728
12715
268
7389
8900
11047
3286
11397
10686
13575
16316
17350
13045
8272
15087
15759
226
15823
9221
15808
25
4159
14980
16530
12658
2720
1619
15083
15774
5865
12451
2354
8466
11568
15781
10245
11850
8184
8708
3998
13460
15805
7513
8005
11989
16969
10946
2643
14187
13679
2383
10850
5902
443
3322
6740
7651
15963
2488
10251
2370
15526
894
11584
8189
17889
11339
400
9273
6545
2588
5598
251
9219
15282
16555
5633
15618
4357
3416
15756
7105
11946
5207
6326
15489
13363
15488
16371
11115
8435
1302
5535
12370
287
13544
1844
13273
15646
13917
4337
2323
17449
2151
8255
12911
3781
14167
3734
17886
3886
4567
13878
1521
5148
4061
8817
8474
4273
1969
13259
12086
16505
12895
12907
1511
14312
9404
16973
5820
13722
7888
2847
13352
2501
1621
16685
17884
15149
17509
1388
11908
17032
13880
4269
9258
2319
10681
543
17417
10692
7778
12020
2126
17665
9357
4480
10752
2700
9588
5080
9589
5924
11415
7267
8895
11988
2443
3120
5595
13943
8756
7507
3084
2092
6753
14574
14274
8583
8449
11383
3956
8832
13336
4205
7516
2396
17547
8792
2640
15317
11796
3436
3571
15811
11489
7358
16807
14046
17637
15520
33
8171
12891
9181
976
4941
7090
12122
16843
590
6977
8190
14808
12996
12301
4911
480
1575
6460
15889
8803
11133
12211
17442
17461
9801
11892
5292
1231
5926
9184
931
17096
4675
14313
11978
15421
11376
3997
4039
6965
14044
13322
4984
9100
3760
3778
3091
15856
9182
8613
3639
718
2266
15580
14876
17724
8653
12912
2274
2979
5180
2470
974
5957
8148
10189
6901
1772
7726
2423
17881
16704
7696
379
15276
2043
8123
14157
13367
2090
7599
7555
1198
10490
4084
7690
1125
7445
6279
16548
16243
5349
3262
4958
17215
12964
12792
9152
4154
9120
11552
14503
9356
7550
7639
10749
13310
10754
2714
5035
6870
10441
15100
13902
13861
2219
8287
11164
10325
7784
566
9909
12117
12247
14509
1786
6963
1373
2927
16999
17227
1565
7156
12551
10411
7710
14502
13982
13554
10682
2712
6133
11152
10903
12092
8878
15555
15286
9942
16537
453
17838
975
2408
4460
12013
8410
8609
16483
16867
13405
2689
14743
1750
464
17394
2334
14108
17617
1064
13534
1390
9223
10612
8267
1011
10051
13890
7937
12540
12818
15121
1238
13519
12296
7052
13707
9718
11932
371
7862
9639
12089
906
7412
2082
1386
1955
7261
8091
8849
11793
15795
10583
13107
14207
14873
12561
7448
16514
83
653
7921
16612
8672
12705
11467
9574
1865
13688
10352
8341
2024
11808
13491
14018
10360
13877
2956
1260
5879
16105
5312
15653
7143
2335
17554
9918
12913
13466
17832
13921
16197
9977
4175
6887
16394
6499
7988
6392
11854
5098
9074
15476
13110
436
8437
6690
6755
8919
3176
15644
16618
10512
9715
7692
5749
9922
14748
11105
11633
2790
14236
4404
32
13326
12960
17
1909
8629
12417
11461
2499
2376
15511
16511
1111
7212
13088
6564
10160
3530
4529
1315
13191
731
16674
4180
4688
11275
22
10886
1387
4231
15189
3119
7305
6629
2968
6308
14791
4781
7210
7728
5127
2163
13723
10574
5071
11212
15510
11880
816
7701
16306
17546
6002
9771
10899
9937
1699
13658
4338
15532
17518
2977
17098
7307
7815
3725
11340
17329
8665
13468
8693
17682
3532
12243
2299
1479
11122
420
833
11374
1209
12028
6970
2722
2916
3631
3085
1637
7136
16090
1324
2301
9371
11758
170
7899
5217
2116
14936
13626
12282
12115
3917
4396
17698
15296
13837
1498
11752
12672
15141
2348
4764
17636
990
1988
10533
14615
9161
2425
15578
4166
8429
8615
9145
3082
977
11096
5461
6410
875
2884
13282
4897
3117
14070
7060
7869
14492
3953
8479
8831
10166
16299
3260
9048
592
12176
11256
11783
2359
10193
10277
1741
15441
12009
15011
11974
1502
17076
9787
1228
6999
5451
17632
10199
5572
3237
3810
6982
15792
14582
2308
4149
14656
14118
2746
785
9498
4301
674
16418
9890
12215
3257
10133
13095
2374
8750
10336
6077
9318
17000
10163
16110
1962
6588
15225
8400
14525
6928
17638
9551
8186
12518
11591
775
6794
15201
6027
10599
13018
3016
10140
5516
12326
3431
11597
6003
13042
12902
11563
4544
11587
10337
3575
12716
11029
4260
16041
10974
13176
38
17388
12373
9473
2458
5317
11833
15724
14816
6287
6931
14600
2931
9647
11292
4659
2992
8339
15119
361
6178
14531
10920
12080
1107
16445
581
6606
4228
16698
17768
10090
4959
3951
4378
6471
13974
11014
16446
13167
4800
15577
1489
11556
13245
1666
16642
1671
1882
17706
13764
4201
3164
11205
10036
5941
4158
1508
14521
5509
7098
4864
2150
12231
17822
2401
7434
16947
10369
3429
4436
12109
6655
5426
12340
3902
3678
2277
8658
1592
14622
12111
12982
11132
12222
14287
16857
5908
17347
8661
4354
13952
13933
3798
3621
8169
14974
2624
6835
10428
6943
3466
12794
10573
12167
8254
17873
16542
15230
5229
9185
13905
9060
13531
12505
10000
1205
2958
10057
11346
5656
2039
12156
2467
15493
12023
5443
8777
15430
7127
2226
10055
14387
11788
15226
14804
8996
7174
12631
4402
12905
8962
7540
5697
3192
16263
4428
111
1545
9128
6160
11963
9582
7554
13667
8125
10329
2888
7610
8199
16546
13677
1730
9256
14291
1020
6346
8288
9872
10339
5332
15940
440
9497
6289
17269
3249
7230
3686
3826
4537
12467
1768
8095
16616
6892
13181
12346
17797
14221
11711
9642
1523
5789
12711
15375
14400
7253
6776
4623
13316
2365
1728
13887
15024
8706
2005
16467
14964
11410
10077
6485
12627
1903
14490
3161
14518
9459
8774
13271
17721
8651
1369
9983
6146
17206
11391
7455
5694
14814
14674
7646
16378
8114
3716
15326
10799
4593
17739
9160
1748
7845
12079
9226
14199
4780
9809
11187
8366
10589
16960
6633
8119
17752
3171
16876
1573
16363
5807
12807
3061
10885
2070
8485
12496
12965
12461
14225
98
11355
13072
7464
14150
10123
10334
3142
17704
3747
8122
14991
6546
9591
10424
9858
7657
2091
17746
4827
15826
4962
515
437
5775
4435
372
7589
4081
14687
3870
9949
5980
3341
4051
9339
2496
966
6198
7087
5751
3504
4184
12002
2597
4750
5002
14710
7255
17463
5040
6705
10870
5428
7357
4459
6511
4748
4928
9729
8602
8450
3464
8961
2855
3116
15610
11495
4262
12714
6845
12181
16069
14647
6130
10084
16096
9359
16923
11406
12828
1925
5054
4525
15902
10486
10445
14705
487
6708
5898
16531
11575
3690
11716
4474
12868
4245
2559
12072
14617
4997
11013
1389
12380
14392
3021
835
7611
13781
2524
2162
15718
4371
5738
1314
16864
965
13731
11034
10657
9131
11676
9906
9509
10350
9015
9463
15617
9456
11160
6610
12337
16009
14181
3294
6328
918
5755
6184
16862
4961
12419
11577
12050
12487
15890
15927
8101
1319
17700
4538
7544
408
244
7822
17134
12016
1838
4276
705
12633
17570
14267
4605
5146
3371
8113
13712
10652
4746
13518
3765
15916
5591
10975
14599
3054
4779
9007
8456
16403
12629
6227
11314
2991
3566
2247
8259
10246
11351
2261
3687
693
10266
12191
14302
15117
500
13647
10105
17528
11448
1636
13883
10381
12519
2594
9770
2590
15484
14636
13285
8399
1100
16588
10696
8318
15029
2705
1341
2271
1215
15082
15748
12669
4259
14189
14946
12219
1450
12699
2304
4274
13260
14071
2784
8640
2727
6981
9992
12830
10223
16117
10990
9409
8680
13185
5462
215
4426
17386
10902
13
486
9274
17146
10584
10181
13299
13456
10219
8956
14417
12857
10807
2229
14324
16783
17122
150
10951
7889
13532
10443
3004
6896
8944
12139
14171
12788
11251
3891
5439
2413
15626
15288
2546
5647
13509
6095
17485
4422
14458
17043
2063
8557
12890
13646
5272
16528
15016
14119
10005
11635
10461
10020
3640
4013
12764
689
2397
5881
4079
13212
3319
2867
14120
11534
7577
7852
2435
5776
12152
10898
2897
7665
17411
13980
11382
17767
14240
9290
5087
9637
4055
5186
16573
9654
7250
2403
1046
17396
5929
5301
7823
12985
4261
6624
13588
11221
10087
577
16039
13138
9869
14375
11945
1850
15597
17079
10273
14891
5226
5160
1738
16240
15014
6110
11361
13593
12901
11245
10010
14654
2743
757
15096
14410
6141
15732
11085
16916
11368
2608
5734
17356
1466
13272
6116
16601
16448
2212
2682
15697
11177
2551
1317
11555
17007
12281
16389
3877
665
3430
15183
13055
16387
11449
15236
771
914
14444
15553
12007
1673
9786
11688
15926
1446
15285
448
6543
16882
1691
12061
11441
8529
6706
11403
8011
3006
3136
1863
10930
15227
342
11198
17313
6649
14073
12477
595
2770
2537
2411
15582
9933
8024
7376
5121
15208
16377
2882
2612
4907
13981
7918
9232
7004
428
5254
3003
16600
1207
6096
17030
11795
3703
9964
5376
9162
14616
10689
16620
5636
11766
14457
12766
12854
5551
4162
744
3027
3543
12275
10365
2980
5977
2963
11778
15691
7884
396
17029
6321
8143
2997
15527
11913
516
557
2352
5747
17403
16333
8535
6385
16918
2908
14970
916
17483
3497
10906
13261
13308
5910
12067
16883
1433
2733
1490
16144
16322
2607
6125
4856
1392
79
6340
12011
12885
1210
5000
11533
5405
13811
7097
15596
1778
11502
13624
8616
7842
15272
11539
1817
6770
11185
7990
13030
3804
11940
15678
658
794
1818
10400
7119
4685
15256
3467
15445
13911
12632
16450
10056
6822
7612
17100
16434
4350
6793
1788
17157
8765
13820
1918
1797
3553
12593
1101
5665
2080
17593
4852
7084
16885
6119
11723
556
11780
11278
4088
2381
898
13704
17804
2802
11474
3961
6506
1647
12084
1579
14104
12919
10462
12703
13548
13879
17548
10238
8888
5884
13158
616
9124
13443
15005
10119
1076
16195
11906
11900
3421
6854
14798
3563
175
3068
15632
10732
12809
15449
2399
16040
12195
227
796
4521
5417
2949
4821
10372
485
13833
7142
8182
2186
7176
14256
4050
11311
6749
3229
953
567
12936
10183
2849
17117
17035
11823
10797
15744
2661
8577
6114
11459
1665
15736
14184
3309
7294
8967
4423
4024
10186
9561
2893
17261
5425
12574
442
2198
6829
17173
17466
1138
4002
5259
8645
16658
9020
7490
7532
12955
5244
6812
17486
7976
8563
6695
3340
8253
14754
1555
6422
16032
5231
13779
13676
5943
14349
3957
15127
6275
17474
5614
2428
7735
3672
16485
17093
16002
985
2336
8471
16164
2289
17447
9437
8062
8406
8243
8010
3977
9328
3359
729
12226
13573
11398
4708
8052
12879
14613
17156
12283
7700
9962
2821
12572
3238
10889
14828
4552
8782
13553
7824
5393
218
6220
1418
10345
917
8591
8573
2533
8006
9590
14681
4377
12889
16958
403
7515
11518
13798
7561
2718
14336
10835
17422
7786
9095
3099
12127
6966
10549
2077
4905
11386
4574
5586
765
4065
9613
362
4713
7736
6748
17352
6149
7615
10960
17866
8931
7108
2835
834
13951
8579
5615
9792
13910
15739
13267
9973
7330
799
15893
3574
15913
8913
15837
15235
6391
17679
1032
16887
17839
1021
10033
5400
7981
9069
15514
11052
1326
7678
11851
14837
4947
17083
933
10094
4619
10722
3542
14671
1216
9174
12971
8819
13971
11870
2265
2833
17777
16174
3856
17181
2236
2013
11487
6505
5141
3012
3749
9985
9785
12980
2248
14016
1901
10371
1773
14213
10566
2343
9282
2513
14688
6522
6663
5582
12324
13895
8806
9208
6063
2555
84
7951
9553
6715
16024
10658
10477
11862
13103
1503
7783
8280
43
16739
341
16804
1452
1762
5038
10858
16569
9698
9319
2328
2946
10985
16302
12796
6502
1533
4532
3706
7731
2331
9237
15253
9871
15683
14231
12531
17296
6615
2057
10890
254
14972
16713
16723
16663
11700
10107
15224
15930
9034
2910
7871
2259
10433
3292
9164
2824
8513
5033
10015
12584
1092
16095
7041
8452
7858
11509
17630
1180
15688
6388
10864
3435
3827
7190
14505
5496
15200
5471
3711
6729
14435
16083
678
9595
5826
12823
17487
3488
11763
7975
1493
9536
9963
9545
6569
4955
16270
17177
11546
12590
15662
14461
8724
8858
17715
7483
5885
13307
16718
5518
14370
2880
13246
9448
6397
17644
4191
15165
5346
3642
2373
17359
11288
8069
10526
2104
3013
5537
228
5696
1273
9672
8603
16177
14587
17742
16067
6197
1298
3233
15849
14292
6562
10003
10004
10806
12234
994
1422
9030
8681
7625
9939
14729
13146
16311
1139
15248
10834
12567
17629
6808
2368
11123
16473
9324
2890
17545
5848
2474
1482
9519
11067
11685
16793
3263
16771
17059
6357
13087
9506
12004
14427
4595
5363
8866
7636
15162
7426
12388
3277
1628
15178
8121
3780
9202
4067
1600
11219
12179
7109
1670
7969
12035
8152
13853
6068
3880
17315
13362
4724
5683
7013
4115
7271
8646
17532
7031
9045
2734
1193
3691
16866
8553
40
15772
14133
13865
6098
8524
13758
16975
6016
5502
7754
3606
17308
12442
1455
8576
13496
3059
2263
16955
8568
9861
11707
14344
14653
13686
10130
4027
17311
15174
16941
3276
11644
6057
6533
4743
9078
13372
2792
9750
11746
8230
13033
116
16262
14679
13815
7902
4636
11321
8761
5189
2505
10909
15241
13801
12685
10785
13885
1819
15190
15588
7072
4561
9686
8742
5720
6127
5513
3173
12844
2004
7014
11523
17172
11060
11896
14159
10467
17283
8178
11971
2380
2740
12832
2503
14904
12914
5928
6949
2154
4842
9013
6651
7799
10128
1663
13734
14355
1385
12395
7542
17597
11372
9615
8458
7292
15239
8228
2084
12220
14308
9200
15268
3845
17615
2843
5239
14947
9701
11991
13875
3166
16778
6180
2552
9167
13241
1265
14028
14631
2196
17614
16061
12772
15974
6895
11912
2752
9762
16982
15877
1145
3789
172
1346
11586
59
13732
15880
10053
4243
12779
13830
252
6236
3882
2366
13881
9278
11865
13857
1804
17868
346
16351
5200
8905
7841
193
6189
17783
9851
1039
16411
7050
6595
1423
11312
16574
3165
17494
5534
1129
17785
14728
17467
10271
8203
3565
1245
3612
2476
5204
12315
12412
4704
5524
14977
9631
13086
2547
1478
12485
13305
13020
4100
15444
1961
2244
874
6086
11986
15308
17786
9980
17646
10547
15909
14266
16453
5854
204
5082
8315
12628
14403
9037
10750
7421
12951
16393
10129
16461
2386
1740
3897
11841
3520
684
1680
6920
6176
10751
6820
6228
6454
2877
7945
13204
1108
6495
10012
8218
17793
10145
15435
6827
8326
5962
17621
14633
2314
14564
13395
6106
16968
8420
13142
13559
16664
15477
944
12148
15875
1803
17063
2281
3938
15378
14382
17056
1761
5402
10059
4838
143
8582
3558
11998
6548
3653
7714
2191
8735
4735
1997
11050
8837
15295
791
6208
14825
13481
5610
16838
4397
7151
13089
16368
15334
8973
8183
10191
17220
17550
16046
1835
4220
1723
16
3985
16160
8381
1944
10891
1633
2495
3862
9578
8335
14583
1809
5079
4604
16314
16836
5596
10761
15757
3630
14549
8716
14771
626
3545
9773
10085
11571
17790
5642
2732
16369
7260
5603
16005
7722
7223
13309
17880
1745
16533
15733
9836
16235
6214
2371
9158
3564
16490
15264
17677
6205
6393
16709
15665
6298
14932
10471
5893
10622
14824
17265
5449
12904
13175
3934
7634
1900
8963
4559
14978
15938
11775
15417
16526
11193
5331
2680
2361
11620
17253
12942
12619
12762
7304
3887
7092
1656
8801
13345
11787
4374
3019
12098
11107
17684
13929
12198
3489
13289
3833
2052
5214
54
15377
4445
8937
14849
1618
6034
5676
4654
11000
15399
17362
3910
474
6238
6400
13726
11405
1169
13700
17440
11102
9837
13533
8364
15466
3948
15608
7410
11950
2019
15037
4489
7947
8767
1679
12257
14628
2955
5793
6030
10555
10203
17348
7935
1232
11056
14899
6171
10242
6269
3152
17057
8297
6314
15185
14460
10944
7571
1890
4702
707
3031
9395
12824
14513
415
16848
4016
426
4112
7181
1584
594
7760
317
10455
2745
10280
2800
6857
10875
130
10606
8407
6579
8527
17608
6415
1445
5309
5379
14091
17229
5130
12178
2674
9539
8679
9366
8206
17203
8084
12229
2497
851
13517
9775
6081
7287
6975
16146
10628
16407
16672
7067
8542
280
14584
5903
9487
11510
4594
1322
8384
9421
7078
4379
15422
2769
16683
16349
3366
8985
5817
4620
16779
11951
13985
17519
4611
2481
339
1243
12017
17182
12744
21
6608
16312
5798
14755
17553
9132
7763
13640
12935
1707
3986
15917
2141
8038
3807
2296
672
3024
12105
9831
11224
14548
7747
4578
17575
4507
61
9830
4003
2516
2025
12776
1312
17711
10617
4805
14434
16560
8863
14166
4363
13669
7306
17726
3852
9093
484
16227
5477
16962
11031
11847
6561
10935
8519
11527
4214
11668
14897
1134
10174
302
14545
15675
12138
16824
7530
9927
14164
11836
12589
14428
13551
5823
1288
15827
14576
13302
17753
12123
14722
13855
15598
9313
11976
15981
559
2437
1725
4839
12335
10096
11296
17524
16886
15217
8721
4361
6587
16252
16987
9115
10080
10395
8884
3307
12213
5280
14163
2985
8787
2605
14117
16943
624
10368
28
4994
6229
14004
12946
7032
9044
6641
12025
10603
11497
7183
16013
14941
6231
15764
4858
13906
4314
12435
11816
4987
3325
1391
17851
16992
4972
13053
13445
3199
783
68
8633
2621
7979
15850
15391
15779
9308
4167
8137
6877
5303
9090
3675
7994
3327
2278
12815
10190
17307
4913
5490
15376
3186
13335
12146
9941
13786
16056
4942
367
9055
6301
691
2947
1807
1135
11623
15159
3628
3885
7332
3801
11953
12414
16104
6878
2687
11628
9721
15672
3403
4023
740
6654
13217
17088
16335
4723
9620
9494
5137
15103
6162
14127
3428
4194
10168
11033
17869
6538
7327
260
15752
3347
6797
15904
9201
1721
12893
15700
961
6550
4505
8354
10986
11162
5767
10816
15381
12027
5936
4248
9978
12887
16310
1000
14655
16568
629
1347
14784
10869
4656
4235
10594
16115
8388
12228
184
2008
2988
2754
15581
761
4572
6560
4066
580
960
3201
8975
12389
1022
9840
4071
6553
207
7022
11478
5106
9484
8730
5581
6760
2105
13257
8463
6365
1201
15711
2315
16086
9847
9351
13274
3601
14782
9585
12897
5488
770
5196
10508
10423
7139
1018
15090
17298
9123
14552
14285
15770
2863
5667
15198
12602
16959
8843
12725
12399
8176
16001
12835
9011
657
11381
5261
10333
13237
2926
12180
10407
9761
15073
8700
192
3147
13713
11447
4568
6946
3492
533
7593
8505
3098
4409
1284
7333
11560
10453
13250
5048
2919
9817
2089
7062
62
1724
12362
10357
2936
2340
17191
16901
17446
3831
1453
2109
17382
10812
2560
6451
9320
6000
11949
10209
16271
7081
8279
8433
3533
1716
15102
713
9598
8903
6539
10666
13778
16200
16575
7468
5716
5414
15721
12369
8928
15647
7075
5707
5835
17009
1509
12929
8419
14299
16904
8491
14237
17305
16148
12048
4751
14958
10618
2898
13727
17497
8711
5972
9577
17859
2509
17523
13948
4041
11521
11239
6091
9705
16662
10827
16868
12921
1746
1287
17194
6904
16741
6247
3619
12033
2925
6446
6526
10647
16452
9991
2959
11619
15844
17168
63
10465
15586
13961
15498
11261
5960
2922
2659
956
3614
9730
5700
4999
11143
17569
10981
6805
17622
16343
5115
4348
12128
10422
6449
1058
12171
17319
7182
4140
3643
1221
1027
10736
5420
15324
10740
13157
17333
11128
2812
6396
12199
617
8000
13806
970
11059
16027
13423
7355
4555
13966
17070
4908
5108
649
5679
14466
3857
3832
6187
11965
3455
3121
11882
2528
8637
9703
2996
6436
2586
8807
5773
17360
1486
12526
12357
2998
2846
4407
10002
12614
4355
9901
11923
8157
13130
5116
9579
16997
2489
4048
15684
764
7596
602
4144
9396
4627
1896
7957
849
4277
2557
16956
1083
6991
5475
1177
5921
12860
14686
1591
11776
1320
4242
17820
4275
12503
11390
3318
9603
2391
3613
6889
7379
606
17530
13957
13738
3395
6406
8836
4440
11500
1845
17337
14398
12771
4599
76
15157
14781
8718
9660
491
7370
11887
8029
2402
5326
3965
945
15181
2891
14328
8648
17507
8614
2285
11436
16341
47
7198
7528
17295
10789
10607
1504
5218
14265
8592
3820
3963
7324
2201
9018
5857
6288
16686
14408
10901
17279
3291
11121
374
11585
16984
16503
12662
10040
7341
4859
16835
1002
2211
8856
6674
3755
17239
13001
15929
1270
746
12509
13845
10840
349
7390
16143
1635
9468
12926
14698
7782
11569
17301
100
12192
9372
3626
10285
8910
14917
12615
16193
15172
9247
15863
16439
8319
5120
11736
15955
13391
11496
3259
12083
13135
8219
4469
8398
11322
4706
2048
15356
12338
7595
9772
13407
14534
5878
6832
6529
10341
8862
13155
1736
986
4296
12634
9780
17766
3541
12144
15760
7959
14715
5171
1889
14921
5247
5844
5169
13291
9099
11883
11051
16275
10770
13244
8397
1992
3207
8854
1974
4132
15266
1329
17015
4009
15846
14855
10286
14810
16592
640
7385
10713
15360
12441
4421
15879
326
12452
14304
4392
9951
13607
15283
4102
13404
6271
5481
17384
1735
8105
1003
11230
12403
2883
2469
656
9751
5153
1689
16059
2140
10712
2007
10893
15350
6879
9879
11651
16295
13424
1824
8971
4202
5629
5646
15344
841
15195
752
7028
2096
12293
2054
17625
11089
6218
5088
5053
12702
3968
9344
14232
9255
7409
16475
9440
4490
9634
8811
4288
382
10039
1513
4320
16274
12573
277
6274
7865
479
12795
1219
7725
12405
2193
2611
7707
6109
4239
10071
15816
14155
15387
3130
13081
336
15819
9362
11699
3078
13463
4246
13642
2454
13975
13068
14879
10434
5411
5940
9825
10364
7160
14821
2149
14218
17410
5579
3824
885
2500
93
2297
1510
2570
1854
3602
10842
9892
6480
2044
380
8518
16493
14385
239
2462
8551
1604
97
12052
10595
11987
10413
15848
6717
10778
5391
15323
15539
8239
7567
17736
16952
2938
17300
5498
16183
1368
1218
9005
3893
14194
9348
17040
13888
17540
5388
13794
17061
16714
8622
16524
1754
8762
10882
16755
12587
6899
11604
5352
17110
4150
15550
12208
950
13852
10431
6685
7785
7443
7269
16079
2862
7649
6704
14739
5057
12827
13365
11423
11287
739
11286
787
1077
2748
8575
10485
11894
12269
15969
14526
8336
10405
11578
1840
4976
3484
2246
5664
7664
9671
9608
726
2965
2209
15717
10861
15133
16284
1088
6054
17707
8865
5489
5341
11708
6510
10232
9058
8022
12666
5730
16796
5140
623
8941
5687
15302
92
1587
11525
8534
1798
17744
17151
763
13113
9666
13949
7100
7661
8887
6801
3244
838
9863
14987
1884
6869
5847
9026
7926
5786
4979
3552
4461
1911
9716
5076
459
13841
12159
8612
12045
7920
15985
6268
17210
7235
5075
3866
17620
13846
214
8788
14685
9552
13200
8322
14706
7000
1371
7153
14730
444
6847
8760
15670
17544
519
17278
12235
11537
1342
14368
5638
8332
9222
13021
13542
14022
14752
3348
80
17796
6379
6743
16000
16152
11281
7371
2964
15112
4531
5487
4642
16930
14626
5794
15328
4340
2766
15086
15796
6322
11148
6
11632
16603
17690
14066
800
6280
6376
15855
1650
17345
12085
15431
6673
17812
9231
4008
7529
13348
17363
10561
5458
11549
5193
9
5430
4173
5621
12565
1953
14186
5262
3729
17003
15579
11931
9423
13484
12728
7126
10496
17086
17520
3850
11330
6017
6951
4903
7601
12547
15091
7012
1812
17423
11640
14478
5091
6559
14806
16907
7335
12227
6210
4219
8525
2482
15177
11741
4133
1440
1381
4052
15755
154
9073
3214
11358
12429
9675
11097
12765
2535
15068
1290
3343
6549
10164
2239
5931
2816
14898
8361
8418
11079
15316
11186
16329
5635
4156
197
5206
8196
9697
10176
17835
13568
11659
6831
16216
13780
3835
8738
3109
14551
6105
4438
16209
4029
3138
14506
6787
7551
15576
4258
161
6658
11801
7140
10980
8118
3181
15140
4980
9291
1275
4644
13783
14020
16033
17042
5338
10457
7743
5843
6233
14100
406
6568
694
10833
6528
8478
9948
13276
9451
13637
12517
12163
9732
6190
9059
15508
11126
11580
8115
8439
10911
15125
8043
14244
4719
9606
5181
4716
2549
5660
6622
14579
3301
2393
13364
1126
7488
9363
14485
10143
3150
9489
4398
3245
4439
6913
7510
3508
11593
5041
9340
15886
14085
13590
15536
6592
8838
10978
15949
3342
10303
13290
12688
4540
14112
2438
11309
7797
3817
17033
15175
12321
13092
12599
5161
2615
6325
17842
10494
6860
14985
10553
17641
14778
14516
15135
1629
10142
11761
8085
10359
12504
1929
213
14026
7192
2755
16619
4049
7248
8536
16494
2879
13447
5783
8484
17740
846
3462
923
12297
17152
5670
13406
1828
17659
16840
7157
3206
10910
10247
14670
11621
12534
8132
3929
10714
8208
17765
11235
3400
5861
6656
15065
12591
4332
2184
17639
5365
2123
9547
4667
932
6060
11957
8955
10626
13977
17578
14965
13802
14716
8530
1323
17773
11095
13013
12489
11369
14565
6342
12696
7909
14860
1977
13306
13201
15794
14640
14315
4069
1799
9512
16405
4804
9744
11131
6935
12224
777
16118
11119
8281
15058
7429
2121
10868
16668
10348
13025
4571
17769
14712
13934
5150
3457
8003
10982
1874
7049
6936
15394
14332
3660
13499
16167
5701
11011
11966
16254
728
8146
1937
14098
50
2969
190
15392
12008
14953
14888
14449
1017
16922
3302
15687
16763
10616
1344
3426
11117
6574
16249
17236
14122
12134
6159
6613
10197
8053
1787
13539
3879
15440
10404
4031
11564
2492
16098
14468
15311
12143
5597
3159
15513
7117
16103
9511
9979
9602
8080
12502
5651
7391
4583
16564
10767
7348
11772
3219
4289
5344
10517
17484
109
9814
6245
17693
14094
12289
15310
5258
3754
15851
12888
7356
16572
11463
6668
5412
3270
15492
10924
12409
9314
972
1015
3677
7480
10052
4472
3546
1105
13633
2101
2459
15534
11426
17714
6796
1031
10320
10873
14797
1222
7853
13478
10690
12254
1250
17601
11543
17400
231
10900
16124
16949
10537
296
11255
11907
324
11638
14968
11866
17231
7278
13828
5463
1693
12205
12265
14553
15045
74
7277
4880
6980
17328
11399
4068
16645
2804
3306
5357
6192
9576
16042
7718
16639
3634
10177
16501
8436
8156
14862
1888
5526
17023
11929
6048
15182
15815
3239
9580
3884
2292
12954
10655
15009
9129
5616
8585
17127
5177
3616
1687
14900
6432
9643
12756
17503
8141
5101
15666
6814
15793
1376
12410
5314
11443
8737
11347
2628
13660
9720
627
16444
11724
6964
16029
9873
6925
4189
10716
16954
8943
13512
15098
11450
3994
246
12522
4541
655
3073
1208
2915
5369
9113
3345
9411
9091
5288
6790
375
10328
7185
8649
7116
4101
13629
4511
8825
5191
14699
11012
13357
9175
8894
2200
5690
7257
13047
16362
14014
13776
14646
1639
17372
6996
15950
14390
1605
11458
5320
7328
11675
17521
14834
3177
13329
11674
5870
8512
259
10846
5607
10638
7645
13965
16965
16309
1470
3481
4845
1496
501
7891
15873
10269
15088
13374
7447
1816
13848
5335
16637
9504
17741
13497
12169
15992
11192
8991
6286
16767
10822
13662
8601
7063
16964
1264
16934
15007
8414
17694
1964
17723
2660
12785
16050
9538
13280
14227
13983
5779
6602
10469
14742
10793
3444
10476
8391
12379
5460
9526
4299
9345
7511
5158
3499
11824
6011
8508
7070
16527
881
2001
13577
1588
256
4632
11139
13061
14378
8342
9322
16760
17517
17516
4417
4186
695
2796
12484
13399
5063
5003
2664
14354
12271
2634
9846
8740
16030
17689
10331
654
11727
10116
5273
363
4622
7400
5969
8627
4347
8951
10921
7395
13543
10019
16348
11323
158
1421
5431
9898
12997
5211
16539
4046
3089
1419
17897
5743
16268
14107
4491
16396
3102
10098
2457
16651
4910
837
16422
14511
9135
4524
8075
5068
10255
16352
15423
11825
14877
7044
9853
1122
314
7215
536
12129
16157
7777
11731
17551
7353
14601
4399
2456
4413
10659
14062
16437
6223
2736
5567
10916
10078
1872
7503
14204
13184
7606
1652
13862
4028
11026
1093
9384
13673
5228
12274
6113
17818
9609
12608
1365
8608
11354
16219
16222
9418
7572
619
6590
1783
1345
16900
5770
6444
17306
11481
16207
6147
2887
8067
6955
7814
10093
16391
10304
78
17365
870
8403
3438
9325
750
3964
4206
1836
16008
4655
15866
13639
3623
10734
8786
8102
14996
10527
1873
2085
4032
13809
17595
12566
16805
10007
5648
9266
6643
3922
7343
8371
12987
7876
9264
9039
1966
8799
1885
11697
7121
5724
16632
3572
7478
5505
3040
16423
3926
7765
11318
344
14990
16134
6504
13664
14793
9565
15667
14143
6015
11269
13010
10141
14051
4558
16676
17138
1431
839
14690
3992
10194
13984
7496
15860
12780
16366
11040
4640
3015
16856
13366
1375
9910
14110
11388
186
17864
12690
8744
1063
8743
14356
5825
4638
4335
13060
5157
11252
8812
352
11810
9894
1272
2858
6296
1505
12273
9106
2655
12374
5780
16742
3338
9722
11743
12966
16151
14063
3525
11898
11885
12877
8412
6453
1415
15967
7933
16334
7566
2245
7322
938
10225
14248
4172
15407
14649
853
3038
14758
17709
17130
10185
9021
1530
4455
2254
16749
10283
9888
16488
10646
1887
3842
13066
5264
12266
1146
17087
2490
6458
114
2574
462
9254
13313
6677
7265
9623
5399
15726
14915
14668
615
7886
2208
3851
8697
4546
12908
12755
16819
5721
11881
16983
8051
3032
14031
14437
5028
7916
8142
8715
15554
13526
2834
719
8286
11714
3700
5415
9144
3769
10596
12791
7944
4284
1333
12305
17075
1672
5135
13333
16766
929
9689
11693
7527
5031
5768
7749
15551
14321
2409
3967
8562
11444
9707
8375
5869
7082
13931
9067
6544
11692
12899
2011
11486
11670
13703
4974
12916
4138
17314
10377
3321
9386
9009
7471
6919
4792
8227
2899
4000
15824
14603
13439
6199
5416
11608
8041
3368
12317
3624
12695
723
4336
9228
9994
5763
16462
15669
16774
3388
5224
223
16753
6412
16875
4701
15173
17049
14802
3133
271
13795
8082
10791
14337
16438
4761
15777
3808
8997
9471
5711
13222
14359
688
15358
10543
2698
10530
10762
1409
16590
3663
12320
4966
13024
10498
871
13851
8574
14943
1837
1924
201
1283
4476
6986
8644
1720
14352
7366
8382
11260
10213
2667
14831
14174
5546
3417
12415
6767
14456
2871
11042
7881
12463
1394
10161
2429
5725
13774
2636
7158
15184
2649
10070
10844
9622
5782
3333
16180
15015
5305
4165
7521
12059
7058
14542
5278
14082
6478
16298
17052
15355
1212
1178
16743
9813
11114
454
8343
11182
10459
4952
1349
4074
8847
8365
10687
15612
173
9915
4432
1718
9626
3813
10783
10182
12153
3265
5392
17069
11822
7553
10613
16566
10977
13227
6603
1090
12206
6670
15569
12056
17772
5934
422
17004
6497
5541
16768
4860
401
1795
13023
17557
4931
14942
4883
14286
4545
17664
16776
3595
16558
11435
3405
7956
2478
2531
4666
14501
11364
11294
2203
3491
17549
527
5811
14367
15307
11969
13339
9760
4370
2286
7733
2066
9694
3126
2767
16881
14539
10311
14179
11424
12800
3387
1213
15867
7801
3222
14944
6535
13202
14744
7349
5269
1118
1456
3942
248
5859
13324
10585
5954
14627
13353
17438
6885
2669
11710
15017
11924
4497
10466
8695
2658
8197
9239
9537
2629
7387
8927
11960
12839
6867
1811
4499
1103
1655
11248
9555
16233
13868
6230
13247
4694
16127
386
9704
5058
8864
4517
9501
3256
7071
17613
1277
2693
16869
53
13969
6736
601
2692
5354
14912
6390
8486
9586
8804
11904
11046
16577
6025
1982
14568
2064
12000
9710
9812
4889
15988
14925
8554
7508
12141
4266
11993
11799
8334
2575
9999
621
3160
650
6019
17655
5875
8929
919
4095
12646
8265
7655
9815
6699
14445
12073
16186
3079
10697
11954
11039
12100
9317
1074
16786
5525
958
11090
7674
3135
10148
15362
4111
15962
15023
16339
16795
4483
16044
13502
4222
16129
13036
6122
14303
14097
4526
9790
5252
14885
6129
16097
15639
6069
2221
2839
6503
11493
5358
6488
12804
17294
11839
13122
15267
13847
1868
12992
14697
9544
6556
16093
10386
7422
4488
17420
3822
5470
1080
13569
4433
12057
10650
10575
12378
12316
13766
6373
9754
884
10702
11400
9601
11057
2313
17074
8168
12256
7148
10947
11154
4755
2053
31
5407
12351
8848
10715
16213
8264
1097
4799
13358
12173
10446
2728
13715
1858
879
2536
16315
8906
1271
10953
9525
11279
6875
13437
4886
16986
5645
1524
7942
2854
6985
15363
13317
3432
716
5302
12701
9492
12660
13530
4089
15714
15975
14482
2410
2326
3898
6990
11030
2906
7053
11209
7607
7669
6370
9354
7246
2180
4919
3921
10008
102
17471
11158
15379
811
5814
5453
2215
14116
316
4600
988
2257
12026
6639
7621
8993
3328
8656
13360
3443
17338
12154
11860
8346
2318
14135
1008
404
13580
11829
5183
8778
558
11083
3710
16608
11283
8087
10683
15220
9289
17683
275
1948
9820
13619
10121
4768
10483
113
2765
9911
13558
5557
16544
9860
5327
4327
103
8509
14859
11516
16048
10270
507
10707
3659
10284
286
15671
859
1061
1430
2875
13950
10956
12892
6120
15616
311
11022
15782
2367
15743
10660
3035
8007
7575
15628
1892
8147
14792
5659
17592
7364
235
6799
14800
4463
8872
8047
14882
2006
7879
14741
156
14275
13825
1981
15170
12571
16292
7168
3357
10187
5105
2753
5556
7191
8017
14614
2602
7662
6409
6585
12721
7436
3510
11392
1770
560
8845
2128
14208
4617
16708
9724
10171
17387
7827
14872
10391
4153
6716
15257
13792
7169
12401
4096
10380
9242
10918
3127
12387
5253
9514
14826
5243
12499
7054
8725
8059
5133
7225
6047
17067
2303
17371
9296
8850
17225
15147
6200
4330
13472
3057
4731
15301
7924
6402
10165
7475
1220
2707
12310
7080
3709
17240
1084
15366
7428
10563
1661
8793
909
16286
3125
16630
16332
5803
5904
5897
5421
14923
11217
7758
10664
6864
1702
5845
11023
4364
5769
9523
10863
8356
10032
9050
1438
5963
2020
5849
4234
7870
12342
17097
9183
4986
11709
13149
8293
2961
5877
16236
2677
12598
3952
9938
17006
6035
16580
8560
10154
3140
6302
2164
1200
3330
10068
8677
16221
3144
10429
3353
11820
8543
2228
10794
14061
6945
1318
5172
3230
2510
12182
3364
7089
17506
16775
16841
5984
15474
1091
5800
17195
10705
16597
5377
2433
13328
893
14017
9102
11625
12166
9435
14666
7007
2539
2125
12480
8618
7829
11753
10669
10540
14982
5024
1121
10513
1164
9646
4020
12014
15191
9727
7450
12933
7027
14682
14305
2042
6823
13430
10802
8220
14396
16803
3290
4251
12352
13742
11507
5036
9638
17791
4353
3680
8396
10731
12939
14453
3397
10675
17344
16381
17234
16995
6448
14889
12070
4850
8691
7896
9419
4264
14625
9885
15298
15303
14405
4085
10318
12833
9349
1239
12304
13249
14418
17425
123
6627
13625
15802
15891
3047
12252
10605
2272
4566
4292
2713
3363
4921
1569
2851
7983
14555
14510
4734
608
16402
221
13177
1701
12447
6967
3718
11666
13172
1012
4996
1719
3472
9728
15868
9522
12783
3966
16060
8162
2666
13325
3658
2641
7620
7913
17429
4887
10505
9121
1253
10809
3984
5083
16248
4806
1474
963
5605
177
4822
17280
6435
17594
3158
3682
7819
12212
6348
10569
9196
14536
1197
3468
10640
15692
9518
16141
6581
1560
12110
7585
176
845
8520
8674
3881
12193
6256
15486
7313
9636
7
9042
6786
4495
5313
1769
11129
3331
10218
13384
11756
14412
9878
5070
4565
9355
2206
1485
13770
3374
5232
15959
222
15359
2710
11157
6359
542
12248
1742
15749
10621
1766
8902
6851
15357
5163
332
12267
10383
12592
9116
12042
9614
5143
11647
13233
17126
12295
7451
9904
13253
16748
7039
16506
10670
17808
545
11566
15910
15205
4512
1851
1931
10515
9117
7912
4482
9599
16431
2145
8979
7180
13371
8423
4849
6710
307
14843
3386
6041
14277
7110
17525
3739
5628
709
10532
12360
8352
2160
12682
5472
12364
6315
5147
14911
10153
9327
14038
675
3803
2468
17813
554
16022
1295
8357
3459
6361
3668
6865
7454
14335
8250
12246
1004
16404
9122
5830
11078
2099
9650
2637
13043
10291
5578
15061
10821
1737
10091
2840
7982
17072
8885
12431
15262
17648
6080
6916
7150
5424
6270
15455
8330
742
5994
6440
14365
17571
8635
10541
980
4550
9807
10501
12090
15825
14450
488
17166
17735
2466
6050
17230
75
14955
2648
16057
6971
3697
9699
20
4705
2234
11948
3955
8966
4152
10355
1544
4878
15434
14264
1363
10784
16049
8731
2450
5867
16655
14013
3254
2585
2527
5833
4240
4509
10813
4575
5899
1070
13432
13613
11886
8968
12448
5321
6353
17802
6661
15243
17270
8037
13747
3446
6358
9142
7170
12241
11238
1654
12331
17262
10111
16750
17745
12790
10907
9571
6632
8224
11452
1049
12784
6795
6320
11653
7374
13751
14905
2214
3002
1531
14035
3452
17836
12038
16752
1829
3523
528
5067
15494
6193
10050
17635
16587
14373
2387
10796
4563
4451
4380
13563
10180
9658
1268
5566
4387
12434
6536
8099
5864
11225
1554
15409
14131
4209
6626
9375
5014
13759
2876
3513
5613
11985
1358
7739
7444
9112
6732
17642
13232
14676
14011
14499
2889
10608
13932
12147
9206
5378
9669
12140
2699
11834
17302
14694
2158
13221
7682
6175
17607
14530
3771
6508
6888
13970
873
3567
3982
16839
773
7522
10839
5185
3787
3500
6759
15600
6517
7775
14442
10787
15702
14928
3526
4444
5395
4328
8896
7744
279
633
13634
16026
8873
14992
11813
11166
8921
3486
11767
11755
5715
14216
4207
4282
14001
14621
4812
15894
14803
7310
4628
5938
5757
8924
71
7697
12624
2202
5311
1352
6566
15615
11379
4170
2764
3266
10456
15124
12306
2562
16726
13016
216
9670
6959
16327
4252
15398
304
8425
15370
14846
476
15835
7172
8027
17470
3231
10668
4389
13701
108
1141
3283
10976
15649
5457
11421
9557
11832
9735
6523
11465
625
2758
574
16681
14507
10568
2493
5019
4324
6942
4217
11116
7716
522
10571
14829
8128
17073
7008
11204
10083
8177
14394
3793
13695
3772
8791
1715
10774
8565
7283
14415
11419
7403
17498
13462
13154
3705
2983
14129
3925
10991
6225
4286
6725
8952
15013
17717
3748
7847
17202
1374
15693
4281
14720
15232
10188
4728
9936
996
7135
1439
4855
15284
4164
4682
9225
14175
2668
11528
6399
13717
8829
5283
2213
10519
15388
576
3382
6258
5828
11163
2177
2930
11868
3918
14206
3911
13612
725
5192
1041
10917
7211
6713
318
2115
10363
2073
18
14609
14995
9257
11439
1690
10006
7671
17734
5495
10516
1360
15853
9241
16591
2136
1852
9781
13683
3544
294
10060
2432
15745
6394
11740
12015
3194
5129
10167
14822
11968
16147
16278
2033
4018
9971
7474
7064
2119
14767
15415
16811
17748
9057
3744
17179
3855
15775
16424
17435
2568
1185
14732
4137
240
8732
2465
5251
14043
14169
13377
13243
16942
8008
11231
15810
10853
14476
11069
10497
16279
15829
164
10444
11053
10229
3980
9987
2619
9500
6855
4658
1583
8245
2473
4837
2738
13510
16998
4916
16892
12058
808
10449
14068
14430
1030
11872
7582
2902
15471
14933
4649
16150
11138
3123
12617
2775
11418
11027
11601
8607
13069
8785
3578
10514
16023
8796
2822
9811
13164
5132
6604
15034
14658
10316
8283
9397
17590
11542
4612
7232
17226
11446
5772
16509
4303
5447
9882
1457
1625
1732
1743
1879
7481
2696
15952
2709
1119
15500
2420
13940
15817
7414
7820
10253
15682
10427
12596
1332
550
13451
17309
300
9766
3407
5712
4663
4577
2424
2990
13003
14386
12836
6121
15331
12805
3114
8063
2260
5569
12689
867
16361
10557
5643
8504
3515
6466
1972
11208
1535
10963
6897
2785
11512
383
15531
2672
11499
5608
3145
13761
2550
1113
8630
151
15607
1781
10157
10656
3157
4547
5482
9989
5107
1179
9350
11003
1402
13623
5125
5445
5732
16130
2097
14489
17671
14845
15148
10954
8506
1355
15075
14500
6918
8823
17165
11667
15279
6405
13772
16499
2388
10474
10149
6974
15897
13416
5837
17539
5887
14486
15380
2448
8617
3751
8347
2014
15433
13440
5099
6719
15274
10349
7517
11254
10262
1229
3404
7240
16910
4431
13627
6637
7020
11961
4736
12831
9482
16873
4342
15847
6443
10551
470
4285
8734
15589
17375
8327
11073
6266
10877
11195
16070
15193
4082
4949
1993
4123
2671
6607
8291
3204
16433
12647
8235
8172
5485
6711
7479
15341
15864
16166
1578
6484
5364
1615
14357
1176
12376
14106
10874
5094
15606
1094
2060
3137
4669
12745
11849
16631
2218
17687
15188
9012
1827
57
13581
14006
2018
16850
2305
4375
1624
10760
86
11104
11038
9171
14153
11377
11672
2252
14508
11265
10120
17725
16003
639
11109
9627
11992
17763
15934
13027
564
315
14243
11307
9619
4588
16653
2741
6052
13097
14805
1700
5883
17852
15129
6350
7408
7715
3251
12158
5731
9443
7476
11210
8106
8663
600
9542
1294
7226
15372
13765
1291
6144
14080
13842
11373
115
13489
17582
2362
3
10828
16659
4584
2756
8883
3101
183
7712
12736
39
6317
11720
11425
10192
2778
1695
1519
5914
8260
3399
4181
10237
17258
9934
8824
327
15548
8363
6856
8300
1559
3843
6447
12677
3627
9309
8978
737
8447
1676
4190
7231
9570
3890
2027
9920
15171
9019
5778
10029
10488
1435
2911
2932
11025
14140
7958
8386
14102
13963
1543
2460
10023
8588
14220
13585
647
14940
8638
13900
6483
11511
11183
9434
6383
13114
3093
9965
1427
15754
5319
3020
10548
16484
15708
8545
9982
12375
14448
2103
16074
10147
3883
16551
10256
1547
3162
14452
17779
6840
12775
10268
3217
17330
10454
12137
3637
1048
452
16006
13049
9445
12924
10932
13436
6988
13685
8754
10600
8511
9597
12635
2657
13998
5318
3695
5216
8109
11150
5213
6679
9490
628
3311
11169
16970
5841
11649
12523
2298
5853
12743
9508
5759
10330
15882
5735
12670
17412
7536
14847
4832
517
8840
2461
2414
3289
6042
3170
17250
1540
9275
13269
16562
11072
13459
10300
2417
16666
2708
6395
2269
7388
4464
3044
12957
14588
7251
17865
17712
16126
12102
685
9793
5545
9832
13908
77
15821
11077
5852
9507
7486
11492
4045
13268
12291
11979
5612
7073
11955
5506
237
3607
1257
7512
2511
4212
11734
903
16948
9140
16358
17128
5387
17743
17418
14913
15798
16809
11605
12953
12560
7021
14146
2079
11817
7346
6898
3535
12078
17481
3106
17825
14446
11768
724
12642
5255
9746
9769
15031
8415
8859
14233
5440
4036
8362
14075
10481
12834
3927
6871
13171
4711
12986
8462
11698
513
795
340
418
5300
475
14025
11468
12533
12585
13428
12494
3868
1414
5832
8209
9000
5459
7796
9080
11719
1805
16440
13549
4487
13458
16392
11818
1045
3773
13678
2564
5727
15924
1477
14270
10102
7103
2076
5590
3723
11404
10950
6844
10035
3067
12640
15504
14780
9360
16232
5263
3864
13235
7734
7764
2966
1934
2626
6087
7742
11846
11622
2385
13724
17005
11738
12307
10072
967
8610
3784
1459
12841
1810
2844
9063
13576
7705
6700
12882
1646
6316
11070
1034
11972
5797
11943
6179
2811
11977
4044
9581
5375
5468
6457
3650
498
15216
7890
5644
16382
10643
1674
13967
9281
17465
15299
2639
2647
8684
12820
9573
911
8948
13636
9382
10973
1023
13163
3611
12068
17572
9880
9312
13252
13251
11494
16140
11920
5419
16516
6834
4097
9661
11812
305
13402
12397
12430
17713
13892
4117
16586
3617
1771
3065
1006
1242
6681
9154
4684
4129
10313
2868
17824
9476
11749
738
15419
4087
