8949
4474
4475
4111
8540
6712
4520
16686
4749
3612
13774
10528
7326
2279
1617
5411
1747
3821
9889
15213
7003
14706
4652
15983
6043
6065
3045
388
17535
3414
8279
15425
9368
12091
1819
2533
7035
8111
1760
915
4973
16709
13213
10348
9192
8109
4631
9378
1061
7973
5394
11362
5921
920
4680
11665
6784
15001
8081
12264
12657
11599
1889
1896
2982
1525
14147
13777
5302
10917
3788
10160
11879
5928
12537
8308
16795
12265
16665
11851
6024
15496
8058
14342
2445
8182
2219
13754
8213
2595
11035
687
2692
2862
1432
3242
16669
1780
13801
8947
12330
6310
8654
4170
1895
331
14154
15705
6270
14271
2134
8434
5910
17200
5377
7195
12087
10996
9556
8406
7970
4856
15389
1994
2715
78
6213
13576
12842
8315
175
9472
16922
10065
13852
13067
7201
4558
12006
9818
14855
15394
17007
13608
15327
12321
11749
15397
10422
7812
13326
12794
15692
10976
11555
15515
7282
15058
17582
15981
3034
189
2361
16456
1515
3075
15320
2582
14048
4968
16176
15770
4540
9624
793
11034
3219
16408
12547
14688
2809
3564
16676
10448
8411
8385
402
16298
2198
12446
3852
12987
16983
13931
4387
13332
3033
4272
2109
17659
17665
10894
16923
9345
16188
2166
930
13349
14212
15952
1065
6363
8915
14945
14458
16353
9877
8070
15848
16592
15776
15159
14556
5444
11421
12749
2994
6454
2931
11218
17718
13645
3420
4676
1334
16064
12744
8464
1510
11001
7305
7098
14850
9741
2782
15737
15493
7208
12206
12406
85
2760
2858
1645
3529
11386
14398
4858
5425
10182
12082
11574
17111
5831
9058
13052
2948
13995
2631
16027
1926
3479
16241
15280
3416
7053
7814
4818
2430
1948
2511
5119
11319
10848
8212
5565
1019
6152
10136
12877
15569
352
2188
4485
13520
8253
14616
10516
15933
17827
5332
15688
9152
174
13565
8103
14191
9630
13279
6500
3793
12018
8791
6027
17752
2617
12131
12570
13647
17525
7809
6468
15928
9542
1932
8521
17016
8121
7370
9920
15621
412
8985
2024
12878
16759
10979
15488
8798
3613
12521
12584
2827
5369
7439
15873
7529
16179
17086
7245
4003
3683
17208
2216
15433
12121
717
959
14709
487
13750
16720
4030
16105
17505
16949
12688
14654
7283
2669
14239
9714
7641
12588
9646
4287
17492
9412
8813
12826
13511
3068
15358
10666
4146
11600
3401
10712
16819
6406
17220
12471
2671
4617
2049
3860
10753
16492
7390
8238
1685
13036
7286
6701
13197
5451
3949
6172
889
4364
17733
7736
4552
10601
13633
5794
12625
16574
14210
13632
1137
4726
12338
8911
12779
7858
10530
10737
6803
10851
4380
7181
12197
11255
17382
285
13037
11148
14578
3504
6018
16735
10289
3432
4713
3618
16646
7744
11584
16533
6471
13747
9622
9908
13123
12231
8195
15697
5986
8703
12762
5963
4703
5329
8010
1211
4675
6256
12531
17500
16784
7273
5673
4938
9479
1576
11295
4285
6170
7770
4023
2743
16757
2726
11107
4300
8063
8445
16973
3234
17398
732
5618
14965
7739
12867
17199
8086
8097
9862
334
7602
16612
8108
16319
7775
3891
17230
14133
14529
12159
17508
10953
3100
10636
17167
17660
9893
11891
1734
2152
5443
13515
14198
15375
3133
14834
367
11972
2336
10596
9921
7330
12630
4960
15060
228
7833
14783
10782
7002
12075
11752
17150
17286
6676
8169
3555
934
9591
6870
11575
8975
3400
1015
7934
3609
14970
1986
14234
8450
17057
3241
12890
11348
13139
2559
17722
3651
2652
12078
8424
11925
5853
3779
2596
12359
17228
11072
8408
11624
2083
16853
5682
16410
6154
17574
6042
15177
16584
4077
7391
10362
7493
8968
11722
13121
7097
10947
10832
2562
1584
14863
10634
9672
8076
5039
15513
13675
10882
15916
11895
3101
10559
4531
16569
8368
6499
8520
1963
3049
12681
1958
1784
11820
4667
15723
467
17507
12299
418
8371
5584
11444
12322
5901
10441
4815
123
10216
7994
11235
4644
4356
9110
1630
4177
14308
6432
7117
17426
6718
13289
12053
722
7385
1700
17142
10805
1269
5564
14486
16877
852
2520
6577
1871
652
11556
1962
96
15886
9635
16103
4476
7165
16038
14139
4621
15026
4981
5272
12812
12739
6758
11031
16811
1504
5631
14328
624
16108
10327
17776
9040
12626
4817
11354
3748
17033
4962
7389
4851
9652
5800
8165
9294
4586
2892
393
4886
14860
45
16326
14746
728
12981
16293
15517
16768
8667
6823
10375
2305
16297
5581
9370
9727
6945
9915
10698
17335
5351
2539
17274
7320
1258
4442
1822
13212
13058
8395
6615
7777
4537
14944
13787
11467
16171
593
7197
13350
11327
9218
8465
12841
4400
11626
11995
16406
9910
9201
15577
5021
6476
10456
10416
3226
11484
803
8422
5973
15477
8459
5200
12921
10536
1988
10913
3413
17258
12991
13986
8247
11618
16418
3668
8513
17696
1952
7452
14804
9023
2932
13943
859
15772
14540
4214
8098
15521
3126
17876
1591
14295
13832
15030
17643
7404
14216
2985
4557
13223
8407
14447
141
4371
2373
6003
9857
13960
2292
6192
749
1605
12737
6580
1486
3397
8687
5835
17026
11706
6594
8397
17273
5352
16572
17191
10651
5570
9825
14753
17897
404
7185
10525
16512
17234
6420
4248
7383
6484
17414
16964
9116
11503
3377
16932
13304
4702
15357
16348
16128
14024
13589
3554
2694
3809
16788
2499
7610
13165
6695
11923
8302
13809
8896
9348
6704
5619
11950
10875
13593
1868
4914
12275
13255
5589
11979
11944
15449
17453
17133
15192
7856
427
10005
1003
14370
551
17538
5897
17104
17359
11273
11694
16041
8502
3894
8099
12714
7187
9401
17379
7162
15897
9346
9050
9802
6124
5959
2579
10423
16919
15329
1296
1715
7783
29
15743
931
8950
4118
2483
15037
14795
9364
14621
15954
1048
3404
14785
6461
16639
9814
4178
11567
6282
7500
9011
1092
131
15727
16746
3561
1405
4995
7613
14582
17494
10003
11410
16804
17048
17182
16472
13927
5793
2410
7504
15151
4190
7771
9333
12813
14884
753
4377
9738
2941
4202
8393
13680
12888
17313
8988
10859
591
400
7375
5784
13779
339
1634
14479
3463
2497
15176
1461
16069
1517
3955
15479
11780
12437
11592
9943
12596
13496
2879
16173
2334
16568
1118
15989
7349
17226
9824
15676
6538
16379
17212
2610
14620
13657
7971
4569
11623
4804
12474
2987
10254
3541
5701
7025
8669
1982
9101
4982
9249
1325
2331
500
16662
13981
1484
1437
4688
16010
9229
16271
8836
3691
17568
2532
12402
17474
9427
4078
13179
6301
2403
15911
756
6079
16363
15034
9712
2933
15672
8653
16845
16761
12913
11281
5829
13911
9323
12120
6717
10922
2574
11601
17604
15936
12784
520
9733
5483
17723
17668
3589
6260
1825
13007
5559
13297
17175
2496
17455
10821
3158
297
15046
3396
9567
7395
6936
8917
6275
11610
11340
602
5766
6345
15760
4215
2601
6591
14904
16095
14836
15704
15815
16358
3359
10090
16586
10727
804
1745
11215
15098
11729
1959
13786
2510
3699
3686
8997
16700
1614
1513
12279
13060
13261
3411
9126
8172
17601
6811
15740
14476
14745
16049
1939
1732
1330
699
12297
966
11854
4780
6000
9723
1146
15656
15590
6190
5294
17100
14856
12655
12835
7277
9003
9462
7027
14899
9671
11213
1699
7857
13731
8645
1599
2460
1109
14
8676
11187
12968
10301
5155
10117
5440
11387
11967
4570
3206
13872
15818
2950
3054
15173
11431
7083
3454
1781
16673
17136
3039
9026
6716
1826
7665
2946
13351
452
8587
16136
9752
8518
10442
6336
11508
15125
16779
12250
10907
1869
8250
437
5419
17305
15853
8496
12865
7712
12248
15180
17287
243
5371
10154
3535
6555
17540
13884
16531
265
2004
3736
6679
11305
3811
7240
17749
13585
4211
15630
16737
5026
904
6001
14397
1985
2456
11993
3355
17858
2707
7209
1094
8007
12218
9677
1726
13108
3195
114
2038
9006
12306
15604
4881
10588
11496
14887
2102
2757
2332
6069
16466
146
16516
2378
4565
16563
14051
16550
7511
6545
13792
12750
9313
9146
8378
5596
14838
1795
2263
10353
9384
4898
3311
12559
2781
11606
12135
2725
639
328
9190
1245
11744
1828
11969
7222
6890
3639
7498
885
14167
13432
10554
15539
14140
6222
15563
1530
9305
13798
9654
1399
16843
17413
6898
1816
13064
13623
16824
5494
12432
284
2700
15105
17451
7667
3250
17833
713
10165
13003
16908
17004
3067
17554
5075
509
4999
10885
7141
1971
11502
6650
513
12243
5287
9636
14963
2392
7333
3339
12828
15042
16309
2894
6814
12398
6115
11147
5436
11908
9565
12935
17329
12482
8442
1090
71
7924
7119
5460
11002
398
10402
2564
5173
490
13814
13302
8564
1876
8773
9421
9831
16397
15739
6493
12598
8972
964
16818
3449
17195
14459
13542
11682
4559
12811
16032
6587
2436
6233
661
16115
3585
3086
2883
896
17213
15537
4736
34
10710
13357
15000
1638
13190
491
5474
11538
7808
9373
5266
2698
2218
17651
12553
11756
6496
1752
1491
15454
4465
2682
856
944
1202
17210
3800
17756
16504
9160
9562
9257
11823
307
1471
6414
15027
11991
1923
17719
14641
16875
9009
12202
14826
2711
835
951
11884
1253
2265
15412
17255
9929
5695
6703
10937
2833
16197
4278
8760
11583
2796
9119
7259
13829
10924
17326
891
10866
13294
494
10551
13156
5979
14588
14448
14581
7699
15856
6478
1266
8069
11111
3771
10463
7358
14461
5299
6929
17465
10915
15662
2777
9848
16063
14722
7231
8862
6549
17217
8145
4665
311
2577
17484
10941
12824
11262
13569
17377
10465
14539
3169
435
2137
17152
9087
5597
15142
1487
5268
1013
11557
7938
562
16995
13568
12515
508
2984
11873
5558
8731
9168
15289
14824
4473
2488
14888
7831
4038
4954
11835
3969
14779
9322
8982
1166
8708
5241
4156
12636
2213
11553
10899
5988
3044
12361
759
6139
10021
8737
11468
17816
14821
3718
961
6906
755
7145
3784
16626
6743
4298
8617
16236
4295
1809
7813
899
14634
8266
396
2001
1323
6904
3545
15325
11133
15288
7816
8501
17037
8427
8628
8745
5609
2191
13214
13379
6754
17147
1379
3911
10272
2795
15763
2572
12819
14229
14694
5218
12139
13944
12029
4395
1326
9290
14575
6451
16454
4373
15773
10127
12958
16605
10862
6877
24
6117
2376
4105
4740
14373
390
10987
5112
15110
8479
903
11275
11349
13128
11134
5355
4576
8572
14424
526
10418
12929
9993
13088
16022
12417
11353
8504
3899
11683
13167
6362
5134
6463
5193
15731
9697
6735
9172
3830
15872
6863
2913
4152
11016
6022
16258
4555
5202
4012
12372
2231
1382
928
14267
8277
1934
15669
1251
313
14987
2800
897
10034
7834
7575
182
13030
1697
2318
1873
11550
6964
14599
11726
14885
13018
16070
8052
13281
2075
17130
8559
9726
3701
306
12219
6313
16071
2832
6092
7269
16144
9498
9142
13274
3956
12875
14357
6626
5711
6995
6891
5814
2250
14194
11677
2944
11162
11915
592
17058
15581
14208
361
5976
11028
10836
5807
14948
1642
4502
12370
10473
17551
4896
6264
1529
13024
12323
7291
67
7508
3887
17503
15724
3880
14657
15944
14791
13533
10786
11292
4952
5796
5776
7360
2228
14118
17777
15712
13421
3287
10855
3364
4789
16748
3155
1462
9236
5496
16914
8505
4930
12433
9369
11647
13805
7552
7194
5914
14345
15022
13096
1563
12095
14409
13974
6401
16593
11936
11869
11994
15835
12210
8366
5166
11904
5316
10230
17028
1155
14156
8236
5168
11161
13679
8203
7378
2882
5092
3480
3021
8011
14607
3490
315
7664
7793
10342
5782
13721
3024
14545
13705
7908
4249
12684
6826
6133
8053
17261
16264
12963
4787
2428
6123
6961
11160
8200
9718
17421
3304
12949
8766
9132
248
1342
6072
3657
14134
8522
12212
4580
15304
9277
2202
14482
13447
2905
2201
15361
15456
16976
9931
16421
4643
4044
1318
10954
13240
4718
11771
9820
451
3634
8797
17460
15096
16982
8390
1650
6960
14386
1987
5304
12167
10749
11778
2536
6342
3082
10739
13106
13655
8727
3099
4440
7536
15333
7719
14008
4316
17317
13310
7440
13158
14786
16830
6178
6230
14224
3879
16699
15714
4470
1333
13209
10893
9335
12486
2814
7865
8055
9112
63
9052
16350
15834
4450
14703
6971
841
17442
13428
5226
4843
6792
10511
419
16898
11390
14768
6802
16398
11562
1495
2915
13089
8659
10141
8939
9334
16861
10820
17471
2730
5627
2159
10121
12261
17427
5750
17518
17630
10260
14481
8789
17401
10568
13887
6343
7288
1401
1441
5872
2736
8068
8891
8714
14624
12142
13183
1190
10566
10810
15431
14364
15536
16929
14063
5041
12946
4022
3380
8175
5417
8474
13597
13224
1237
5762
10908
6379
9426
15785
17646
8263
1942
14900
7562
10956
1274
13582
8550
1351
3224
13791
7957
14202
1776
10524
10790
3428
16965
10649
6620
7742
1105
15156
15382
16331
11644
5760
12472
16351
3760
4953
4374
15870
9495
13455
2468
10367
3437
9397
14668
15778
7869
1901
1910
12065
17281
326
12954
14395
7183
7202
4497
8976
13893
6928
15162
9293
16401
4868
5098
12221
12201
7030
13069
12169
2070
17851
707
4607
2741
12998
280
3660
8416
2072
3273
17491
9936
16928
6951
7716
5413
8991
5058
12233
381
6525
1659
6319
4648
15113
1964
13712
11886
11139
4855
12595
6087
12648
5980
16834
447
13953
10767
16141
7528
13670
14400
17288
13904
10557
5764
14444
15506
3047
10028
6456
17092
6637
7829
6016
6109
6248
11026
6127
1887
7933
10695
990
1049
9230
5006
12947
9935
3506
1708
6837
7322
14226
5391
1268
6479
2276
17788
6492
9614
12397
9062
6564
1961
17445
9532
12589
17446
9615
5810
7570
10880
9019
15414
729
2013
13491
7020
11802
2759
8910
1104
1214
4201
16796
13961
11531
15915
6730
6189
1848
11220
9359
6825
2754
3786
10352
2649
16380
2495
16625
14844
17717
2978
8670
6855
2180
9729
15909
4079
8197
7695
232
7341
15430
4935
13481
8764
184
8326
8847
16060
1167
12032
14606
12501
9991
17561
17290
9639
8549
5856
13714
14325
1087
3890
4894
648
53
13415
116
23
11124
5257
13203
14391
7711
3358
2619
11095
15546
13416
17612
17365
15398
2033
12771
4733
2673
14915
10751
314
16042
6460
3035
8107
15862
15092
8810
3097
1035
10503
12442
7751
531
4704
7365
2035
8585
2859
11166
15426
8736
958
3164
3286
205
10311
3260
1451
15450
12902
8794
6418
9774
209
7678
10252
7778
15172
6978
15711
4791
11243
11358
1995
7347
15508
14815
4116
130
6671
5948
17597
7189
1589
11205
7491
1920
17024
10438
13093
11645
5118
3209
12556
10164
6090
4554
15256
2156
2094
11725
11361
15463
14378
3963
4141
5857
17241
6593
13982
4529
9086
9686
9973
15584
8256
70
2314
1573
16436
4124
10032
6014
6419
7617
11168
15675
11588
7233
6731
11840
684
8537
5020
10995
10295
9557
227
12772
14376
1186
15023
11423
8477
6122
4781
3947
14292
16054
1578
17625
3372
5746
11681
724
15686
1493
224
9002
857
14125
6902
16490
8547
9435
2341
9715
11494
10722
2766
14413
10827
337
9552
13068
13050
7317
17018
14773
17592
17593
2053
11530
16812
11582
15716
5198
3009
9141
5666
7467
10578
1569
5663
6933
17340
590
14237
7893
11585
1885
8538
409
10325
5998
11226
14440
2345
1429
1705
15462
1768
11769
2538
12224
10732
9573
14492
17275
11828
5464
14878
16131
7307
4731
11068
11898
17412
3176
8739
14767
12010
9165
9753
7157
9808
15132
16132
842
11195
1968
9356
12491
12800
2452
10431
14227
10736
1585
6116
9840
10549
5765
4072
4228
1071
11249
16906
108
13626
8128
9861
15237
4957
10943
16104
16666
11801
15048
5072
10339
17828
17461
4832
1306
15565
7100
9084
17368
15616
2855
4686
12787
59
9739
11602
2917
7564
4117
5049
4250
4028
453
8905
7015
2841
4309
10169
13831
7799
15032
5484
17707
3875
5817
1721
708
6433
12628
15507
4829
12420
9159
3797
426
12915
13012
3732
3741
8770
14299
12907
16248
5491
15670
4634
6628
2446
327
14751
2928
9443
10706
2306
310
2251
14879
2853
4268
2728
13799
8129
9349
6832
9279
16692
8531
1707
6424
6574
11590
15497
9522
7677
13983
15011
5141
14978
7622
3620
10239
6491
8346
3213
9232
17404
15637
17298
7433
3192
16846
8864
5344
6485
1981
14550
1265
918
11497
2752
5111
11943
16631
10550
14437
10315
16711
3198
11206
235
2991
13517
7964
5719
12887
7392
1411
1463
2509
2750
8066
3838
2183
1622
7435
7476
10196
5409
5081
13806
6081
8589
13877
2961
6941
10724
16505
7509
2742
13029
14974
11524
16253
10854
6280
1141
4073
11811
7776
5833
9336
5214
9246
14851
9209
6621
8257
15121
4612
3346
3387
14153
11005
1949
14450
4087
11998
5067
11342
8984
8636
12945
6690
5486
8568
5278
3315
10129
15246
1440
771
12994
3836
2122
11734
3841
3530
472
14622
1654
17754
13185
10909
17373
138
13375
10787
10797
7458
6354
3698
11366
9467
2461
4727
5187
8900
17562
2071
8274
13334
17132
12434
36
11104
3093
14483
10200
7962
11482
15469
757
8674
2408
5456
4639
9990
2409
1223
16659
13743
768
14105
7774
1042
3279
17020
15012
17145
6542
12084
92
17260
8036
14347
11892
3505
1385
2282
13235
4561
11826
12308
14420
15578
13205
17411
13282
9693
16683
17267
14279
17250
2184
13850
15148
3868
5177
2910
3696
10022
8471
5710
17440
16771
8776
5207
1870
2784
7450
2351
9035
3089
13906
283
2130
3004
14046
4940
3197
11863
7656
1302
6805
13129
17422
9588
12176
16159
10779
11155
16231
10701
14699
8130
16767
12562
12637
11318
17745
8517
17112
9077
9823
2203
8953
15178
14354
3897
2719
3174
9093
4189
3007
2157
4657
6925
5994
10708
10757
3871
9266
15775
6738
7798
9453
8283
6063
13027
10935
16156
1951
14830
3697
7750
3363
3043
8690
5909
14522
16185
1694
2549
9755
13384
5244
17105
13778
3225
10744
8457
4810
17617
3071
4662
4406
13984
521
12050
643
6299
17441
10998
16452
3078
13876
5077
7694
14814
16809
3441
3236
11803
9525
4622
1572
9658
13616
13142
11279
1288
15652
8293
6295
16367
3266
10199
11054
6706
5996
14109
15846
6050
12461
5503
8101
14727
2301
17591
14996
1362
12895
3579
11452
9278
12830
8057
5582
7351
10170
4700
14362
4033
1256
15986
7690
2650
15278
46
7746
17280
3291
15957
10039
10338
15948
11368
5925
7953
3269
10
2420
5544
8815
12736
13761
2394
819
8158
5895
15354
14066
5588
8476
6130
11172
1287
5164
1356
8869
9020
11163
15007
7650
11814
13769
16729
17613
11089
11939
17153
9599
5848
5265
14655
1249
1219
1643
16613
4996
8964
8929
15137
15650
6159
3952
17555
4774
4605
8661
4994
11632
4292
7451
5124
11671
13116
7727
14211
14757
5845
12382
12436
60
17102
9046
736
3447
1628
1250
13837
17067
12718
176
13866
11867
8138
8657
10927
3051
7979
11773
281
10983
15116
1468
12650
12651
16754
14955
16061
9836
6923
17817
3376
266
354
11785
11859
14269
16594
16917
16879
13781
15782
9541
4620
3020
14601
14454
11535
9585
7398
7672
13476
8333
3610
8486
4671
15608
14646
5602
14666
14499
15594
12025
12766
924
12926
9226
2977
2029
3038
7388
9788
17348
5296
3211
6634
8777
14580
6324
13951
6931
10526
9244
15589
7674
2093
7226
15073
16536
17344
14695
7579
8519
6265
2584
11352
9173
12671
790
15611
1741
11356
15857
4563
15865
9523
8414
9388
163
17510
2142
10326
8571
3844
3398
14049
17498
12004
14932
1984
12355
12388
17647
6638
8048
10860
12565
1861
4468
7241
14337
17870
8365
8771
13586
3230
1043
8768
9914
17293
6558
6921
5445
15574
9468
14577
7876
12936
3525
3452
12207
11971
9623
6644
13667
10869
6996
10033
8763
12815
8480
5493
14614
13976
6861
4610
13210
10610
5926
13409
9513
1941
5611
4286
8546
11976
15884
650
1632
4430
13935
5801
7043
4204
12026
14097
9064
14587
10088
7518
9450
5690
11545
14939
12838
6866
7254
16119
8579
9219
13336
10206
17720
16287
12641
7530
10978
14947
3340
14770
6338
12122
1470
9611
12960
14088
7542
5754
14525
16145
4848
14341
423
16084
12773
12557
3837
2427
8877
6585
7314
5084
13317
12970
15165
15796
3867
14651
5255
1815
2466
13658
15614
1797
3011
98
11844
11563
6874
10903
13043
2255
6380
442
11357
11980
8598
11718
1438
15158
8923
12209
6093
11905
14914
471
9719
6247
14627
15990
15706
403
11256
12079
15996
4799
5305
10242
15266
13561
12505
8339
7368
17837
3076
105
13940
3457
10966
7156
264
9474
6668
5650
246
5585
5684
16024
10018
2776
8544
6026
7204
4907
15434
5289
8920
6399
3117
287
16660
11544
1285
2811
7886
647
8032
2819
16336
13833
11794
12605
5470
9090
15088
17856
5656
5103
11169
2405
10513
11436
16803
1523
8873
8663
3816
9502
10548
9946
6983
9431
9265
9155
4888
2052
17576
11668
14102
1538
17844
5430
4199
12840
13604
10586
8167
1543
14036
5905
938
12258
6834
14129
13460
4770
8506
14389
6426
1271
3721
11764
3096
4741
15122
6211
1030
8583
17334
2689
2957
3360
3706
154
3332
11141
17475
5066
10077
7839
7787
11704
16590
11365
4560
17622
5699
6240
14715
4176
2826
9139
3405
4041
10192
1193
7010
8301
6867
7396
10661
3005
11048
1099
17218
7986
12917
3972
15393
13023
13272
6991
1108
17174
1246
5707
3333
14082
13659
17302
9928
3270
17872
1452
634
11416
9198
3853
17054
7821
5375
3608
5032
10078
2267
5361
14340
13689
12735
9953
8282
9425
3433
241
7710
3431
12767
12246
9743
7366
16280
14115
6303
11191
8591
275
3626
8062
4830
3313
6794
6057
4748
6790
1664
2227
16283
28
9166
14837
3105
156
8807
1372
7432
10693
14493
14160
16680
5475
2419
7479
5975
1620
13291
12064
14991
17265
6618
2896
4303
13823
17537
3582
1418
4402
1742
13547
7239
9854
17176
2080
8040
15247
10158
11272
13374
8483
4716
13020
8876
15735
2065
5912
17533
2512
10776
8276
5648
3451
12874
12520
16389
17087
15200
12586
3654
4411
16050
17403
9971
8215
11754
1343
5548
16226
16094
12791
12333
2158
16290
10900
5009
16033
8553
17825
9021
8135
9268
436
8534
3507
3274
9968
17189
1792
7184
13395
6332
8509
6658
7931
13950
4932
1443
7786
12541
3115
3
6183
4194
15824
16998
14497
8856
6550
995
16317
5613
5300
13095
2119
10344
3391
9691
16215
6652
79
9838
456
16381
16039
10556
14434
15891
7899
17620
6032
16004
15344
13639
5053
2661
12498
1262
12758
10043
6279
10770
5936
14246
15659
17032
8718
6017
11507
14318
5069
5525
16635
2993
32
12554
4212
11903
17324
933
10041
6534
1660
11506
17891
11796
15840
5338
17864
2830
14465
9460
1597
11233
8931
11757
701
5450
15318
7345
4094
6238
17172
3295
820
6039
1651
585
4260
9883
12358
15010
2873
2793
7128
126
15468
10847
2206
7840
13193
16862
17751
10807
2229
4115
5284
13201
8297
3042
11351
3498
13732
6729
4153
10002
3500
17227
6096
3187
6609
3587
5194
4354
956
16782
7891
11090
7232
12062
7029
1545
16161
2558
7387
13663
12313
14781
8131
7700
1670
7982
2963
3175
7042
7323
2087
9632
9570
444
6641
16971
8755
238
15171
17829
2143
2959
1577
8691
12868
8746
1079
6772
1476
11311
5158
1259
4854
3566
7681
3759
5626
12955
7804
8884
1671
1502
3539
8677
12922
12096
11878
6220
5446
16894
12675
14309
3419
861
17650
7040
319
4082
2247
1853
14449
15634
12723
5387
3379
13856
1602
4163
15973
8637
10099
14697
5370
6682
15746
3268
12728
1300
2848
4510
1960
12438
4921
1464
17789
6748
1669
17790
1209
12331
10622
14849
12576
8394
13094
14427
14298
1879
9924
16092
4224
11406
5181
3150
17886
10055
2835
8137
3922
8956
6138
9309
17120
1195
8778
6348
682
2780
16958
355
11922
14561
6713
14762
901
5645
11138
1068
10488
8634
11039
1658
11478
5598
8803
16016
13864
8367
4332
11316
15472
1652
13848
15198
12199
208
16855
13767
12484
14399
15593
14920
2011
13662
12133
286
503
16963
17687
5938
11795
12183
4986
3547
9398
9996
14359
4481
9775
1646
12967
3474
679
9580
4097
8452
902
6497
13369
7590
10084
6513
14348
15474
7312
10337
5629
2057
12418
15550
6340
975
11947
9325
14197
14290
1212
3932
5146
17031
10209
14738
6869
481
9332
4289
9400
4793
3140
13963
14007
16769
4345
8001
3876
965
8376
7572
5880
9080
4474
12465
7121
8409
4597
510
12379
13857
6516
16426
3015
4603
12839
6522
3611
14865
7101
12002
4735
16597
3845
7075
16014
1095
524
10765
14004
1970
12255
2943
2749
1676
5328
15987
3776
4956
8673
15175
6624
4367
16633
10483
2232
4974
17830
13078
3603
2898
13737
14954
7133
15117
8774
7790
530
10346
1882
7443
14296
7923
8632
11638
746
12952
2802
12124
9182
16100
14656
4375
2758
16266
11441
11247
9304
17179
14062
12533
4564
14126
6955
13394
8515
17657
14222
8267
7122
10746
9358
256
14192
15069
13701
15150
9164
3921
10040
13776
3840
9604
14130
9161
6013
8090
17181
6728
5101
17381
6810
13748
2746
6681
14903
10281
14862
15525
6607
15451
10340
10303
11547
5822
7127
16701
16430
13376
7242
7192
1598
5743
15816
15736
294
2449
10475
15965
16374
11142
13498
13720
6791
5448
1555
17896
752
3632
10654
15887
14351
16413
12286
14324
8119
17770
3551
9409
6409
3858
12452
13613
6597
4666
4126
7066
9264
6844
463
14365
13479
16082
11227
8458
16745
244
5788
5824
3795
11042
8854
4785
3770
5038
1106
14956
7244
13617
9994
13100
3801
2680
6427
12157
2925
8472
2888
3351
12635
12833
4257
15241
7660
11125
15747
1133
3710
4813
1457
8148
1359
8623
11412
10118
812
5915
3976
6300
3550
6128
13125
12683
9205
3834
14235
7780
7754
6470
12860
4122
13262
7915
7292
15703
12335
4198
9571
2997
6197
1782
1273
10247
15538
14225
13466
6761
16725
12156
14692
9422
8523
14136
17875
11425
12192
13629
8019
2114
8827
13648
12269
1290
3375
9195
10379
4931
4738
14543
11103
15209
3704
4008
6571
1489
16702
75
13000
2788
15436
17809
15820
12347
6365
5485
2256
12676
715
11244
12227
7967
6899
5876
7221
11566
15261
5625
15626
12738
12214
7359
15255
8894
8118
2955
7696
3621
12483
17695
448
17502
6982
9451
11940
14496
12395
13393
6267
15910
17706
5274
4765
5954
9396
7619
1640
4840
12577
17022
12126
3661
8288
568
15627
13685
5063
2476
1631
3803
13885
1322
14710
12809
4779
11000
17466
5017
11999
6107
17433
954
3036
14183
4027
1481
14220
7713
5672
11732
15341
6819
2877
4861
3935
15529
5337
993
10539
10923
7993
3967
15324
13942
14818
9918
49
6158
8307
6553
7115
4020
15413
4054
4266
11065
7606
16741
16882
5892
10013
10871
13606
7428
9367
2625
16733
3030
3389
15313
17571
8353
6714
2856
14005
988
4132
399
4352
2296
9696
12525
15129
11579
11552
6799
13703
8156
2804
5004
11085
12057
13642
8059
8834
13826
6322
15991
4632
5106
12208
6169
6103
5232
17155
9107
7520
4376
8221
10214
13305
588
5042
3334
806
6769
16079
2089
4297
9547
2448
13847
8785
9465
9972
15368
1428
14453
16655
9372
10576
2568
14300
9366
8707
6355
7111
7936
17485
17184
17185
15972
6720
1474
14789
9477
17251
16428
9027
1154
16099
5993
7480
12319
292
4519
17044
1500
8240
3685
11696
11453
10248
1531
9024
15729
13202
16422
2867
16716
17077
17131
14233
758
5671
4944
8205
17603
13400
1820
14905
5837
3297
7223
16473
5427
14181
10357
7620
7717
8088
5276
11973
6335
4074
15466
4053
10595
9178
6370
12499
11897
15484
1057
4264
10131
14408
16514
6830
9944
330
11128
13949
12573
3601
3010
6997
2662
15340
359
12189
17783
4893
12832
5676
8644
947
1560
13745
13554
12550
879
1508
11692
12673
3072
14023
15006
11094
4989
3552
10700
11564
14943
1594
11633
5934
12253
1329
109
702
5117
5763
12114
9778
6126
2875
12423
10643
7679
9559
8352
12107
4869
16773
16055
16083
11646
15248
11209
7234
15031
2350
8430
7761
540
10537
5003
7853
7417
6785
5499
8296
743
2148
12019
11084
2693
2554
441
9706
11937
11661
17670
14384
7505
17578
11395
8887
9494
14799
6507
10981
3768
16704
8439
2008
1505
9683
4419
6302
15085
13824
10067
16204
11101
16717
10116
1472
1499
3819
14174
7950
16808
11699
11697
12957
13140
6184
17481
11540
15128
5447
7158
9687
8700
13653
15855
14473
17724
1327
17801
13820
5658
5396
7210
3406
10291
14363
11834
14590
4397
14010
372
2022
8388
1469
10589
15047
2823
9097
579
730
8853
13321
8529
10756
1132
8014
962
3764
6217
11885
11389
4834
17750
7328
6642
12709
2429
9960
1034
3153
6151
6182
5903
5309
4790
13488
6262
74
9735
14841
193
10632
8335
2980
16817
9772
13242
1803
17686
15579
9554
2871
7558
9583
13083
1436
13439
16404
16910
13169
320
6268
1397
12611
3542
7822
10584
8003
9068
4305
6195
3309
10324
8664
12489
3739
3726
2603
3658
6415
8961
6086
5163
17563
633
6136
11616
7009
10246
13558
3652
3901
16325
16359
9025
1378
14554
15489
5051
9858
8495
8170
3815
2922
16889
9926
7191
2643
4839
14952
9138
10580
16828
2864
3733
1950
11909
17840
6502
3778
5939
6552
12093
7890
3384
11286
15682
16521
14149
16647
654
10187
15620
15582
8357
1112
17297
4949
8858
17070
15803
14456
12111
5549
14277
13470
6334
322
2133
7741
14098
3130
16833
5940
11609
8260
2704
10331
16785
16300
2023
6029
14319
13516
13628
2586
12161
1625
5978
17186
1831
14995
8321
9998
16610
2453
15323
1737
15938
5105
8455
5431
2129
3702
10890
14404
886
1368
2665
6721
5983
13452
16419
613
4872
13487
5458
7588
16057
11797
10279
15025
12864
10297
950
15787
2718
11466
1549
10224
4277
13952
16125
7985
6272
3395
14255
10057
15428
14562
8903
10266
2972
12389
15284
12257
10607
6452
9757
417
8289
3371
7753
5512
10763
8160
8231
1748
11986
17639
13602
7081
3029
7048
11170
16330
13819
6411
7640
15301
10965
13401
12889
11270
17490
3366
5205
14510
13914
1120
11926
13892
12113
17893
3518
484
13147
16433
3695
5308
4359
15184
2935
14678
3631
14377
16090
4159
7550
4496
13113
6977
12051
4626
6687
17575
4515
10004
10988
15534
17351
15937
1357
977
4508
11622
218
12715
11490
15931
13086
11619
17390
12102
16675
5195
2454
10409
13945
10434
10396
397
2146
2684
4270
12478
14743
8461
9737
16810
6510
464
6959
5116
10626
8403
6696
5227
8106
3722
16562
1310
16167
445
2878
13227
14813
4093
4388
1509
9473
1017
5030
17793
3724
1403
17784
17693
683
10857
1078
4524
2773
6041
8966
15880
13105
1690
15170
3235
15979
816
16600
5480
8146
4845
12632
10914
16230
1512
17685
15642
15133
2799
13651
14596
878
11900
12428
13133
747
10208
16012
7045
14332
5144
1315
8079
14242
11302
15882
97
15303
6831
1548
12411
7533
11913
7779
2529
16073
17061
9957
3828
3627
10243
7766
16158
7576
2791
12701
788
15984
5729
6061
15053
6330
6512
4488
1101
1818
11315
14248
10140
6171
3475
14771
15663
14896
9417
2947
13752
9995
13364
15516
12692
17207
11720
4500
3717
5519
3808
8456
17832
39
10760
11345
11737
8087
9645
6878
16337
16291
13204
11304
15924
9869
7871
11470
11067
485
167
15310
10401
890
10398
7844
8437
3670
3574
8694
9171
15618
16542
2702
17081
6674
844
17610
2884
14490
17318
16678
16487
1763
12392
8597
6544
2339
6622
992
10655
1055
13136
16585
185
10010
12548
14422
5399
8183
1704
7456
168
8672
14304
17360
16172
6601
4562
9963
15864
3407
1400
4628
1196
17841
1278
13102
506
14380
17808
2498
13879
17346
9768
2406
7008
2969
8252
12225
15964
17394
3519
5778
1046
783
740
13171
13958
3060
7556
17388
15077
640
6530
9545
13992
11145
3996
13912
4
2585
1238
8685
11007
11591
14648
11472
14065
3233
5696
15078
17263
7827
15655
2874
17316
1348
9199
14732
7826
1033
9415
14725
9458
4192
13740
4637
10306
10499
6341
15191
1423
8784
11866
8977
7661
12052
16455
16221
7492
13174
6448
16571
17342
8866
7080
4803
9851
11182
13702
3931
6746
7632
15554
4451
7050
1874
6187
4593
6469
14326
15112
3119
104
11711
2192
11888
15439
17074
8978
3619
9233
9717
7987
5048
9549
17253
14718
15459
4575
5505
16977
11100
13557
13828
9593
12613
15733
6604
10571
12289
13898
15544
13111
10430
4274
1739
10940
7072
3494
8816
5471
8448
11985
1725
6673
13355
2422
10834
2096
8867
8581
9114
16489
12679
3878
16238
9880
11024
7789
15875
13822
4656
11916
17802
11274
14190
15661
17083
3753
11935
83
4827
17116
7419
2433
8100
3616
10829
1124
9872
13736
15235
16865
12092
4897
15843
13345
14961
11119
5791
12448
3517
9455
4101
7014
1918
3489
16312
11594
4918
13065
1031
14488
10354
16523
12175
10412
17488
10730
13930
3448
13881
4568
11020
11154
6901
14891
17232
2423
7047
16805
16385
13901
2101
7883
16587
5738
3107
3798
3965
714
3272
13454
1568
13567
12566
13048
11012
12761
10244
16620
2523
11957
4035
6175
11355
3754
9275
1835
11081
11989
5653
13768
15691
2500
1551
17271
9015
5322
13490
17402
4971
16003
4220
13252
5539
13424
972
9066
10504
8021
13619
368
200
17716
1615
13014
11201
16867
14236
14165
12298
5538
9115
2769
12110
7747
5019
4866
8192
3643
5297
10500
12098
3091
13605
17619
2952
8020
17156
17013
17859
2386
1665
10100
15416
9291
2291
10469
11841
16096
9939
12843
4312
6309
6646
15566
4435
2375
5353
17644
9463
4876
14910
1773
1550
1162
4071
10699
6926
13972
7379
9579
1637
17467
5562
14353
10999
4551
1066
2220
9434
9222
6677
13372
12831
778
2163
12722
10015
3148
13749
6913
16129
17107
16712
5336
13172
2226
2424
12020
15512
5154
13413
2600
3985
9486
12148
14243
14568
10378
3978
11708
13254
13863
4063
1847
16556
9504
11190
10403
15417
5273
2372
17215
11077
13397
15257
6464
10265
13054
7000
5059
14286
6750
2571
17354
1284
6396
4420
14680
8341
6518
15680
12066
12481
11449
3735
4313
13482
3183
17470
1427
7627
6788
3597
11890
7990
14017
13337
9807
16849
17570
17635
17534
1527
9843
4794
10777
17714
8064
12805
4165
11115
269
6312
12503
6160
3919
16078
4219
1414
4200
3598
14146
6539
7701
14031
12426
2836
7955
13312
14898
12042
15119
3132
5600
4254
15218
12989
5236
570
15808
6535
7442
766
5724
14094
919
6905
4711
7034
4522
12777
13578
3777
11522
11560
1839
15348
6328
13363
5034
4669
15836
13494
5523
1143
16513
14142
14611
12795
13991
6946
14152
4102
10971
12172
698
1711
1319
6895
17254
12748
405
15528
14435
12363
431
11075
9601
16781
5703
17292
12866
9338
17216
14193
4837
2285
9247
14615
11639
13437
14122
11451
14689
3705
12271
13440
5408
17353
7338
7930
7922
6021
2808
14151
2907
7052
7267
6592
9740
6582
11651
11984
6922
16072
8619
5454
15576
1900
8152
1434
14201
10486
2160
16391
12385
15730
9081
2140
15841
7274
9647
2253
12276
7607
5659
6229
295
11952
8173
17134
9326
5745
9913
7724
2996
17673
14705
13122
2444
15270
13816
14343
17559
12861
14274
6
8047
4875
3763
17637
8030
539
850
4357
7974
13560
3684
10030
5401
5027
2417
15232
12412
5832
17303
17513
14514
11186
4802
7335
14747
7470
413
5633
12901
12460
6796
16876
13268
11040
16416
383
9459
9210
11799
6745
5591
16507
6947
4819
16682
13085
17043
15
16323
5941
16383
1778
6804
13278
15602
11852
6710
2942
13062
6579
13387
12430
2
6179
10151
14936
12801
12690
4647
13195
3877
11435
15854
3825
9819
13269
5604
4831
12853
2868
9337
6684
2591
15806
1244
5752
7782
8417
10518
14169
7200
11266
7941
1791
1834
4252
8413
2026
4290
605
9988
3094
16089
5560
1181
13380
12007
533
2569
4347
13815
12309
10496
6489
1872
9505
7926
4466
9905
4184
3106
1783
10161
2127
8034
772
13356
17336
2563
10816
15482
9128
15145
6271
1884
3859
13074
7545
2221
4566
6600
12349
6144
11504
11382
6118
9767
4805
2590
4988
11121
2298
2477
11526
16225
9478
1641
581
12873
10092
10667
822
16823
15226
4001
6078
13341
1298
11509
5363
17268
3756
16519
14338
10478
6290
1967
12574
11326
103
2676
1821
9517
11208
14249
4433
10452
6047
9750
6719
9248
12244
17443
4103
13493
12153
5860
17159
913
13937
10302
9362
11955
15524
15386
2346
8318
5330
5437
81
17729
7337
9634
11824
1098
8925
10193
11038
8621
4085
5037
12806
2552
5545
358
7063
10023
278
910
10229
496
11643
2560
10288
11636
13941
7211
13055
10959
10050
4645
888
1473
13615
9863
3461
165
10436
3630
14346
1837
439
10098
10105
13601
10492
5160
7497
6697
5364
14016
15040
11723
15343
9339
5662
6393
13825
7981
15330
9584
5239
5254
17072
13137
16775
13051
2729
12391
6155
15587
9117
12510
9131
15322
6442
16048
14446
16190
12975
703
13580
4011
3729
9803
5076
2588
13390
1234
12241
16608
12072
9499
4724
9055
6046
807
1370
9169
15908
479
9777
13120
11620
482
7894
10363
15684
3204
5504
12088
10552
12245
16724
4445
11333
5949
5145
16153
7843
17327
10198
13430
1777
13243
13080
5495
15821
13063
16023
2470
5410
2594
11363
9511
1860
13717
711
13275
17343
17438
7538
7624
8207
1956
3678
9065
12278
16400
6059
12708
3265
13182
5428
4979
17157
2974
4416
563
3934
4844
4273
2765
10534
16030
15094
16981
4052
6727
9903
12173
8017
76
12919
3436
1798
11417
10764
1255
152
11171
14018
4335
7811
1862
16878
3912
5310
4283
17846
16644
10993
16580
2209
10883
4158
3656
11981
8599
15793
10228
16376
15898
10493
7638
16362
430
8772
15065
14256
9449
4525
13620
14736
12196
15968
3938
17589
15446
4181
3823
14532
13840
9469
11709
10376
16637
597
10826
9285
8942
3041
7555
11719
1917
13770
6557
1731
16658
13735
13562
3152
10754
10682
14894
3345
1364
14707
13730
4997
7817
13348
16825
10157
5453
11678
1174
15558
12060
5312
15812
7394
15392
16155
1227
14203
10837
15259
8886
15926
6773
6070
11845
6868
6667
17420
13539
1667
5374
16029
8026
8633
15405
7173
12425
9707
9324
13406
16453
8324
10024
5435
10073
7621
863
17493
15147
3365
10948
3092
10916
5339
12909
16111
17378
7568
17516
11006
13765
3280
12796
5511
557
8454
11373
2998
14180
2045
12342
4514
15153
14266
5165
11806
351
2651
10660
7087
14832
7151
10167
15399
663
17641
1421
8826
5204
15167
10053
12539
12615
5674
7698
3945
12950
8078
16822
4080
11367
14316
2312
13903
10285
5917
9830
14555
12755
12818
15955
1757
14866
5985
16449
13228
17128
15745
2857
16628
10707
15381
656
14314
13218
8312
5803
9548
10814
5031
16219
8527
16535
15252
3926
2889
16786
2337
986
5123
2644
9228
3323
14297
2300
6751
4010
5867
3284
11324
10439
16667
16087
16629
9129
9952
11842
4880
5243
14443
13691
16488
4592
3843
6777
1138
12028
2986
1867
15643
13843
16892
15600
1070
3881
4882
15498
3122
14120
14375
3835
2677
8077
1621
11225
12138
946
10455
1063
8500
8311
7757
14011
1083
13755
5777
4649
10093
3549
9095
1477
10238
7634
14760
8294
4350
16604
12477
3942
148
11958
3799
9036
3180
15822
16305
11731
15139
321
15453
14419
16242
2487
3056
4636
5756
846
11219
13290
7595
15901
9214
1460
16194
12903
12790
11519
4039
13795
8600
1893
7236
872
13849
6352
16133
11105
9179
7449
11
9302
16251
10425
2664
12532
10292
11862
4337
14247
12782
7521
8912
13509
8539
17060
17361
13053
6984
1520
15487
407
9655
5463
12369
4895
10006
13449
12074
7732
10453
7630
1603
658
9954
10177
7313
16324
1537
817
594
12583
1369
6821
1488
1355
6237
52
3501
5759
7062
7353
17727
8243
8027
9085
8651
2274
12608
2342
7377
14261
8470
6257
9792
1346
3154
8983
17355
3459
5852
10813
7912
16727
8432
10089
7836
13534
15702
2797
15531
4523
12579
12622
17042
8262
15168
731
5473
11063
1363
17476
11296
2051
12647
14199
7940
5150
90
10481
8888
15427
9656
2132
13707
14111
5367
2019
5874
9287
12905
16948
16328
11080
16365
14687
8116
1980
2627
2543
10185
202
422
9134
8113
12984
14501
10921
9720
16695
3673
2316
8005
9470
10388
2771
4140
7077
13502
12360
3335
11849
4464
10938
13699
9922
5641
2238
13758
6643
10163
242
2472
17486
603
10080
14758
2437
8164
3863
1165
16950
3208
12493
14766
380
6774
348
3839
11056
11877
3731
1886
13724
5250
16342
4321
16375
8386
6705
17034
9481
17367
16936
7512
12591
9136
754
12848
14569
9746
7599
11716
14112
17771
8648
10016
15921
3594
10147
476
4782
1655
6511
12146
4891
10360
3648
1507
14207
425
10112
8217
5070
11338
976
2450
8306
3916
16260
5787
10641
10581
15492
12332
3888
11110
9288
7369
8303
4690
4139
16192
15179
3483
5357
2706
2131
13287
9037
4530
10856
3571
13727
10889
2269
13408
3719
11715
544
16534
8188
4398
5685
7820
4910
6339
7629
15276
5716
17141
11707
8102
16753
12821
10122
11377
8310
7049
8709
7268
15657
14177
125
497
11474
5644
5089
4436
12549
3497
13084
3583
4867
11489
5418
17405
2349
940
17590
16229
15677
17666
1032
12390
8904
12778
2505
2522
13811
4615
14020
16624
12606
7937
10887
14039
12697
15804
10172
2634
16352
3374
6073
54
12213
16783
5350
13135
9815
5253
10188
7636
11179
14361
14842
7384
5434
17689
2478
14735
8927
11242
16972
16987
8608
15081
5199
14043
4511
15068
8370
7039
14035
16288
6101
12170
5652
3435
5888
11116
3285
1774
428
15520
11430
15771
13938
17791
13041
15308
5642
11488
6142
7731
9885
12416
17504
3124
2215
2473
1177
17709
14002
9299
11487
17047
14803
9189
542
225
15429
17738
13869
17109
15423
15975
17396
2396
9986
8795
15445
15994
12659
1448
6808
2927
3521
5258
14117
17515
2653
15919
11212
8705
2481
6937
609
2914
13660
16134
15942
9507
16275
14778
8291
13164
621
15988
8038
15442
17345
3903
13187
16967
2275
7055
16332
9328
16281
14619
2547
16638
983
10891
7446
3296
9377
2812
14538
2565
5167
1807
6865
3744
5091
4263
9261
5636
10604
1751
3988
7022
15229
6284
6693
119
4706
3675
11460
7735
9925
10555
8362
13032
4863
14586
10951
8144
1235
2479
15607
4509
14769
10273
14617
14507
17664
9582
16831
9607
4463
3918
14630
13450
3424
15992
15422
1263
7107
4162
6429
9191
11872
10383
13034
16840
8347
16394
4444
6219
17569
4443
17247
1353
9183
16713
10849
12571
1540
2745
3368
15084
13433
15104
8781
1785
16106
11543
5307
1139
17853
19
5583
4482
7969
13267
7540
3772
9489
4328
5587
7849
1178
4754
10898
7603
8930
16925
10985
3806
13247
11701
16547
1719
4679
318
2657
17565
13330
11477
17362
15967
13412
11617
7635
14584
9834
3864
16122
5715
1609
3450
5836
12013
2249
9773
3292
3221
14913
14438
4977
6025
4460
7096
15437
10656
9856
1188
2398
8683
9283
8468
1305
1501
8499
4134
11415
5677
1808
3361
5865
7887
13134
16494
89
3928
16045
14958
12512
1197
17596
17009
9342
10930
5178
13353
3342
7513
6185
8235
4796
4180
9619
10975
13968
974
8965
672
2151
4239
15912
1535
15649
10918
599
9529
2820
1160
839
616
493
11776
6349
15155
1408
17055
14135
8354
5616
11280
4155
1000
9456
1230
7996
5700
10558
9927
13888
16557
15144
12555
10646
11533
15844
1277
12881
5046
16497
13664
15272
11197
4967
5412
16344
6051
17319
11192
9031
9405
2701
10531
6527
2778
2187
2016
8489
13612
15028
1152
1922
3317
16277
12551
4051
13365
11536
13842
12128
7289
10600
15683
8820
4659
8009
11846
4455
9587
7837
6375
13760
3027
10696
16446
17690
14922
11938
8177
1028
15371
324
11214
15160
12581
5847
10717
12236
10852
11448
8134
11143
847
88
7453
10789
6216
13208
8299
4991
3557
17473
15791
5651
504
8832
16028
1226
16152
10587
6044
11228
14665
4016
5172
17843
8937
4739
13546
10069
14038
14816
15619
12185
774
12774
15784
11159
8595
10980
5821
8485
6503
10420
12109
6285
3188
5664
12149
3325
8825
3849
10731
12751
3139
6824
5033
15874
8072
6308
5714
5723
14030
4746
5769
13681
4361
13591
5555
9804
16798
17248
9679
15317
15501
1394
7866
8960
3341
8889
2006
1037
13998
8662
1029
55
5953
10911
16361
3596
10809
16543
4423
5811
4955
3146
14087
16366
1426
11277
2839
2576
2660
4182
17781
13742
6273
6617
10741
15281
6060
8601
14984
4503
2380
12383
9217
4604
5398
7436
15207
3690
10896
4811
4390
13999
13480
9942
483
13149
1220
14883
11641
14934
1728
1131
11151
11312
416
2173
2598
10612
15861
5303
1519
5735
4410
10766
12972
12638
3134
12485
11686
15407
10433
11098
3074
17544
7802
373
5929
2393
3662
9756
16926
1696
171
16548
8210
10745
7625
12400
2149
15076
6218
4795
660
15945
6531
1644
13993
3231
7355
10932
2284
1412
17850
14432
9102
8584
17842
10680
2792
9992
4812
11741
11378
2439
8431
10804
14027
11167
4936
5237
16736
9371
9187
15660
2761
14138
2295
7825
17364
1836
3440
11207
16743
14368
7120
11914
7984
6004
11625
9651
5385
2359
12160
4758
2200
8665
6176
15296
3017
10624
8481
14489
3568
12846
12011
11721
7064
7253
9799
8449
3640
7888
16555
15596
5311
4233
8258
424
9783
4847
1349
8426
16911
3980
16470
10029
9941
7427
8440
9934
12476
13625
8652
17169
14823
8796
10142
14968
5501
17160
1291
8897
11198
16986
6896
5115
5245
8699
13489
3907
2885
2722
7651
8214
8762
4047
15572
3711
10332
17276
10256
6173
12686
1691
3750
72
8334
16364
13690
13194
13352
8096
7438
16903
9566
553
6475
2237
5736
4618
4835
2614
2389
6817
8682
5813
13232
9560
3388
3895
4409
2091
13649
4000
1979
1350
16499
906
15230
7948
3116
17121
3006
10168
17108
17882
234
8569
7850
9490
2762
11586
13358
15219
9180
14460
3349
9613
17122
6095
6077
5358
6893
1381
9855
1085
5932
2047
2945
14872
449
3617
5514
8730
2032
9896
11946
10020
7178
12568
8647
9765
9701
7116
7229
11471
2280
15557
1712
5971
153
14761
16791
16485
5578
4873
11158
457
9534
10474
9937
9674
10570
5422
9572
12125
17640
16752
909
3792
14693
14000
11317
17800
3485
13311
6882
15560
145
6660
16377
13926
1025
3606
13066
5366
4970
786
11102
7765
9627
16955
2668
2169
8151
7800
1136
4484
4987
13215
2490
718
11642
7060
1674
11384
3220
13131
17798
1091
16790
8631
10838
5230
17046
222
6457
11669
10076
9254
9001
10284
2242
4383
10125
991
3737
14882
14870
6856
14463
2356
1977
12399
16170
11017
4966
14205
9519
6164
12351
9641
7373
16146
7163
937
10635
15038
4217
5040
4311
15458
15083
3050
17468
15363
10863
4322
3687
8280
8420
6244
8848
9564
10241
11964
177
12326
5774
10007
4536
3647
6293
2348
16582
15374
13170
13462
6180
12713
6331
13802
8114
17725
434
2981
9514
13346
1458
4543
16476
12572
10081
16007
5712
10495
4137
3767
5964
898
1163
7298
3951
14591
3109
3022
7074
6956
7032
12753
2236
9004
709
15461
3495
8604
143
8556
299
4513
13896
748
8415
16320
15372
14558
6383
16573
13196
1156
11336
17684
12908
15509
9923
13652
8447
2845
14073
628
17546
10535
15689
13292
8824
13189
2968
17164
8838
13746
6381
16962
80
5035
8391
11670
10565
13338
3769
8874
17094
5871
576
1252
7870
2831
12695
2005
480
2100
17315
8181
7631
2214
11350
5223
10541
10245
8024
14571
11129
7587
14670
12317
5900
237
14484
9793
8577
12856
6958
2492
2020
3909
10124
11860
9439
13909
6578
15646
13469
6845
1503
1883
5234
4527
5096
12365
13564
9763
77
7237
1064
2548
6278
3271
16891
3694
9429
11165
6853
11748
2464
16645
3157
14880
14730
6994
8141
6011
9509
4517
13017
2278
5792
14642
15827
8734
16874
10108
16912
3933
9592
5741
17127
4425
11520
1897
3944
12260
11894
8695
4100
1497
1053
10270
15668
3676
14820
4066
12996
3141
9898
10087
15306
1303
8189
10443
1027
7902
1338
14876
13273
955
9864
12494
8753
4434
1129
3886
3081
535
9791
8624
16261
2646
16142
16551
8943
4651
7880
6196
10928
10152
1966
5359
14777
9311
10681
7918
11210
3873
7976
4556
3316
14533
6836
12797
6632
17760
16189
9516
14950
10126
11394
2117
17878
3491
369
395
13366
6135
16308
9940
7412
14723
10213
15511
10428
5522
4915
8678
10721
5974
5841
13162
10657
5384
7932
1762
4307
10778
10780
7583
2672
14172
9526
6404
12301
10178
2086
17416
13923
14774
8488
2916
16393
5008
3046
6654
7327
15254
15131
9668
2153
13386
12823
1301
9805
13551
16664
5639
7319
13844
7270
14979
1018
16858
2842
8655
14069
14252
1796
13704
13954
6108
10553
13260
14585
12130
5270
9847
5137
15383
8756
14034
6344
2822
1718
11614
11070
129
7686
3207
9784
17865
15473
11364
5502
1855
6924
5552
4710
17188
10336
9902
13514
2821
17881
11631
12742
127
15249
4582
4532
10104
3064
11479
8668
6606
13127
3600
12147
15089
17434
15781
14143
12097
4009
13191
16636
4314
8304
9270
7386
6315
4769
12266
17866
14116
7907
15260
16088
16762
17328
2172
13283
4042
16883
9959
1750
1902
17512
6887
3817
6145
4197
9121
157
16340
5247
17135
10318
7363
10788
13571
1511
10414
8721
8002
15540
8801
1673
5842
7998
13045
6919
14583
16471
9833
13693
16074
14485
11493
5635
14983
10688
3984
4773
12123
5390
8285
3303
16807
8508
626
6038
10489
9444
3252
17245
17129
3276
6255
13541
5632
4712
4801
2418
12927
17782
17
4772
3747
17822
4606
5246
17049
17480
432
2244
10467
4865
17429
10728
14294
632
14494
10031
13550
2713
5968
10389
6246
4169
10361
2073
8723
17682
8979
15543
3850
8879
14809
14293
14518
17089
8401
12312
14935
84
2528
13929
2936
17636
12195
9263
7692
12044
9524
5071
8140
5818
1149
9761
15188
15647
14089
17779
16110
9938
9207
17818
14061
7179
16123
13444
13423
12931
4166
15883
2956
12710
3222
13463
4581
4807
9895
828
6371
10313
5773
15106
9170
5128
12171
10840
12522
17735
6711
3110
14445
7155
2602
4747
517
14057
8143
17447
47
9577
1444
4975
8166
13031
11712
12604
14504
16611
5340
1683
6948
11176
3410
15750
13457
1677
10180
11956
15061
11287
8383
1754
3394
2182
3693
9754
2252
15346
10386
7983
17873
7756
735
13577
1386
7334
11525
10036
1592
9113
15163
10382
2854
16558
14145
17755
9374
5887
4168
15490
16564
7447
16327
5779
16860
14817
10413
7414
6141
15601
2906
15385
8666
5920
387
5441
14268
12037
7646
13091
17244
7460
1899
16272
11812
6067
1779
16674
13996
14592
179
15118
272
10406
11127
3063
1283
8871
12534
5341
10723
12005
874
5382
4906
13166
15214
3987
9748
11276
2185
5055
16640
12022
2637
6536
12378
16431
16943
255
1561
2293
3055
12897
7954
6430
3641
511
4742
10482
2516
5011
796
12240
178
17424
1242
17187
13383
17688
11385
16335
16797
16329
14567
11076
2060
16232
1308
13028
17091
8804
17483
5693
14195
2834
4025
9948
6583
4059
6140
7415
3256
7795
11400
7304
8071
2535
10312
16688
923
13103
4972
333
7246
1606
5513
7001
16755
8126
12980
5531
11216
10621
3120
8713
16021
9448
5478
13176
1314
17014
17573
122
14598
3143
9787
10960
14189
9074
1026
16036
3425
7114
11057
14278
4334
1002
10257
10201
9158
13621
16515
15825
9317
5622
11565
16721
10484
12203
11739
14006
11523
15438
8245
9436
12925
5023
16346
5093
2902
4945
12973
3861
3023
14921
16482
1297
17139
9980
14310
11004
12408
1740
6762
7095
11918
6235
7966
3625
16097
4958
15802
601
9947
0
3481
3037
17861
12995
13288
16116
3898
4462
5210
7094
1294
9590
4382
2695
10950
8029
16677
8122
3680
13198
13259
3994
8
10082
12035
6828
196
13299
1151
15612
17209
15351
10322
3465
3300
8748
2908
12535
308
12162
137
7348
50
12836
14926
15556
11465
5566
10562
4002
13559
16307
7819
8232
1878
8614
2178
14793
1686
8372
16207
6080
8487
9008
1812
5148
5683
17743
9536
10759
10611
6210
293
2199
6885
4238
1347
6884
5951
5923
15082
13075
6548
8548
13329
5944
15514
5997
14517
5919
4477
5184
11189
16127
4056
8806
6064
9550
11264
15858
1054
9666
16693
9238
2920
4183
11587
9071
15960
7199
17855
8402
10107
10687
12646
9089
2517
16918
11640
11747
5718
10333
9728
3000
17477
12414
7589
14025
2379
15839
14441
7503
11817
14070
11736
16420
8530
17655
16279
7300
6685
12177
5955
15800
5870
17079
15788
3352
6346
4235
7658
14708
1176
10047
17785
13763
11855
3615
9688
13391
6320
12068
10758
16575
13039
12354
17588
9211
4752
15298
6639
14209
9892
8957
2012
10197
16444
1007
4092
11223
1281
12480
3430
870
9493
8868
11608
6952
5720
4677
15297
12272
11008
2383
16355
11810
6149
6098
8092
12504
12519
2467
13519
7652
17721
5844
3144
1827
13471
16766
16107
5402
11483
14228
16382
1611
11962
6725
11308
9878
9563
10572
15342
2333
11347
8433
3889
11331
13008
12517
4007
13614
1445
14163
12788
12569
16498
794
6833
10747
15388
11541
1846
17436
2044
1270
16245
10939
11043
5561
14933
2965
17291
6669
14782
7721
15024
13611
12948
1717
6849
6111
13729
6781
2659
4937
210
1036
10045
15503
6483
8229
16528
16777
1442
8593
5047
15693
8926
4806
6480
14853
11433
704
8475
15842
12280
9437
9961
17231
5426
6351
8224
42
785
5062
14997
4913
5074
997
16168
15780
9608
17454
10046
11251
15852
11576
14574
5612
13609
8309
12585
13019
8603
12421
6990
5747
3137
14462
1498
2515
4640
6972
3061
6988
10509
8041
8419
8342
5687
12741
16445
10369
15977
8715
15685
9221
4381
15269
8056
7539
7516
13233
10895
10373
7216
14306
2508
12717
10115
13598
5362
394
11025
325
14877
440
11239
14093
16247
5433
11710
7708
11604
15225
14058
13581
66
4089
6567
12285
5838
14957
10902
7729
6251
7759
2642
5806
7691
16510
11428
2155
7143
14941
8952
7167
4734
11997
6031
14059
2315
2462
942
16606
7168
6186
17567
2241
13168
8563
6428
8921
13698
9958
5789
16478
5143
860
14869
1272
5977
11178
1293
11759
9879
14551
11263
14110
13160
6358
1076
1201
9389
9237
16623
4447
17082
13854
10175
8259
14886
3025
17076
3227
14985
7299
14881
10356
13640
2527
2222
13157
14083
13219
6076
15694
11087
4849
13443
1771
8268
8680
4750
3415
12441
11492
13638
7193
9109
9888
720
7868
840
2537
16632
14512
11977
1040
9713
15777
11781
12724
10502
11730
2865
14055
1267
5965
2555
15090
2605
10806
1678
17550
11369
9357
15211
8246
16112
5179
3228
11825
1093
11078
7560
4797
9809
9391
10459
12454
2196
2317
7448
11612
5607
16940
3275
2724
10957
4231
3941
10684
12932
651
2636
14600
13773
11269
4195
2416
8225
17300
17339
14321
5521
1173
7306
12689
4594
16373
10673
459
1684
4685
11889
16905
13988
2593
11030
12223
14938
261
8375
900
14401
15679
12912
1376
3966
26
2976
2921
6827
13867
14250
9643
17669
4341
922
2847
16199
6698
10250
5459
16080
2937
13220
13057
2377
575
10713
10056
3306
6675
5885
15726
8829
4489
5790
12302
6602
5918
9673
17376
15367
14937
4353
6742
17681
16868
5739
5532
15352
11871
2623
2815
6316
15925
12643
15851
2924
9704
2534
16263
6966
2074
8878
7024
611
11537
6494
6540
7272
3019
257
16832
3356
10841
15135
15292
16354
11858
1623
14280
9438
12798
1810
492
5992
14107
3954
206
17003
12401
7490
10791
13143
11629
8327
3570
16077
16999
9732
13654
13238
7190
13217
2751
6889
9650
291
2630
2076
12071
1309
7823
1830
8907
5085
2235
13920
11930
7927
727
14451
13706
6132
6250
17552
2556
1419
4174
10264
2105
2234
5906
4984
6614
16459
9900
2003
5492
12725
14790
16181
16532
4766
2763
15902
9289
12923
3846
7514
10784
17708
17282
17679
11204
16896
10314
12663
8045
851
12249
3409
4161
15962
10458
12450
5637
3421
7917
3177
3637
1567
17867
5416
8605
12711
3546
10884
10743
17278
5728
1989
3217
4112
5675
4826
522
18
2223
2849
10798
12165
13922
15283
3831
15717
10659
13980
11529
10533
6232
15217
16423
16681
14908
14969
16262
2128
7748
17078
12721
1332
8692
1764
13668
4325
3983
499
9751
7400
7715
11856
6770
9521
8467
14317
2990
15758
14827
9661
9376
16040
4753
8814
4976
826
4422
17580
4838
2518
8292
3462
4768
12008
1769
11106
8870
8206
1755
12009
2824
9381
13711
15223
6288
5620
15123
16685
12115
7021
1522
13643
8596
10703
5863
8046
12804
15418
17051
2335
7961
10300
12859
604
5775
3745
2320
10630
16529
3512
6306
2126
12814
653
8958
17236
2783
6253
15332
8681
507
3649
6968
3347
11164
827
15204
16909
5018
5295
4083
4372
2459
2521
7346
17799
12966
13044
5556
14367
4487
5082
392
1299
12403
8626
11554
17415
4281
15295
10079
16157
4922
706
4024
15549
7397
567
4821
4326
5543
16322
16224
17621
4218
6104
4549
16052
11257
17035
17607
15974
13211
13073
17676
14311
16356
12439
8735
1943
87
17464
3184
7705
495
6305
10174
5383
8298
10944
10675
3018
6623
7591
7186
1218
16924
5005
13431
13033
11917
2953
1566
4959
1805
16292
12294
1130
15687
883
10364
14531
7913
762
9758
3237
8620
17010
6241
3348
11821
7316
2485
16799
8575
5961
16411
967
11146
16984
12971
664
4389
16345
7279
2340
15309
1213
17166
15941
9154
9005
9320
2901
13505
10522
678
4934
1574
4088
5498
1733
7905
9919
10231
8808
16006
8512
12575
13324
1521
4062
9250
14542
10560
11899
6645
4469
16273
9149
13764
7582
10605
11396
2869
15376
15210
3580
865
4196
9259
13636
4709
6304
16937
8558
13622
6993
2578
7434
4441
6724
8061
10068
5669
13331
7325
11611
12558
8629
2212
11055
814
2018
2245
10709
10061
751
10120
5176
10800
16742
13323
15072
15922
11200
9013
13425
14411
3762
7642
16443
124
6453
13634
14628
9056
7102
15467
15016
1976
9798
4060
16978
17739
3402
14520
4478
5231
8638
8154
16299
7977
6818
7885
10527
10934
12373
8270
12616
10132
17068
5982
8725
4438
882
2193
6277
3392
10308
15742
8080
4133
12469
9042
2807
3740
17890
4453
8914
17632
16993
1720
3383
16793
17658
4173
9875
1993
15748
12928
1843
9581
3537
2303
10293
6408
11919
12756
2299
6914
9866
6298
8592
11595
1153
8830
7803
16565
6862
8733
13186
9399
1506
4036
1051
1080
10237
1275
1248
16576
9485
13114
5551
13524
4625
4021
11961
11153
4824
6689
16166
8511
15476
4828
11136
5285
3070
13361
1593
7172
2545
3874
4547
11329
11224
12642
6055
12899
17542
10818
420
8444
7354
7275
1336
16739
6466
1541
9842
566
2597
5259
5420
8157
17205
2514
254
2900
8358
12039
5732
17814
5100
10150
15141
16731
2611
1168
3516
3210
14406
17602
1169
12610
836
5826
11510
14128
8018
17114
1558
9083
15152
13772
11456
3782
350
6793
11690
16183
12871
12621
13192
2329
340
3842
16076
16154
7534
5783
546
9496
15849
13739
7225
120
15641
7264
11313
7090
7070
8944
550
194
1608
8271
14162
7309
14981
5768
15240
13917
12106
16429
1380
5670
5368
1761
15568
14410
646
14396
1556
3588
3581
8031
133
15728
10686
15946
14423
17223
7198
12587
12427
1194
7068
6231
5238
9933
2733
11924
4501
7321
15415
6864
5654
335
6739
2895
3362
12942
21
6944
7483
9262
1224
13485
13985
4210
4941
6813
9482
6879
6082
9127
16135
6666
13716
13188
16114
16651
16249
14925
14527
3173
16093
5999
4351
2633
17017
15504
7464
1793
13590
8343
14028
9618
9282
17387
17183
16941
13146
1891
7152
9111
5326
13796
8732
17811
8436
6949
16540
2621
10316
11086
7149
692
8199
17314
6421
8741
17713
13756
6795
7016
10718
7847
2599
7758
6374
4207
6359
15950
14676
3331
15628
4923
259
17526
1613
667
3191
9124
821
14265
13253
15877
16214
16075
14712
12516
10162
10517
11258
16085
7577
8423
10672
8065
13295
11767
6598
13429
1140
14530
7425
8201
572
17734
15410
17332
11181
7541
849
17146
8525
4786
6364
10648
16703
12046
5217
3212
4493
9319
6188
13594
10144
4385
450
14536
10424
7574
9145
7374
13418
11740
4842
10705
3752
8379
5862
11032
7271
7106
1912
9886
11409
14610
6767
13718
11288
13438
733
864
10623
14131
8615
1743
5709
855
4413
10748
14186
17148
4584
921
1180
17262
2343
12016
16210
4336
16579
8241
7182
9441
6455
341
14702
6382
15995
12031
3111
15062
12872
4908
14119
4841
1753
1366
1482
1710
2121
4820
6113
4624
8094
17807
3254
6635
4505
11486
4301
4284
1198
11140
11049
17543
8242
11673
14613
13478
7214
9969
6554
9476
5
9185
7336
6749
14940
5815
7557
16425
16706
9985
674
7362
14807
6741
6501
15003
7523
8578
2290
14056
13367
8594
12731
15057
13907
9640
16751
11679
8325
13713
12288
1069
5516
4121
2735
884
9298
3885
17627
4696
7308
17797
6700
11934
13126
9828
1264
10964
1232
7037
3032
14188
7965
15666
12513
5393
8702
17307
10991
8142
4545
3193
1534
12158
6498
3667
14331
4394
15380
3749
13700
635
10321
7559
17463
17694
15819
13665
17337
7248
3058
8340
374
15440
11036
5395
363
8783
11278
10801
11122
1395
17279
6361
5868
3467
8410
14847
2366
3905
586
10772
17810
14931
1116
15610
4498
13583
9273
11393
12623
3487
7058
7
8724
16187
1909
10277
13570
16652
12964
4241
11289
10179
17103
15799
3787
15377
11532
11511
13458
15485
8859
14270
5702
6989
16934
1553
11480
11310
7611
7343
16020
14589
9245
5122
9130
16899
10740
11724
7249
15814
5798
6040
4205
4431
7026
16409
6201
5094
2395
3083
6920
5819
14852
8799
6053
3964
6228
13794
2325
15817
1012
10508
15654
9894
8828
14951
17119
4075
3920
33
11571
17059
14219
9492
1528
11514
13861
10625
11252
833
7088
13989
9955
7935
7073
8287
5360
3822
7130
14358
617
14442
9649
9047
12530
2364
7153
16502
8198
17448
17459
17357
10044
11217
8006
2040
10271
14164
17430
10593
13298
11983
3299
3794
15866
11968
12669
13047
10096
8846
9067
6333
6616
14930
3993
4399
8852
12341
12217
15421
1927
12090
12607
2513
11949
12639
16066
2225
17370
2503
6521
2015
14074
7413
15020
15307
13548
4650
13077
12415
1060
5665
5797
2311
17692
11650
17763
6547
1450
7537
2254
378
16175
12769
15664
5962
8482
9698
960
10520
15215
6662
16933
17806
1833
6504
8290
7975
16412
258
13775
3544
377
14798
7805
13537
15279
1352
16821
4490
2374
3869
8528
1983
14677
16829
15039
2326
12034
4917
10825
8837
11045
3087
16872
11654
5995
8857
7703
1433
12296
7956
4461
323
7728
2465
10070
8218
13785
1279
15335
14572
12959
9363
9964
14072
15339
3591
14980
8404
9446
16954
1814
9106
16399
11126
5726
8635
15364
14405
15424
15197
6243
11501
2286
5317
14213
7019
1225
4743
10221
917
346
13263
2078
11635
5025
14812
9343
16577
8255
11058
612
1082
2612
7344
8951
16193
916
6935
9975
2829
17495
5515
10058
14675
14700
5186
15892
14949
541
1940
4315
10719
6575
17331
13200
13104
1455
7132
7997
17583
2992
15045
14982
2197
7356
15665
12443
16370
4623
11439
5442
9976
14509
4251
1903
8516
14626
744
4096
1081
1492
16318
4721
8787
13977
17496
13151
1208
696
12999
4327
15495
7720
10671
10702
11131
2034
13226
13492
9575
4070
5342
1045
11966
14303
17594
13596
3646
16244
12036
17680
15019
5376
13603
10912
3513
8610
1261
17041
2675
2708
4424
12462
9796
14178
9078
17050
13715
7944
14808
140
9530
1635
10879
16545
9561
17730
10714
3974
5967
3181
11605
9118
10606
15695
93
1857
12662
268
16648
3062
12104
8330
7959
10263
7565
2363
4331
5655
4595
17242
12910
3872
8981
16000
44
10305
6369
10867
1947
14288
545
949
251
1117
5869
8159
12422
12764
8491
13119
6088
6252
14480
8987
226
15798
16177
15795
5068
389
7592
10679
9662
2323
446
7510
13092
8133
1703
8316
2404
9258
4980
5127
12259
7623
15005
6412
17352
9515
20
9419
7243
9832
3665
16246
615
2567
9000
17295
3102
15755
16942
65
16661
9150
14846
271
929
9539
1904
2647
13841
17400
9125
7889
5282
4985
16530
3533
5192
1744
8805
7012
16944
6443
12186
5930
14927
9135
5540
10969
12862
4029
12049
10761
3605
15067
5262
13222
17409
10876
12067
3496
3330
12803
16643
4978
8609
2581
12038
8222
16509
15545
770
10183
12099
5397
10471
2344
8916
13090
4939
10097
1407
8602
9844
4296
2287
13641
16863
2162
17478
9865
4090
17399
117
5661
1564
4355
14054
7772
6910
10931
13744
16339
17386
7109
1313
5795
5593
7112
2043
17472
5713
3650
14281
16462
6854
17338
11970
462
16417
12997
8463
15541
10051
15008
10251
6871
11948
1714
5280
12934
14519
2737
6752
13759
16059
17699
10819
1766
13025
15013
4480
9410
690
8261
12624
3645
8863
9860
1340
3283
15959
11123
6435
7958
11174
3664
16820
5850
17375
10785
1404
7420
15480
10066
9984
14625
15505
3558
5987
9193
6581
13813
12374
11232
17868
2207
2881
10133
10771
4259
6733
15408
11684
9839
13335
10091
14068
11454
7897
607
7952
15138
4546
5509
1435
16732
3427
14924
4015
3743
16357
15893
6801
16223
13532
13947
5957
7963
9216
8320
7898
6125
11027
15189
6458
11029
8337
17845
12850
7496
16770
968
12041
1863
6764
15940
2411
2816
10919
6005
15111
9029
5740
5883
11011
1716
7445
12855
2435
6561
5855
6137
10542
13932
7150
15999
17229
7892
6337
10101
17812
6146
8180
6912
5825
1701
10011
3223
16615
3412
5079
13236
4452
7089
8281
11314
7614
7519
14012
3758
4788
1957
15754
2912
8639
12270
3622
12054
16058
9846
15949
7506
15738
9974
11742
6907
4763
9196
6586
11284
13474
16581
233
11793
16738
13159
4887
16163
3681
17064
16278
17624
3172
15559
5744
2319
3149
1062
2709
1698
3851
9096
514
3138
16518
10278
17170
11464
11455
5151
14959
881
3179
13271
14962
16723
16656
1648
2770
14895
3080
6281
4885
17190
2014
1086
12268
16126
8962
12166
5660
11774
5721
12552
11245
16839
9609
16893
11893
10793
8823
16216
1317
1233
8767
12003
13499
15227
13846
14704
5753
7487
13435
2177
6726
8348
16015
15761
5388
12273
12136
2103
4600
7659
2055
7471
15625
3915
4792
17648
4167
15533
3053
303
2413
7598
892
5248
5834
260
7901
7444
15491
12900
16869
9163
17285
13835
6880
12603
10877
9092
12696
14946
14752
13009
11666
4437
9350
11091
1016
17522
8000
1892
16120
1911
12116
11261
4548
12631
11222
17363
16203
10830
2064
1144
10240
2995
5057
16895
16209
3532
22
2954
12837
11328
11870
7581
6873
11788
8570
15859
3318
5108
12061
15913
2738
15033
16749
17634
2264
15206
16764
11462
3218
8265
14890
16957
832
10512
14810
17826
5686
12229
10217
3386
12305
6377
7535
6416
2886
1823
6030
142
6294
6292
2098
2989
2575
12827
13124
14155
4591
12876
10683
16913
10794
610
16
14811
4946
4043
7633
726
7007
4611
13011
15622
13154
15811
6573
3312
15029
11221
12468
6798
7188
14986
3826
6083
10842
15044
4483
5569
6441
6744
5345
15287
10468
10184
666
2438
8136
12760
16997
8211
675
13339
15321
9625
1649
12267
6012
4114
4333
4145
13666
5180
7005
10644
11381
5970
15648
6269
10858
9393
7733
15564
5083
11092
1415
2964
12380
10942
2277
7406
197
6392
221
7371
831
13495
12511
12058
8941
4691
11698
13719
4608
14439
3484
8110
16698
11052
5533
4596
6886
12368
5438
14429
5333
17587
11137
15300
11655
7643
15174
5851
17701
344
13870
13851
12645
6763
4808
7285
2872
1817
14698
12789
13910
10664
7212
574
4458
12542
2939
13177
17642
6417
9811
14258
11751
6410
12661
12290
15847
5403
5080
984
188
7687
8646
14765
10768
7092
15624
338
3160
4507
15797
17308
4646
5802
2230
10984
10001
8193
15699
14132
7916
15762
15526
13141
4308
11044
7499
10929
15906
1145
8642
10286
13109
12775
336
2261
14564
16904
1991
10343
11184
11743
15783
5065
8532
6407
1999
9810
7626
7142
8536
17821
5621
15319
14595
12163
16464
11534
1229
191
16035
4439
596
3048
9300
6215
627
8643
17819
9786
2975
15580
6495
14565
8503
9569
2030
8729
1693
7943
980
1207
262
240
7838
5945
13990
3848
7297
12700
17023
4903
12440
4064
1406
216
1127
8300
1832
195
3755
13398
1975
15124
17741
6075
895
6992
8025
8993
9745
13181
6934
9605
7263
16239
15355
16311
2940
4862
7474
14230
9681
13316
9602
15345
16140
10387
3810
12180
4417
13507
6797
2526
5209
8980
17469
2382
4448
13528
12329
15651
5386
5873
6537
11194
8209
3336
12376
4099
7170
3902
223
12783
2211
6147
10544
16046
10283
3730
11675
16591
16794
4136
6659
2971
13959
6482
1586
781
2744
4879
4681
6576
12254
5605
13955
16552
8752
2697
12027
7832
3961
4363
8251
10591
14917
4048
10268
12282
565
3460
8526
301
6402
1005
12528
973
4384
2666
2179
17712
7554
2504
17090
1935
14825
5120
2288
17667
13540
17045
9527
3458
4467
3511
10704
7303
17831
7628
13472
17787
8811
10212
5858
969
1097
7463
8117
11339
17417
10726
7762
15905
14673
16953
15291
17678
8704
16118
3385
2069
13265
3957
2441
14045
7054
11987
5114
17874
12677
1969
10653
1
4672
3773
2798
4684
8722
17277
15043
112
8933
3031
15794
3243
4630
15366
14402
8959
13967
13426
5808
1204
10955
927
17501
8400
10583
689
2144
1328
11963
3445
16873
11572
13101
9014
12502
8446
7099
13368
14040
2385
1668
5090
6221
15927
11637
14714
7459
4760
11156
11902
13286
15769
3302
5301
2397
9533
15233
10461
215
5010
9981
8872
10225
16902
13132
11990
8313
15267
15384
5130
13059
7792
2322
7830
4109
8851
17759
6367
11469
10042
1516
17462
17101
5043
3563
8484
10233
7755
5989
8359
6747
17171
4269
11628
1709
7044
17151
7863
13821
12693
9978
3327
17747
3288
677
16009
10904
16481
56
15765
14547
11850
15598
2970
4619
9466
16935
14315
4128
9059
9355
6917
7806
14639
8319
15774
7423
151
15370
13049
5024
16220
13420
638
681
15460
9800
3999
15790
3469
5730
329
14713
1134
10501
8412
14498
10773
2870
13175
17237
11598
2061
10025
4673
5052
2068
12817
16098
1965
17506
10529
2484
14369
12112
17649
12239
7680
15312
17224
14515
13553
1203
5334
12619
411
16750
16011
8788
11808
6965
41
1316
13618
16747
212
10725
2615
649
10769
4533
16679
2063
3827
1110
3085
15592
13650
458
12933
4755
3261
15411
15387
1126
17609
17638
8686
2297
16553
4745
16968
14796
9204
12055
5576
760
5104
12983
17137
11240
1161
11461
276
8524
7488
10585
6816
2141
17847
15829
6520
1324
6258
12300
12940
17243
16850
554
17389
10540
9797
8438
12407
11581
742
811
16386
987
1859
2370
16599
15613
4291
1838
2794
8249
577
3716
8576
7842
17093
11735
809
11659
14597
2635
12614
8043
14264
15953
1205
113
16524
4864
9966
10967
4950
2930
2090
15091
10166
12198
10189
4338
8994
8679
16162
17349
15265
8044
4633
15362
5529
15993
12523
4577
9776
6373
7928
8913
3604
6519
4244
3255
17038
9296
10823
14544
5162
5206
3870
6611
14669
5526
4942
1122
13762
9070
10892
13797
16654
14159
10309
11843
11059
8751
2031
10845
11447
12237
2779
8562
6625
16885
6509
2369
17235
12387
15779
11046
16765
3892
3262
13144
14103
11528
12119
9628
1724
10547
12178
10135
17341
777
1339
4784
5861
527
11907
16719
1128
15499
12564
5866
8093
5520
7217
10628
8469
12768
14436
6562
15097
6631
12191
3703
1179
11149
6350
2629
3751
15041
9457
16306
2165
5568
10691
15850
11965
13117
723
2302
8675
9063
12247
3205
3127
6037
12445
14231
1320
9598
5761
4157
1590
3713
12974
17270
9503
4454
3277
13646
13579
2308
16844
6423
7084
8184
6049
4418
16851
16195
13464
10075
6488
1616
12080
3904
4492
5256
15290
4800
13422
13556
17614
5510
17736
17117
3057
3526
14100
4983
192
4344
15183
14327
10454
9099
13522
619
15588
14721
7764
8865
13883
13925
150
10440
1228
15448
7409
10220
4613
9868
6376
4186
971
15904
469
16690
8840
16503
15251
17863
12770
15629
11954
637
14137
14604
5960
710
15063
7166
7895
16124
1898
8067
10870
9911
15359
15099
7023
4714
12475
4031
4135
9700
14906
1756
13377
11173
15391
8899
9360
9555
27
16174
7873
4369
1183
1925
8542
4892
3098
14104
14412
1518
3121
15143
5439
10391
16813
16495
5943
3253
5630
3971
14977
7135
15294
6605
15615
16441
11548
11330
14848
8606
12820
2399
10181
7531
13056
5580
11323
1396
13486
1417
3599
16302
13303
1182
7580
11380
13644
6036
2414
871
14381
5536
8473
9736
14099
14819
11397
5972
7645
9543
3378
16109
6378
298
5056
13728
12168
11418
6394
14301
6779
7036
12410
8125
7302
3556
6883
1656
7904
12781
6812
10563
8812
4427
4227
16848
11791
13508
3725
4391
12328
7815
8780
3125
3194
4729
10925
12667
6143
9578
14643
17256
7159
11392
31
4045
12743
2190
4362
4187
1687
14291
14742
11813
11018
11827
17085
9779
1662
7596
16493
2587
10253
15193
10017
1758
12916
9945
9709
5781
14468
9826
11285
2717
14415
14334
6532
9882
4267
82
1729
13817
16034
6900
9576
1009
5061
1789
12729
1997
12310
10617
17628
9699
17383
12500
8344
11443
3267
7945
13005
1627
2482
15464
15234
7402
17683
16622
16091
10658
7294
16149
7903
15401
6939
5638
5324
789
415
9537
5482
8843
14003
12674
1600
11876
2455
10561
12103
3159
9508
3973
12145
761
12740
11906
7675
16008
5479
14079
12304
9962
5028
7495
2041
7154
12807
8219
13382
5891
16296
5535
12993
6200
11290
589
9812
3540
11896
11405
8492
10445
13890
6403
5594
2387
3466
6840
9051
9606
1424
9433
2407
6999
4925
4599
9965
13536
11521
2313
8248
7578
7401
6120
17320
17439
15831
13933
1679
6528
1260
9030
5490
5288
16460
14867
5749
9484
371
9280
14428
4209
7290
11932
941
2176
12463
17350
7722
6208
5379
30
6007
16113
7707
14379
16501
6962
12852
14323
14618
5029
3455
16994
11424
1321
250
2480
15895
3624
7601
618
14728
11299
8740
4751
4061
385
765
3293
3203
477
100
5347
3429
15238
14737
7260
9617
4506
7791
4225
15734
867
17444
515
12799
15674
9327
17677
10868
587
7352
16609
12129
4098
16184
13404
7295
13370
95
8392
17296
16439
15009
11391
9891
8567
15378
3502
1006
201
4069
1633
10207
14474
16121
13099
15201
3593
10275
573
6903
5563
8552
11282
16301
14385
15166
12509
9432
17284
1973
14805
370
14029
3478
10802
3674
9286
13477
12047
16870
14892
10881
4034
5343
15530
16772
10678
14524
9932
2756
6732
6314
1916
17633
9251
6876
15678
3997
9692
1067
6570
15868
2531
8758
8883
429
9054
538
6692
8949
2138
1802
2167
8612
2402
10615
9690
8012
8075
5624
7655
3663
12763
3655
10878
15452
6157
4833
4969
3708
13934
9678
17106
14726
5599
7250
1571
211
4916
16198
11033
8541
3135
4541
9890
17737
6723
6307
7768
11883
9982
17773
8139
13710
2106
1881
11437
12988
5365
17572
4084
7501
14645
11627
2551
7569
17767
11112
11259
13635
7845
11498
9612
5224
11837
13500
5477
3104
17700
15918
10259
13436
15239
14042
5219
10491
14285
16663
12540
3586
10487
7076
7011
6938
7140
4130
9899
16387
14084
10071
1475
11705
13818
13895
3178
4877
14095
9475
12396
12664
14013
1786
16447
10817
11403
4663
769
8660
14383
14502
13016
16871
4550
4992
1524
7257
15609
11064
9239
16826
14244
10155
14764
15299
9657
680
13687
15126
3128
14014
3590
9950
15365
16037
12150
7551
8186
2654
13858
17769
953
8453
1377
14491
11927
15400
16310
12544
164
6648
14184
10319
12311
12543
8800
7104
10569
14176
3943
17006
1875
17824
15390
7600
2147
873
14344
14775
2400
13766
7078
6954
10677
2926
6568
3247
4323
9909
11738
685
16726
15326
10330
13880
14523
4050
2570
12985
8918
6446
5452
7408
486
6486
12536
1121
7067
3669
13234
17011
1050
7219
12920
837
15268
4086
17239
16634
13249
13899
17019
3900
9586
17792
9544
16722
14776
7399
11597
15002
9267
12470
3470
14640
8349
13527
12734
6653
9353
7767
16101
887
5859
9144
12492
6263
7773
11568
14667
3373
3761
8955
2079
5133
2951
11992
15900
5893
5617
6477
8369
5314
665
4698
1459
14909
7612
4762
9603
13946
14021
2150
5191
9538
4567
14829
8120
7403
10249
9123
10380
4471
11241
978
1639
8460
15331
6734
15420
1175
10614
4005
16616
16583
16295
1801
3638
4699
2111
2690
3307
9977
16067
2204
9034
8765
14928
10506
936
5102
11653
15328
8658
11634
9044
2266
9684
10982
7796
2934
5601
5772
6715
8042
7361
12287
15231
6181
2903
5271
7482
6202
2544
14356
3088
5733
13378
9385
5640
360
13427
4990
4573
1856
15102
5691
5809
11445
8533
5457
11061
382
12627
3659
5466
4131
62
4687
2125
17392
5628
2852
2609
11782
636
16920
11113
2272
9483
4006
5827
1587
15470
13860
263
9203
11746
11516
4526
15567
15071
12235
15599
11960
1775
3958
10417
17839
16237
4664
14552
7376
5414
6391
13529
17656
16378
10873
5327
8399
345
795
14653
16927
8995
7524
13592
11558
15826
17532
17225
2739
6800
12334
13510
11298
13957
15315
4911
3488
6112
10795
6533
14623
17299
16137
1295
6927
15555
13138
5292
14124
9790
2046
14273
15055
14260
7124
4329
8924
9220
3170
9361
14992
7616
11459
1575
7301
16206
4693
2789
1840
3438
9912
11402
10812
9595
7247
2164
5220
8084
5423
8786
15164
4822
17629
4737
8494
12594
8441
11982
12668
16053
2691
8396
1123
1375
12367
11341
14797
5481
4396
1391
4884
13523
16139
2607
17662
2412
1221
12371
12211
1114
14466
12386
7852
158
10384
4282
2810
4138
13936
1601
9852
6590
6736
2309
15667
15035
10298
7426
10347
12346
12458
13280
6967
5196
1992
17306
11177
858
3399
9822
5044
14975
2613
14557
1280
11114
8050
17600
15360
4366
16434
15832
9157
1938
6413
8187
4237
1467
6472
6560
14875
3453
8191
8035
12891
8622
6325
2367
7004
11693
16653
3824
5946
10114
15713
12538
14001
13865
2260
5208
4076
5261
4486
3635
9442
17764
6649
10485
14843
1008
4776
13285
1056
1688
15369
11476
14647
17854
11060
15486
9845
11569
14302
12381
7205
305
13110
8443
3602
14418
12644
16601
1824
10143
11717
5804
16567
1358
808
8588
11978
560
13002
15586
16414
7942
4629
11758
4046
15583
738
15108
11130
1559
1420
7315
3812
2767
5455
5318
15236
11500
13013
10296
10103
9785
8233
16265
16854
15273
15169
13672
16939
14988
10742
16975
14661
15708
15199
4771
1241
12077
4902
12978
410
10204
1794
8908
4342
1240
4229
5197
11518
6161
11291
8769
5050
13563
2354
12238
12979
6119
10532
8264
14123
4504
1456
4232
14393
15896
1914
10287
16595
8744
3165
17071
2687
7738
8586
16930
4609
1217
3929
5843
17524
4306
725
11475
2685
15478
14313
10137
5705
9331
11996
1653
5152
9794
3477
13010
3257
17564
5830
16369
12164
8919
17579
880
4767
16561
10377
4386
5488
4223
14047
11183
7900
1746
2999
8738
455
11804
16255
6156
17435
5088
11457
17098
16486
8974
16852
11157
8275
9664
14602
7709
829
9760
528
9500
10567
6236
13258
15100
7920
16001
1147
3328
11762
5689
11014
16684
8861
6908
9916
11549
12982
1702
15644
17566
8701
1077
7489
10685
10910
3248
5579
12127
16619
12232
9060
5229
14101
2116
2391
12179
2081
670
4814
5489
15752
2648
5279
14355
9156
12404
17312
16427
6694
12885
6198
15050
10582
6291
9780
8451
15932
1059
17489
15334
686
1170
12043
13810
9223
4151
13555
805
6473
13771
16315
9951
16718
5780
2246
16407
10148
4715
644
4459
406
1164
10843
7972
2828
994
17323
10027
14121
7033
9806
10599
13320
12937
10715
17746
10290
9253
13403
9091
8429
10146
14729
3515
5286
11015
5608
17527
13396
5000
2062
1257
10119
14179
11829
15845
9637
5169
5465
10720
4185
13399
5734
9558
8880
13381
3418
169
14417
2048
2983
17238
6916
16477
10320
68
10370
1425
16469
9057
9480
17371
13184
5315
6975
4091
4379
1533
6508
3343
11830
4421
15823
6062
13962
7683
6783
8223
7091
3802
12930
3567
11096
3476
15947
16537
231
6134
14541
13845
4348
17158
12256
9069
11359
9197
8185
14831
6979
10048
6775
11429
688
7682
12506
7461
14636
2168
10358
13270
17407
6445
10060
12629
9535
5950
14503
16990
10888
10750
4635
8095
10274
6234
1681
8490
17065
17192
6688
9321
16538
5156
2042
16235
11082
2546
14686
1890
10059
5864
14060
4661
2257
9629
9022
13097
17431
5737
3614
11491
9553
2352
3079
4728
3524
14284
249
10783
16211
3026
11234
3145
4403
4708
16956
12507
12263
14854
583
12765
16086
9330
12140
10427
15182
17193
3186
12732
11912
17740
2054
2681
6085
1657
2893
15274
356
11580
6002
3531
3003
15523
204
16341
16900
15961
10952
11941
6100
737
7563
1772
17040
15064
8790
9295
12894
11783
12495
5927
4262
6940
16479
8123
1937
6517
10603
15396
1422
8706
5348
8278
15698
11332
10366
6757
13451
4697
11283
1682
14077
6226
17202
15185
7807
17744
7532
16602
11815
1286
7207
15245
7380
11874
6963
512
13897
912
7609
12716
9906
6858
8630
818
17862
16217
14505
5524
13328
3854
17768
17541
543
3953
5321
1921
2838
4222
10824
15715
600
14232
7069
14096
6809
10234
2036
6400
10897
14382
1331
3560
16117
10153
15286
498
12834
16774
8849
6490
14929
3163
5742
9682
15963
11320
3962
3171
7730
16856
6206
6569
13928
11652
475
14609
3679
17096
9053
3715
10395
4601
16517
1570
1023
2058
11953
4449
10945
15878
9512
17266
3002
4616
17289
5407
16881
5956
13692
11309
7079
11517
12030
6760
16227
775
16603
12986
10668
1850
6541
1390
13206
7906
4349
6603
1689
17149
8435
12101
13344
4658
9667
3607
4426
3990
6857
13518
183
10462
7224
11775
2458
17803
1713
4013
6584
2145
15935
1610
12849
3084
8909
16527
11753
4583
5405
13340
13969
1759
13600
12526
11688
2434
10255
10083
6657
719
13225
4963
7203
9234
1536
16051
4055
2911
4542
13734
3471
7093
7666
9589
17419
4404
5614
16138
7914
4720
641
1431
6514
8938
8728
5252
3390
3281
13434
11559
6651
2553
2390
7702
5110
5325
7196
5896
9387
10670
9395
848
12896
10236
5911
5839
365
14478
12956
3720
552
529
7416
12976
11372
3946
10394
166
3232
13678
14113
6054
8466
13152
9301
12024
17672
3576
2174
5898
4018
11407
11848
3129
16208
4113
9447
2747
5697
15732
15087
12620
555
6766
16780
875
5606
7689
4538
10374
5269
12634
2519
13061
12327
12633
10735
1022
13411
16360
15222
866
2524
2289
3156
17520
6829
5159
15553
14257
15768
17557
180
14245
3577
14993
12141
3308
10494
11079
11809
13389
16483
16508
15510
4226
12496
815
16017
11150
7469
16947
14426
5389
10594
813
9663
3857
1100
7311
25
10392
12720
11727
11660
7867
15154
8179
10652
9471
3595
7339
11959
7110
7855
2949
5349
14528
10123
5298
5045
14671
9659
4756
16838
7522
7874
787
8356
11765
128
1858
4253
4216
945
3329
13918
7929
12447
13757
6194
17838
16270
8841
4871
9440
3856
8818
15751
10974
13484
8389
5595
11864
1595
7056
6740
12680
9827
17140
13741
10134
16343
3917
6089
13708
12205
4588
6474
4883
4585
10304
9208
16806
17823
1335
15978
17531
10575
4258
2988
10850
17547
1924
12152
12705
7478
12703
4587
6440
7788
1996
7949
6008
14196
15879
8161
11779
13630
1799
16019
14691
2557
1430
3813
15275
12455
4236
6276
14421
17786
6595
8757
16792
2525
13467
5731
16013
17705
401
15830
4553
7215
10335
9801
2626
7723
17702
16541
17521
14307
505
13997
15969
2009
12384
16959
9764
11099
5846
3692
14477
869
14605
10639
17066
408
3482
13359
5694
6970
8967
7430
12870
17118
10972
10227
10647
9408
2918
3278
5129
12886
14091
4065
10815
9082
4095
8698
5573
4318
10808
1410
289
11188
9352
107
421
15934
13461
5109
8561
7946
16668
2447
14041
16961
16371
6097
2740
7663
14658
13442
4068
14185
8901
4965
13722
5603
12612
5567
1103
13575
4475
15617
15606
5264
7118
1011
9329
17080
10419
2469
9347
1864
16960
13388
4106
10690
16715
4809
11836
3040
11021
5392
13552
1254
11010
5142
2491
10592
14964
1447
4694
14085
11413
16708
13042
5758
5785
2195
14999
2580
9147
989
17661
282
11371
17834
7220
11596
187
16347
11789
10637
4206
10138
3866
14874
877
11109
3337
12563
3527
3548
16649
11401
17452
6438
3028
3562
9817
3789
1125
14780
13738
15181
8881
454
12687
2844
3578
9414
4294
3370
10371
10734
16991
15749
8555
17616
11434
10853
9045
8720
13319
16974
14114
17848
12012
7960
2120
13448
6010
12405
7061
13871
17726
6153
2817
13684
10629
2640
14472
9303
16946
5424
13572
11819
16670
4920
17198
17163
564
2310
3995
15285
7653
7468
4340
3633
12863
2059
9633
12601
17395
9781
347
9873
3118
14312
838
2324
16566
8105
8234
8557
9766
10946
2010
16697
9174
6167
7573
16842
12911
16520
2670
14973
4943
1727
14828
4147
14537
13026
13082
1449
2262
15623
6843
14663
1930
13803
11664
15136
15336
7648
15888
14430
16734
9771
7103
5267
5073
9404
10697
6974
15443
15114
17283
5757
4653
5748
8194
8150
9039
16506
6323
16402
4276
86
14649
5889
1865
10171
9202
6957
8153
5356
1844
6174
9411
12640
862
4598
7669
474
5275
10538
2097
12704
17322
10545
6398
14868
7968
14660
15146
5894
10345
5277
7031
12969
4175
1113
17358
17595
15107
782
10267
11132
10514
7175
8328
16740
16657
9073
5542
14763
10507
14629
353
11013
3344
14390
13789
926
2938
705
9341
11951
8162
8338
15203
7637
6434
12366
7486
10014
11379
15522
6737
13296
6630
1231
7685
3244
16802
8711
5947
17099
14064
3936
642
11071
9816
7910
16457
99
17204
9318
7618
4730
6851
15645
15244
4589
13446
6806
11928
3338
9642
6066
3742
5708
9243
7284
10864
12431
2384
468
6551
14749
5249
7407
43
5704
11374
9076
798
2181
11772
17894
3310
16694
11766
2638
9162
3199
10063
17126
13248
14535
7238
12597
2175
12529
14526
12215
908
11053
61
14500
4408
14685
4574
14802
10752
3446
14659
7862
15985
15228
15869
6699
13407
17663
17257
3623
12348
16835
9148
578
8712
11512
8228
8948
8360
6462
9708
668
2616
13385
3814
13130
2002
6565
13627
13696
6199
4256
7422
2186
6722
4692
2748
5171
8155
362
10638
5577
12132
8932
13839
14431
5099
16884
6691
3001
14253
7251
279
12356
7472
3190
5016
8671
7180
8743
10381
14090
14549
16966
8127
10450
15828
10415
13453
12527
7604
17615
9418
3520
5476
15640
11440
9730
3321
1344
3464
8176
5574
15242
14748
3982
15518
11838
460
11667
1243
3636
8898
17073
13473
16164
17384
13753
13441
7046
693
8163
16233
13725
2801
10510
7657
14330
16886
14360
5472
17879
11307
11211
3167
15435
6842
2876
4707
17113
6776
15885
11816
9103
7129
14371
8717
11203
979
121
3948
9394
11343
5771
5722
6449
7951
4535
10963
1765
15130
7164
3357
5904
6481
11199
7586
549
7071
16989
12953
10102
17432
8329
7481
10613
2731
8074
13497
11450
15899
4414
1135
1192
9314
16730
3014
3214
4775
17015
3492
10618
15792
15224
8190
17482
7085
6943
2887
2840
4320
16334
10350
13006
3677
7342
15253
6572
7134
9949
17161
15894
17450
12882
5679
1024
9680
17052
9012
2703
9747
7860
48
13178
10523
4641
1866
15929
16847
10149
16526
14387
17710
13199
3131
136
11833
6686
13076
6566
741
17197
6467
11185
15903
2442
5812
12144
9033
9122
11175
5346
14637
2027
13783
12757
14305
7310
8761
2755
11613
14433
14717
16560
12656
4143
4764
12293
10861
11703
7455
6105
2273
4171
17887
13315
1972
16491
16303
5688
12154
4275
4878
12295
17558
11578
7147
7517
8013
13784
13875
1384
12220
13148
9430
5201
7781
17347
5849
3977
12200
2712
6815
14559
9308
8842
11573
12508
17653
12464
15208
14320
3434
17221
16496
13173
13475
12014
12190
8822
16313
11700
2443
5415
10049
37
12858
4407
8323
12283
16857
10282
3553
2973
17497
17860
16621
6771
14336
6665
3282
5404
10865
9491
6841
332
14871
309
9829
9762
8945
12194
16969
3403
9711
7925
7978
9402
16349
3289
3508
14240
1542
14750
13306
8314
2541
15316
4905
17728
1672
17519
15805
1494
5215
12314
102
15202
16450
6459
4638
11648
15127
9710
11805
14858
11180
13686
13040
17765
1953
7861
14223
7136
17008
13155
5899
5907
11868
7566
300
532
767
16372
15561
16618
16405
15051
14339
2268
6543
4701
2904
2457
13313
2825
6953
12377
700
1020
14897
10390
7749
5717
17813
5541
7859
12802
7475
10262
981
7357
6848
1191
16321
10650
12251
7662
13530
1004
1038
9428
9351
7287
12086
3727
6973
5263
7331
4674
7673
12780
16859
5189
5007
5113
5461
13874
16169
12712
16222
11062
11022
10597
2786
6009
11303
15263
5547
1629
17178
6768
9616
8216
10872
1929
14487
10799
10052
2732
8507
13987
6384
69
5882
11911
9186
15920
14919
12466
253
11733
3251
6033
10822
10074
7553
3765
7828
4528
9528
14960
15548
9231
5517
11230
13913
2716
3151
2710
14857
12435
2818
2208
1730
17458
11250
9167
17748
10000
13150
784
8688
6563
15115
2243
12666
10110
10694
12479
2362
11432
14923
4472
10269
14414
6204
7605
792
7169
4759
763
15810
4518
10203
11542
9497
7801
12345
5290
15101
219
8363
239
14794
8244
8996
15502
9017
9140
17514
13878
9724
13939
2171
1581
17264
12073
6450
6932
6506
190
4230
3290
14633
15585
6559
15527
6321
11658
8083
15494
7507
13250
6918
16442
4255
16432
13669
6835
11887
13266
2110
5668
15004
16143
14166
5022
7411
4870
7364
14206
6148
2705
5097
11260
17499
2113
2803
10191
985
8641
2259
14674
10598
1367
155
12599
8351
2115
14652
10498
1485
9488
1282
12151
6311
907
2135
15187
5242
12336
15441
5902
14175
4590
5643
5054
16081
3012
11974
10466
6661
14608
8835
6556
7137
6612
11539
16814
10546
9795
14333
5952
1341
2962
12518
2401
16268
16996
15838
172
17162
14772
1539
13607
4457
17605
4346
17757
16539
4110
10905
17775
11853
9423
13
17180
15636
1580
843
1107
5157
16901
13543
13301
6224
7909
10054
12292
15455
1908
4850
13966
4299
4495
9749
9744
13371
4119
10449
270
659
12992
1736
8322
12393
2805
13038
465
3189
1171
12048
17780
1189
9213
15109
15216
11761
9520
3486
7382
15205
14840
519
14187
16787
13676
7693
7494
277
2573
7228
15833
16815
13362
13827
16866
3565
11786
13459
3059
12808
9867
10961
2248
5877
6389
8023
6629
16065
7515
6969
14953
15500
12357
9061
9153
15966
135
11463
5681
13513
14425
6447
16945
2124
9722
2463
854
11093
7138
488
6523
11458
7393
2683
6807
4405
14335
2189
3185
15786
101
5107
1307
3468
13307
8895
9416
7824
11196
6099
10385
10949
1554
6664
12906
2768
5283
16980
12578
824
17325
160
11399
5550
10811
6529
6020
1044
12944
7947
12786
7526
10397
7797
9759
17586
7988
4280
15722
12487
3013
2501
12303
4234
9644
4271
10619
9224
3893
13688
8361
16800
15980
697
7835
5225
16776
10294
17069
3653
16191
12706
64
2258
16438
5546
2608
17523
8498
4901
14374
9120
14741
13035
4368
17272
1409
13402
9876
9596
3728
4261
9269
1928
9665
4479
4499
4660
8971
5990
14148
13118
3783
10109
17645
629
4683
13293
17203
5354
5878
4446
802
14215
13046
13859
11607
11777
15457
7265
12678
15220
3473
8747
7841
14756
17115
11118
10094
12943
4179
15403
8220
6205
3855
1311
8590
4654
11901
5924
14251
10986
9670
1276
10232
38
7743
14942
12941
5139
6386
2686
11880
1292
12364
17123
7884
6326
11271
9970
12181
16525
4164
17560
9227
3258
1392
17691
8833
7718
8305
4365
4853
5881
13153
10515
15481
15542
2217
3353
15196
11376
8387
12063
13807
15701
14272
584
7670
9626
6212
7441
10711
16897
7921
1954
12424
8613
9028
94
14019
5487
10476
12444
12274
5727
11083
51
13919
4058
9676
2415
7794
8171
10130
1770
4154
10577
3528
13257
1058
12844
5138
1096
10205
17206
15302
15597
14161
14570
5323
12609
16338
10447
12033
10692
7737
17428
7174
12880
9272
14150
9379
6052
17173
11495
8560
15086
5816
7372
12884
12691
11649
6872
13231
10405
5706
4208
9184
4129
14635
470
57
17836
16864
13021
7734
14792
13964
1596
14022
5571
3259
14912
6259
6942
5534
6261
14989
10990
7454
4032
10349
17618
10994
11485
9212
3113
13237
6035
16304
11920
15719
8890
14902
2474
11265
5400
4017
5507
13327
1955
1354
3298
461
3738
14388
7324
6702
12546
10328
17895
5623
2440
10026
2017
7160
17536
6850
3493
1157
6897
2696
16178
5468
750
10219
17511
10111
11910
15471
13417
40
1172
14976
9870
5213
6670
9235
1345
6759
7879
7846
14282
8551
12793
14603
12352
13343
7329
580
1373
1945
8656
4900
7561
12017
17310
3246
6366
12204
14631
9048
13245
9075
12419
9695
925
1111
13599
9721
17301
15690
7585
9383
11360
10470
9983
4859
1749
5001
17698
13087
6683
8418
10796
17548
16578
5235
5908
11414
1607
17584
11097
16205
14911
12344
13145
13468
6524
8254
16642
8237
15710
10317
9871
8204
17885
13624
996
8922
466
8860
1579
11442
1636
13405
17871
10835
1073
16988
6177
17703
3672
3925
7939
6909
6207
11798
8273
2860
1200
15293
2099
14632
3239
6162
6214
16607
14092
15982
7525
13284
3514
8893
16801
15337
1588
2663
13902
2502
14822
523
1735
16314
16448
5125
11770
16228
11050
7367
12514
7418
13483
10733
13924
6998
1933
1919
10962
6168
3123
2381
4494
10886
6976
9256
3780
2843
4534
5786
5060
12325
13994
13793
16915
7725
2622
9841
16630
12776
10590
13683
4579
10755
6385
13360
16424
5530
15535
11047
13015
4245
13868
3865
4757
8028
11695
16596
6950
10477
2923
15753
17196
14455
4125
10480
7405
6114
9407
7668
7410
1842
8178
17849
12977
17815
14664
3073
3714
9177
17372
10421
10738
11088
1210
6839
15282
15157
3245
12413
905
16047
6465
4836
14576
15767
14534
10497
3381
7176
10906
12590
2358
14682
15591
7261
12719
13948
13322
15277
3790
13671
12822
10408
14475
16390
3108
11800
4193
7704
220
17222
16396
582
6091
9956
134
1787
16522
16544
3569
4456
6390
4144
14108
4428
12394
10627
13504
5212
7878
10432
7684
10828
14516
16254
8089
5678
1289
16252
13001
13886
1239
2979
13916
16546
15305
6015
12914
5131
8775
1360
5820
35
12262
9392
16234
16267
982
17021
13656
17715
662
6071
6048
2088
4860
3534
3882
17110
4539
932
15766
3423
8689
12883
9241
7477
8616
8015
10792
9540
2960
3734
10113
8239
15551
1001
7995
8208
12792
501
6846
12069
1215
11807
17606
14037
3294
13782
14182
15419
8104
12284
963
15015
1361
4247
3216
14690
6166
17772
17556
13241
13573
11019
5518
9907
14366
14734
17423
111
16500
10490
3968
1695
6888
13276
443
12694
16588
17056
5572
11921
17393
5922
5828
9675
10781
6875
16816
9546
11755
12746
2210
1115
8230
1845
12560
16435
5251
6074
10616
252
15673
9770
8565
1877
14200
4924
10676
7340
14901
13838
13180
911
1247
2540
16196
8611
17097
853
6397
13891
2224
12353
12451
7218
7639
11551
6780
14916
10564
17674
8973
16484
10620
6353
14716
6911
6487
1416
7293
15190
9660
10936
9506
10716
9821
17001
9098
14740
2655
2679
14262
3443
10926
11689
316
7105
669
10218
15871
4120
5646
9390
10106
13526
17697
17030
274
9531
9137
7065
1557
15881
14144
1039
12409
17410
16259
4719
17311
9874
14918
13751
7706
12810
139
6266
10176
3746
10933
13347
13308
4744
10019
15956
16243
2850
13709
15049
317
7126
10299
9307
17240
7350
8037
5969
739
4964
4392
3829
349
5667
1371
10579
14214
1374
16714
13216
13230
12497
16388
14724
12291
10037
13531
7256
11861
375
17599
2066
9510
1666
1387
3503
11041
11438
10689
5380
7567
8719
5221
1479
2806
4951
8954
9297
2021
13333
5014
9731
16887
6286
12089
9568
1618
14566
15837
3805
17585
9380
16068
14787
8382
2239
10194
15571
3712
16480
9242
13373
4415
10359
5036
4108
2851
6129
2330
13694
606
8331
17269
9445
15756
5767
8580
7785
614
5126
1565
5012
5313
12320
8091
15379
7697
6707
8936
1526
17138
673
290
6515
4265
1446
16062
12617
6782
7381
14546
8295
14696
7881
13244
10973
1905
10404
15074
9200
10426
16043
229
14784
11267
13862
671
15409
11337
10992
14416
9694
17762
6245
6981
6318
8112
12759
1626
17795
5698
17165
8377
14050
5161
15079
10460
3538
8174
16951
2723
6296
5002
14044
7615
15658
12222
801
3757
17598
6422
16044
10970
3319
10012
3264
17711
16218
2347
3354
3065
1788
15741
1365
4019
14835
3522
17529
7424
14759
5174
13855
13584
10210
9382
11481
5078
11745
3775
8902
17294
2365
10128
12001
2154
15632
16650
16403
8336
1680
1547
16368
11231
7992
6822
4004
15465
10479
4816
3442
830
7593
17211
106
4904
15134
3689
15056
12134
1849
13830
1936
1383
16671
14994
16672
13726
9100
800
15402
6439
9621
203
17425
11009
571
12892
9782
9049
3820
12672
11301
4310
4678
5136
17753
1582
13695
16511
1851
12857
3979
1552
16931
16440
3240
3326
17671
12339
13256
3305
12670
11546
9574
5615
4627
17304
9105
4104
8008
14806
6110
14800
547
1514
9386
5755
10997
6627
12340
5203
11676
9151
13071
2772
11603
5557
15809
9413
3992
144
623
3393
1142
5320
9518
9742
8497
4172
3322
2067
17391
11419
14579
6191
868
1216
11513
14755
438
12216
7676
3914
15195
8124
9240
8850
15338
2123
5854
957
15671
3644
10334
16212
12174
8168
17456
6163
559
17820
7810
6239
998
2863
13697
13853
2084
8802
4243
15475
556
16921
12467
12277
13900
10446
15149
15258
16182
3930
4544
825
6986
7266
12230
16559
16474
8754
12567
12592
536
13300
5211
9143
14009
16201
3324
10211
13834
9734
12785
2321
2592
7752
7171
4948
14719
15250
625
16284
11446
12951
5751
9194
4723
15547
8493
9010
14394
11422
12524
14053
7235
5586
7429
3201
12593
16985
199
9292
14141
16415
13908
1624
236
17611
15120
1663
14733
15017
4682
16213
14506
12682
1393
4040
9007
5647
17095
598
10186
764
7919
9072
4148
6765
14259
1544
10665
16165
16952
11865
7457
11383
10669
132
3666
3408
3818
10407
15605
11839
691
4370
9987
17088
12182
14372
15573
12726
6395
3682
9813
12453
10844
7296
5958
716
10351
11236
9094
11120
1465
13975
1800
13161
13889
14349
8202
1946
11325
8696
12488
11073
1738
11630
6356
1480
9979
8716
2658
15552
15813
7473
13610
15867
2161
6589
12105
7769
161
14464
58
288
12459
6249
17194
8149
8625
12040
2431
5373
11229
10774
7281
8819
17408
11254
11881
8875
2112
8269
13246
13465
2494
10989
4919
6847
4961
11335
3016
16938
6289
4670
7999
9859
2775
9176
3950
5406
15923
4150
9631
1159
11237
14679
73
159
2104
10215
14971
17857
11375
3781
14158
12315
2357
8742
13251
10775
6223
13973
8514
16150
14684
10159
2813
1913
13804
10633
14650
3142
10365
11685
7255
14352
5467
4432
11621
7594
3509
17380
7875
12000
342
186
6437
14392
3628
13229
8693
622
8582
14859
4049
10202
10472
4725
14170
6165
10521
1052
12965
13207
6505
9789
2471
6915
9215
7688
9271
721
13107
2958
11931
12343
5140
9997
13314
16907
8272
9837
10874
4242
9881
364
8364
4909
16200
11687
1562
5770
3807
2667
12618
6633
12473
13221
10086
1398
9188
8697
16240
11656
10226
3923
15958
6859
17214
12137
15757
3688
13790
10920
17581
4722
16589
16570
8286
6930
15639
15721
15725
9038
17731
2338
14081
17577
5913
3986
7161
6368
11577
12660
2039
17330
5306
8989
16641
198
2353
15311
12193
12851
6613
13780
4191
13965
14467
11674
2967
16614
2240
12242
14026
5013
14218
608
14106
631
6023
9104
11023
17125
3320
181
9648
6894
1532
1337
14470
6357
12083
14276
11593
14457
11144
13979
15018
11882
10457
16102
1880
9108
4330
10085
5260
12847
11570
7332
5634
1074
12100
3559
5421
7584
16285
13677
5429
7262
2355
6753
11346
11037
9884
11929
15863
13545
1047
4358
11561
3523
4317
13501
5293
9032
4319
16760
15314
14990
2542
414
12854
17219
655
16880
3249
15720
13112
10968
7548
8226
8782
9600
10372
13637
1906
6647
17877
15700
8839
11945
16696
7252
15036
3510
914
13392
2205
7882
13544
17005
9043
6599
8147
558
10368
3112
5725
2837
1158
2550
10451
17835
7649
595
2891
10258
6678
845
11975
5966
12602
12962
11388
7896
11322
2000
12059
11857
3910
11370
17852
16250
14168
1604
7784
7462
4302
14071
10602
9310
16151
12879
4852
15186
15890
13587
4823
15997
10235
525
12337
12580
15356
7038
8935
3426
12816
7864
16148
6838
17704
7082
4929
10729
9454
9999
14907
4037
9835
12252
11246
1089
5610
11663
5222
712
16018
17654
17039
9375
384
6778
1813
304
1453
2656
15638
2294
12076
6636
6985
17487
518
3707
4516
10977
13978
15653
1496
6121
16465
11750
15998
8779
11300
11657
7125
11714
11334
3182
4928
11426
12582
17631
10410
14573
10958
14086
10038
17385
9887
2678
2170
9276
15970
14563
894
1804
9181
15876
12752
2620
2561
17233
2360
3975
17000
15562
9365
11248
2095
17774
10543
17084
6347
5527
13264
6106
11344
5462
8749
10519
9284
8380
6297
7543
15066
1014
14329
15519
3472
5886
17168
8054
4655
8831
13354
12362
7086
14508
9306
12457
2919
15951
1854
1402
776
1806
11832
3592
17201
10035
3008
9316
8928
2388
14127
6588
13566
366
13873
16160
8618
16617
7431
16707
6852
11293
6892
7485
3314
9653
1075
6287
3796
5933
7877
17761
4732
3069
379
7206
15406
12094
7059
11306
16451
3090
2714
5449
810
386
12747
10662
9255
7818
2721
11069
15353
14076
7980
7131
14845
5281
17321
12281
17805
5469
13836
15595
10222
9769
10642
5335
10280
9669
3924
1944
10145
3229
15801
3884
6431
943
3939
16437
5649
6820
2281
4429
6150
10573
11515
17869
9917
11427
3774
5153
15603
7230
12490
3417
17029
10505
2866
15707
3927
10393
6360
12155
14204
7763
935
13239
13595
14080
15070
5135
214
11135
12665
91
1661
4926
3847
9079
8963
1150
893
5064
2861
17143
5149
17479
15807
16202
16554
16130
15243
6193
5657
12730
11728
4149
799
12652
9967
14254
11398
17884
7113
14801
15052
4304
1915
694
11527
2050
14553
147
4014
10839
4246
10803
10640
3642
1647
16979
12070
2734
6006
6274
15789
5931
1185
14638
4777
16627
17608
13079
16002
8750
7654
8510
11942
2426
8082
13788
16467
16458
13277
16269
10608
9260
12707
6045
4899
3906
13456
5590
13882
13956
1490
16294
10831
2530
15221
9716
14861
16026
10095
3499
2108
2425
9088
12143
16728
5916
10437
7854
9597
8398
7547
16744
534
4279
118
5228
2688
17888
15432
9461
17623
15373
4846
13115
12350
17366
6068
1304
2056
17397
16289
9501
7177
16758
1389
12727
3908
433
8405
7465
6786
2136
4324
11404
9406
5799
2929
4343
17804
7760
9016
14966
17652
17732
8051
16916
6755
2489
162
11691
4288
14078
8710
9904
10674
876
4571
4874
302
11847
2618
1478
10329
5528
8073
11411
676
12939
9041
10609
16468
8821
17154
12961
5188
12228
14407
7571
15483
15631
14452
17053
5875
4240
2790
12117
15532
17457
12045
5381
6425
17889
12234
10276
4998
12324
12316
15681
15570
970
834
13800
8381
15103
7544
2880
8350
16756
10444
1612
13812
9901
14662
7527
17549
10008
16395
10064
17309
12745
10645
6102
10341
4412
2421
3114
8039
14720
17778
2699
2304
1184
4927
10901
9312
14612
2328
16186
13894
489
2371
1583
16463
3981
6242
516
1723
5984
5319
14560
2082
10399
3998
3215
1852
779
11051
15907
478
11787
8016
10173
8462
13342
1187
8934
9989
8554
5692
16025
10139
5095
3161
4572
3147
645
17177
7597
2727
12056
213
4857
15054
15939
10411
8650
8478
14217
16316
9702
273
12226
11933
9344
7146
17374
8793
16286
9685
10310
1894
16689
10072
2604
7028
695
4293
5216
8970
6094
11003
12456
6640
3422
8998
17246
7318
15575
7278
9638
2107
14683
12990
15093
4142
8421
6254
1236
149
5805
14972
9689
15014
14052
14033
13070
9849
16392
115
13506
2897
11790
4668
14672
8033
14864
2270
5087
7280
630
3162
17369
8684
8384
8999
6388
2966
13445
6372
12118
17545
1706
12085
1119
4993
14511
13921
9340
11589
7745
13503
4778
5823
3937
15976
5432
3263
5147
9464
7437
17437
5182
12893
9610
13081
12015
1998
14701
14322
2283
11499
16970
16256
3862
14711
11822
4689
6283
7213
12449
14893
5175
2307
13588
14788
1222
13072
110
10323
11760
13512
1619
10435
14015
4127
569
9424
296
12649
391
6131
3970
8882
9225
2092
8543
6546
17539
12307
4203
8374
16778
10009
780
267
7421
8992
7258
17259
11784
8115
17333
5884
7608
16147
14263
473
6709
6058
15350
12187
6596
4890
6329
6987
11768
14593
11473
16841
8990
6436
3439
14739
12924
11680
7018
3168
8428
16691
7991
17892
11074
8535
5132
16282
6787
1841
6444
8132
5497
4160
4213
13682
7546
14287
13163
4717
6019
17528
4695
2909
9252
3896
3367
10762
6034
1767
8355
9354
2632
15444
5190
14998
11202
17418
6209
15212
17012
8946
15404
10261
3584
2233
9420
1088
9403
16180
17002
3238
7851
11408
8574
4057
5554
7848
5015
17025
6327
2645
11066
2486
9315
17517
15696
11117
9897
8855
15943
5575
12698
17796
3052
4378
5506
12184
3382
8845
15262
5291
16789
9
4491
17742
4889
2641
7108
15759
9175
6317
3766
14403
2720
6526
11792
7989
3369
4081
2507
12375
4912
14241
14032
6619
9018
1907
8759
15080
17880
16992
14548
8640
4067
15971
9703
15194
6203
502
5890
9853
5680
17252
7006
17144
6656
9133
12904
3723
7714
6663
620
8885
16056
2271
15889
9930
3883
4401
2583
13971
4360
657
14075
6680
16705
8060
14754
2639
10574
13419
2628
12023
16687
2589
3804
5537
6405
14513
1790
4123
15914
11672
9487
5086
6789
6225
5840
12829
6608
4614
173
8049
1990
16888
7502
12654
12845
10663
797
14221
3913
2606
1439
11297
12021
8844
6610
12561
14157
939
8940
5942
3700
11152
2139
7144
14350
7484
16257
2785
1722
14289
8792
1312
2025
5592
357
15349
2194
10190
13538
10846
11253
5240
2028
11875
13318
5879
11193
7644
4188
1454
8373
8004
1692
13004
17553
11108
13674
5372
3077
15161
13098
17075
10062
7227
3301
14681
8969
3136
952
3940
11238
4761
8573
14471
9620
17675
12685
17449
14469
2451
15264
13631
12545
10400
12600
14173
3709
14873
17027
3444
13525
4602
3989
5991
17356
11702
13905
13733
5553
16276
773
17249
8227
12938
9594
1102
15395
3832
17062
11763
948
12918
7549
13808
3791
1021
6980
16763
7017
11505
17883
8649
8986
14744
15633
8317
13673
1811
12081
9725
16461
2764
1206
13325
4339
2890
2368
4512
12898
15718
9551
13915
548
561
537
7276
245
13521
17758
13723
14731
13414
14067
17794
5981
1466
11294
4933
13022
12869
4026
734
3066
5185
15635
230
16549
16384
13309
5935
6084
16837
16827
7123
5378
1041
2077
1974
8817
5937
4642
2787
3959
10307
15075
15021
10355
217
7872
2846
5183
12699
17509
2899
6227
170
9281
11420
10833
7740
5233
7051
14889
16710
8022
13574
8809
7148
5508
6672
4578
10464
3166
7041
1546
3456
3575
2774
2327
10631
12108
3671
7647
2753
13549
5170
3536
207
12188
14967
14839
2432
7466
17063
5500
7057
1199
3960
9274
4221
2037
1388
8284
6881
15140
10429
1413
8892
11268
10156
11321
14238
12702
16890
8627
8545
15744
16031
11831
17626
2118
6028
12429
13661
5331
8332
2475
3573
9452
13535
14495
12318
7013
823
1931
16333
7671
6708
2566
312
3196
4783
6860
9850
4798
16274
12
16475
15271
14594
3543
3785
16598
1978
12658
15860
247
11615
3103
15059
9206
14833
1829
15764
3350
13410
16005
343
11662
14283
17124
1675
3095
6655
6387
15930
4393
8607
17766
1010
2674
12754
791
3200
1148
4521
4825
1888
15917
2007
13970
3991
8196
5121
11818
3833
8566
15095
6756
3572
12825
11713
8726
10195
2506
15709
4947
12653
1084
14275
16836
376
14171
8425
8345
2085
12733
3202
7911
8906
17406
15447
8085
7139
11988
9705
745
17530
1483
17036
7726
4705
14644
1072
3629
10223
2493
14521
15347
6056
4107
2624
999
