89
44
45
0
1
4
5
13
15
18
19
24
25
26
28
30
31
32
35
36
37
39
40
41
43
45
49
50
51
52
53
54
56
59
60
65
69
72
75
76
77
78
81
82
84
85
86
87
88
90
91
93
94
96
98
104
107
108
109
110
112
115
116
121
122
123
125
126
127
130
132
134
135
136
137
142
143
144
145
146
148
149
150
154
155
157
159
160
164
168
175
177
3
6
10
11
12
16
17
20
21
22
23
27
29
46
48
57
58
67
70
71
73
74
92
95
97
100
103
105
113
114
118
124
129
131
133
139
147
151
156
161
165
170
171
174
2
7
8
9
14
33
34
38
42
44
47
55
61
62
63
64
66
68
79
80
83
89
99
101
102
106
111
117
119
120
128
138
140
141
152
153
158
162
163
166
167
169
172
173
176
