88
45
45
32
11
85
69
9
106
86
10
60
162
94
96
38
115
43
122
121
35
0
71
14
126
107
51
145
15
64
27
44
149
87
42
39
70
138
151
77
23
95
62
120
127
33
92
37
90
154
137
156
67
131
47
1
172
144
56
19
165
54
82
83
140
152
175
103
159
169
45
89
16
74
176
99
129
4
124
3
75
123
135
173
139
101
104
50
81
63
40
53
68
98
155
150
52
117
17
25
20
72
112
26
116
49
88
65
46
130
31
58
125
66
108
79
164
36
153
174
111
136
76
61
100
84
29
102
48
113
5
59
8
133
161
147
177
28
167
30
105
148
119
57
73
34
24
128
171
2
13
118
142
110
166
132
22
170
146
97
12
91
80
157
78
141
168
93
41
21
109
163
6
114
160
7
143
18
134
158
55
