89
45
44
1
6
7
10
12
14
17
18
19
21
22
25
29
30
31
37
38
43
46
47
48
50
51
52
58
59
61
62
63
65
67
68
70
71
73
74
77
78
81
82
83
86
87
88
90
92
93
96
98
101
103
104
105
107
108
110
111
112
113
114
116
120
124
125
126
129
130
131
132
134
135
136
137
139
140
141
142
144
145
147
152
155
159
160
161
170
172
174
175
2
3
9
15
20
23
27
28
32
33
36
40
42
44
54
56
57
66
72
76
79
84
89
95
100
102
106
109
118
121
133
143
146
149
150
151
153
156
157
158
163
171
173
176
177
0
4
5
8
11
13
16
24
26
34
35
39
41
45
49
53
55
60
64
69
75
80
85
91
94
97
99
115
117
119
122
123
127
128
138
148
154
162
164
165
166
167
168
169
