88
45
45
77
121
176
147
15
138
157
103
142
104
20
45
116
35
43
40
78
6
54
7
65
177
144
101
10
62
150
167
93
79
11
56
80
17
74
154
136
88
73
89
4
159
12
140
97
90
99
127
57
85
60
115
122
27
126
168
18
19
16
172
143
41
30
28
33
68
3
120
135
151
25
48
158
69
162
134
166
22
86
137
128
161
169
95
14
55
119
5
160
174
13
64
173
175
109
46
9
141
29
155
156
87
47
42
21
133
75
124
105
106
26
66
163
123
129
70
102
2
149
50
118
51
110
152
130
125
38
36
32
8
34
148
23
111
100
98
24
39
139
114
76
61
113
71
59
107
67
37
108
52
1
112
91
131
58
96
132
117
83
164
53
49
92
31
165
72
153
94
171
146
44
81
170
63
84
0
145
82
