88
45
45
0
1
2
3
6
10
11
12
13
14
15
16
19
20
22
23
27
35
40
41
42
43
46
48
49
50
52
57
59
62
64
65
68
69
71
73
74
75
76
78
83
84
85
89
91
95
96
97
100
102
105
107
108
109
110
116
118
119
120
122
124
125
130
131
132
134
135
136
137
138
143
144
145
152
153
154
155
156
158
159
162
163
165
166
170
173
175
176
9
17
21
25
28
29
31
32
34
36
38
39
47
53
58
67
70
72
77
79
81
82
87
88
99
103
114
115
117
127
128
133
139
140
142
147
148
149
150
157
167
169
171
172
177
4
5
7
8
18
24
26
30
33
37
44
45
51
54
55
56
60
61
63
66
80
86
90
92
93
94
98
101
104
106
111
112
113
121
123
126
129
141
146
151
160
161
164
168
174
