500
250
250
203
90
237
495
765
825
929
550
840
826
12
492
64
878
679
531
634
995
643
515
943
838
376
789
100
129
669
327
719
813
824
732
183
306
848
438
653
499
146
852
239
395
465
451
994
965
672
782
524
747
280
745
130
979
743
48
486
253
430
454
245
200
32
599
939
247
896
360
579
655
283
973
393
165
742
567
195
659
876
737
785
325
716
675
709
493
14
262
723
51
304
191
252
188
647
445
947
86
70
963
983
408
911
759
533
547
361
17
610
590
844
889
629
513
510
940
272
302
857
926
625
746
545
489
628
596
769
42
212
96
960
60
949
770
860
312
977
962
534
520
260
761
175
710
772
654
378
485
795
692
415
631
194
148
871
215
823
159
300
58
488
532
725
797
402
997
343
475
314
315
337
126
249
25
557
311
340
984
307
543
996
779
435
993
967
449
444
630
771
91
293
275
153
867
927
523
424
768
186
330
170
481
197
546
595
820
447
417
704
801
597
910
784
699
364
266
335
144
574
919
226
776
246
565
954
494
685
559
296
527
2
52
872
34
798
841
433
691
604
436
120
766
511
676
79
381
105
577
338
370
581
964
469
767
301
479
261
437
552
76
877
674
617
29
673
814
758
257
906
289
642
71
619
80
326
452
504
738
518
514
24
806
400
73
898
793
858
859
43
450
457
620
95
15
555
139
67
184
9
83
687
935
109
957
163
185
442
589
487
265
125
735
453
790
276
202
477
893
916
209
861
549
214
866
427
517
496
54
480
989
680
274
169
333
405
660
873
491
639
4
279
754
16
303
845
41
223
535
138
956
874
671
133
810
264
540
196
286
287
371
561
966
644
161
690
379
425
396
636
928
13
818
386
885
122
683
305
890
270
419
192
282
702
707
787
633
473
728
6
111
248
233
423
856
158
115
295
78
392
606
135
404
461
187
448
794
110
611
478
363
921
292
463
182
809
914
174
319
904
399
946
357
354
263
802
556
256
291
645
88
686
323
358
140
839
924
160
210
811
372
734
925
85
646
851
657
277
207
884
348
516
345
476
688
757
380
332
748
554
59
948
553
713
45
662
411
225
575
162
624
800
907
173
526
243
151
434
102
98
403
362
198
760
53
865
167
0
66
284
484
331
414
843
961
649
164
623
918
571
902
875
377
141
909
975
347
853
84
47
384
837
819
641
244
428
339
933
166
285
87
985
969
808
359
309
752
959
566
895
998
538
365
694
530
548
471
385
542
458
374
271
288
117
181
602
468
35
578
869
336
658
827
459
594
255
807
308
218
179
799
618
587
118
259
953
298
329
205
854
132
560
582
598
290
57
189
344
19
460
932
229
204
171
656
124
608
397
698
441
744
254
407
562
387
880
901
273
114
490
258
938
727
199
733
730
177
137
324
154
412
82
988
373
591
467
464
50
410
268
156
294
850
701
97
882
696
240
299
607
328
235
103
462
99
892
512
421
121
764
666
22
536
128
592
383
664
749
774
601
805
986
834
576
8
55
712
221
718
972
353
213
603
783
777
10
157
632
470
717
652
753
472
136
682
755
663
987
792
509
721
49
899
112
310
796
635
648
930
700
150
409
862
982
316
3
180
267
131
887
356
220
420
936
278
446
349
941
119
68
678
812
778
26
551
77
751
847
762
317
443
232
69
822
978
917
367
426
11
614
616
974
952
999
585
106
931
503
369
401
846
637
143
905
39
622
31
913
62
391
94
870
211
482
497
416
506
584
971
89
670
650
134
833
829
107
1
955
593
580
30
456
990
375
508
992
706
863
756
640
33
842
498
835
828
731
920
741
714
684
937
224
739
429
791
145
228
116
93
72
900
217
868
522
297
422
320
897
651
681
849
558
908
431
168
817
5
334
661
7
821
626
715
382
398
322
36
178
934
968
583
529
352
981
600
241
613
609
708
864
537
74
563
65
201
351
588
466
321
502
519
440
432
621
693
830
879
627
236
958
234
945
970
891
474
455
720
439
775
101
108
724
27
950
28
46
780
836
951
350
750
269
227
569
251
388
20
922
991
976
505
219
923
208
740
44
390
406
781
104
903
176
389
281
773
231
831
695
570
61
638
75
942
944
56
722
142
605
152
190
250
18
572
238
37
413
507
318
736
689
703
888
612
711
222
355
483
786
193
729
816
40
342
568
881
155
726
886
38
147
528
763
564
705
544
804
500
242
677
803
541
668
883
149
586
980
573
697
21
501
394
341
894
855
92
313
127
788
81
539
23
172
418
915
815
230
123
216
615
113
912
521
832
366
368
525
346
63
206
665
667
