500
250
250
169
698
586
85
175
824
704
470
246
544
473
136
982
501
320
673
490
300
268
4
865
107
768
149
990
809
595
591
522
324
124
141
563
840
189
915
722
46
951
892
190
239
677
996
659
288
820
676
585
227
168
376
579
795
511
921
639
455
420
271
821
548
914
311
772
521
566
87
63
256
869
542
852
817
875
785
11
222
651
792
645
590
310
317
537
489
157
412
269
664
20
160
888
194
318
393
893
469
370
873
960
112
980
446
706
931
127
403
767
384
937
703
14
459
458
59
871
118
329
604
896
487
98
696
199
900
294
203
554
408
164
551
608
908
935
119
831
643
766
650
904
250
882
307
898
448
975
484
841
44
984
476
971
380
457
675
226
258
352
889
549
15
616
564
714
238
305
19
367
486
614
152
67
874
29
920
702
471
185
65
881
500
257
629
856
547
360
78
684
76
689
742
581
445
368
103
810
56
236
679
517
748
449
670
179
529
354
505
628
746
526
344
254
546
34
117
992
331
110
345
905
193
479
454
139
750
272
396
729
715
582
267
693
115
5
90
732
22
328
647
634
592
532
572
919
730
578
18
306
452
727
232
291
218
215
419
953
762
690
334
304
513
243
638
635
753
40
330
848
796
12
924
485
88
576
120
166
381
653
332
155
289
524
550
666
325
230
660
528
192
128
346
781
632
249
938
589
514
743
6
129
125
416
655
414
846
461
492
223
356
460
158
523
940
290
740
726
854
184
245
815
834
407
176
255
952
493
398
527
105
437
806
165
818
32
847
559
682
483
395
200
890
621
625
864
312
709
197
45
788
955
163
347
378
54
337
154
814
409
295
918
216
48
744
425
135
373
284
573
687
800
828
894
427
552
512
825
902
287
867
912
567
365
686
691
228
145
789
899
247
444
467
754
599
925
662
248
652
784
358
859
901
731
786
217
177
57
303
399
909
866
813
602
342
627
183
68
64
957
678
130
640
713
724
719
985
111
450
13
963
206
823
910
259
989
502
321
224
939
475
654
958
418
623
30
723
707
495
760
50
28
759
411
717
494
863
968
663
594
264
480
10
862
116
388
777
934
355
822
472
52
270
143
755
441
9
89
878
212
646
387
644
672
758
314
950
280
922
838
648
66
685
383
510
728
297
948
75
142
976
359
7
710
540
432
850
534
349
209
447
611
170
466
204
812
833
465
917
667
123
936
949
153
69
539
999
171
101
417
43
631
568
231
747
336
808
36
2
93
456
620
775
299
410
273
683
637
577
240
424
998
701
887
440
583
100
734
187
907
855
451
221
279
274
313
699
60
688
891
298
196
234
897
251
816
946
624
779
839
565
439
737
600
207
464
253
263
462
61
0
780
42
851
131
70
543
739
491
341
622
413
237
220
210
835
774
406
584
241
47
697
868
942
837
531
24
509
214
27
369
481
195
641
308
309
861
252
429
923
394
562
8
541
404
700
972
51
265
797
680
379
930
146
17
519
827
91
979
121
148
35
293
140
443
319
191
353
794
174
326
371
242
711
260
886
911
296
137
173
426
95
431
55
182
340
928
292
569
987
752
879
741
21
94
96
208
954
787
433
751
843
97
983
106
906
988
377
150
515
536
201
104
71
929
86
113
721
463
73
162
749
885
74
233
285
281
302
830
92
72
453
580
282
79
571
967
986
558
695
826
857
428
776
507
178
853
77
819
612
338
802
58
994
943
535
538
605
884
49
244
793
597
108
832
607
102
880
872
415
84
849
156
374
33
262
188
363
692
995
782
560
53
553
144
883
626
587
159
405
277
205
708
283
167
804
771
973
545
503
733
609
301
791
26
618
348
132
362
351
375
969
658
229
518
322
198
903
555
671
981
962
438
138
705
763
657
436
633
725
574
805
932
761
181
385
435
202
402
738
147
656
122
327
916
716
764
617
80
778
668
844
1
596
99
770
335
81
316
933
382
836
803
575
642
947
712
261
615
266
391
745
858
477
757
315
603
434
366
498
364
506
588
964
718
235
211
845
944
41
533
339
959
390
401
941
829
83
109
151
926
478
913
278
756
386
556
769
186
37
276
468
736
978
801
225
126
488
482
870
516
16
674
504
720
275
630
669
286
499
773
423
842
525
333
927
876
694
161
649
172
133
400
508
860
799
610
389
991
665
3
25
343
965
520
62
619
557
613
372
219
735
790
530
598
606
945
397
966
601
681
430
213
783
421
31
798
807
956
134
323
497
961
23
392
350
422
593
180
765
993
496
895
636
114
39
811
974
474
970
997
561
877
361
442
661
570
977
38
82
357
