500
250
250
392
564
66
842
228
420
947
124
621
657
126
868
147
480
2
394
8
427
772
192
712
921
376
390
82
734
7
826
316
144
803
229
576
22
393
884
170
718
261
801
244
182
121
788
767
776
424
939
616
475
313
984
889
905
505
538
180
914
515
172
348
588
164
574
363
104
235
766
445
546
301
446
992
37
903
371
582
473
550
704
123
433
478
278
773
403
563
839
52
346
646
186
631
488
841
195
845
810
714
257
444
163
138
696
88
338
523
129
720
802
401
928
51
38
107
289
656
792
314
972
969
64
728
117
342
923
693
731
503
76
284
454
133
332
852
560
461
245
35
159
981
108
974
280
112
356
57
719
190
167
116
236
702
331
957
158
971
628
533
987
915
726
536
341
288
239
408
589
654
396
902
943
12
622
484
375
877
854
735
225
125
781
507
955
440
722
669
21
964
778
904
134
670
6
691
224
664
205
23
470
196
11
927
409
479
929
867
553
210
333
888
83
28
1
91
717
677
10
768
846
602
34
813
60
705
615
733
672
99
989
15
991
624
530
985
153
127
303
885
629
638
787
46
294
967
54
833
906
100
862
537
493
476
843
685
155
340
661
796
606
132
723
482
466
875
497
414
755
590
850
364
17
644
63
958
794
512
366
832
149
983
561
274
729
361
178
173
558
950
273
299
591
96
349
911
141
26
524
874
821
528
176
966
893
706
600
295
441
732
202
136
753
688
746
187
895
993
33
585
233
118
510
543
254
111
652
317
823
901
255
521
667
529
240
783
177
519
98
598
559
165
653
328
701
234
692
871
610
608
298
683
469
891
29
306
942
457
97
334
611
909
917
565
820
552
770
963
822
55
389
679
760
162
359
898
49
799
24
830
449
215
67
951
539
557
858
434
751
452
320
771
666
391
272
400
680
135
784
919
713
900
684
268
996
570
437
815
860
458
502
649
383
156
185
580
668
571
782
504
931
818
423
632
410
242
101
513
593
970
508
411
4
861
829
633
876
296
347
491
227
613
618
87
583
687
945
516
477
352
362
93
824
999
402
517
128
160
844
634
614
501
42
793
882
58
381
207
592
277
206
556
297
230
749
532
887
450
18
840
924
20
659
761
430
953
926
428
203
605
940
968
246
916
741
894
61
344
175
194
708
417
270
922
573
555
282
27
321
623
223
978
69
807
806
36
120
358
637
439
436
382
554
527
137
152
494
547
388
643
74
308
647
952
385
351
998
834
707
496
710
594
467
275
913
455
809
935
700
973
429
365
995
758
398
204
304
721
310
675
975
997
725
276
941
757
232
775
962
269
130
715
188
65
703
432
353
572
151
498
936
797
59
920
41
489
980
745
948
406
798
604
743
221
44
462
70
465
86
549
509
281
612
395
326
19
812
451
459
791
603
464
851
243
481
828
360
492
540
686
986
577
800
386
339
179
541
250
665
937
330
597
946
595
325
777
114
241
30
413
859
869
932
5
709
14
619
264
266
103
357
336
711
262
814
442
407
191
474
896
486
157
880
699
39
786
335
115
214
368
518
109
327
790
471
886
425
89
384
146
110
122
897
635
311
419
47
3
291
293
237
836
607
780
252
640
878
416
575
892
354
40
785
779
183
674
249
85
263
566
418
211
954
769
737
79
431
219
267
168
827
379
75
448
323
377
774
849
343
925
587
105
218
584
520
763
857
918
337
525
511
495
73
682
113
625
208
483
456
309
279
447
912
499
835
853
150
0
485
620
789
307
697
271
412
747
965
300
883
463
750
856
222
171
739
544
609
689
881
422
551
838
45
131
764
690
220
676
198
949
847
663
193
581
548
251
43
976
641
318
756
944
370
48
404
399
380
247
636
435
956
596
960
695
724
9
72
678
673
472
578
212
899
863
630
199
80
907
161
460
744
864
197
50
421
95
231
369
994
694
762
979
84
259
759
426
285
795
645
626
627
290
286
865
660
68
355
522
92
890
62
169
258
201
990
453
238
184
730
71
181
174
16
650
189
982
934
32
415
345
324
367
31
378
213
248
727
681
959
542
805
754
601
256
617
716
930
586
651
78
908
490
514
599
855
698
372
315
209
106
642
873
961
94
142
200
567
350
305
748
808
662
500
81
738
831
468
322
90
77
154
535
655
658
765
933
579
373
910
312
260
405
568
145
216
848
119
819
53
438
988
166
740
866
443
25
217
102
569
648
329
13
545
872
837
736
302
140
811
283
287
319
397
506
816
139
742
226
825
752
870
387
531
977
487
534
671
148
265
938
292
56
639
879
562
253
374
817
804
526
143
