500
250
250
230
791
876
186
847
594
600
929
616
242
736
748
319
559
722
992
900
137
810
629
572
558
419
979
821
296
617
523
123
919
1
921
130
684
838
916
328
248
132
928
389
456
128
266
105
953
357
18
27
99
825
532
332
509
766
762
197
936
773
619
755
557
334
892
165
639
42
14
136
394
44
45
663
531
256
808
990
463
952
31
935
985
305
116
420
3
100
518
485
399
702
852
172
124
298
820
220
643
8
438
98
218
356
421
83
632
303
175
501
537
624
495
885
10
650
570
709
326
854
62
405
231
716
461
380
155
477
880
745
720
279
725
40
483
382
28
81
381
520
147
603
823
215
503
302
363
224
430
241
249
843
416
455
675
368
743
219
538
89
196
824
490
701
515
802
700
865
573
792
427
411
835
386
752
962
569
330
350
413
23
111
378
176
898
331
713
548
511
781
113
735
352
941
158
830
826
881
263
94
313
278
392
707
973
216
631
233
620
367
489
696
646
472
429
507
49
402
789
162
785
647
977
78
118
415
753
372
492
860
39
889
217
888
400
922
4
422
283
750
536
284
804
601
812
240
103
101
275
102
832
749
857
87
115
918
911
359
926
407
581
877
695
189
738
546
406
986
141
585
192
74
554
379
294
143
521
849
450
958
286
38
369
694
431
801
292
315
180
173
446
930
817
590
52
622
395
905
307
163
222
560
604
740
733
257
676
476
803
301
247
811
923
894
878
858
592
177
637
347
874
204
452
148
377
999
806
195
5
564
54
645
756
769
951
896
138
706
686
366
987
627
741
120
232
657
362
681
364
678
906
9
816
980
436
333
729
314
931
814
454
169
71
373
479
82
320
909
864
295
659
771
718
267
644
190
482
566
575
497
901
879
32
462
126
764
371
212
322
22
672
311
583
844
316
908
758
404
728
258
626
210
513
59
129
30
759
862
850
391
474
904
571
293
117
187
349
822
761
198
975
95
451
545
214
698
903
481
35
375
553
223
641
842
390
457
139
114
754
442
170
237
351
648
193
780
444
827
522
500
57
410
234
658
784
435
866
185
813
471
458
960
243
794
246
599
630
768
473
418
890
96
665
886
470
607
783
60
276
668
26
53
252
181
588
449
715
125
910
122
788
938
746
653
424
891
770
739
161
202
703
109
498
711
309
179
767
831
818
203
633
312
206
453
805
510
506
255
549
875
41
996
51
772
7
997
787
184
660
300
250
932
154
969
174
288
239
33
782
88
528
341
795
730
491
17
636
107
856
567
64
609
439
201
348
651
555
92
259
106
264
899
956
447
48
225
425
708
552
465
393
142
614
693
254
514
388
913
734
853
327
484
414
272
949
674
870
75
164
777
855
146
613
673
542
719
774
289
156
943
988
598
682
229
58
387
134
797
20
829
150
157
920
265
995
338
947
685
796
304
361
112
611
683
354
837
873
586
882
409
494
535
207
533
244
127
602
268
291
6
496
779
469
310
610
976
540
654
937
961
441
742
529
21
971
945
29
677
285
615
280
623
994
321
445
238
487
689
355
47
428
76
964
666
401
912
13
61
790
227
478
714
984
209
721
800
245
290
178
861
587
868
671
628
661
959
486
342
488
640
724
757
512
887
944
833
934
662
625
872
884
584
893
982
970
297
940
883
340
731
339
927
799
168
948
606
582
530
151
253
159
365
19
228
687
383
200
318
519
967
786
541
467
145
384
79
925
408
34
968
895
942
434
656
183
358
135
370
171
981
809
153
90
385
524
776
798
499
924
744
839
589
167
907
221
577
760
166
778
763
561
270
998
933
205
86
353
807
306
85
396
149
993
579
972
828
917
271
848
299
16
859
194
705
593
24
863
182
869
939
37
680
108
403
793
55
437
547
397
273
261
493
851
965
649
591
642
464
688
679
335
841
732
343
66
448
226
845
815
618
710
635
991
344
345
963
966
110
50
374
727
664
97
119
517
737
655
329
440
325
336
723
15
550
480
423
670
562
468
236
516
36
199
251
534
287
543
747
72
834
282
84
56
412
308
596
526
277
819
133
840
68
317
460
897
269
638
281
950
836
262
235
213
974
978
568
634
669
690
574
459
152
871
751
699
954
67
544
556
140
652
955
191
65
104
433
846
867
208
475
360
983
69
539
765
432
502
597
2
989
595
131
565
77
605
527
946
80
426
91
188
667
11
121
504
274
717
697
608
576
323
957
398
337
505
508
704
915
73
775
144
12
580
466
211
712
578
43
621
902
563
0
612
691
692
346
63
160
93
914
25
525
551
46
324
443
70
260
726
376
417
