500
250
250
960
615
594
840
529
907
976
51
495
968
231
188
351
335
945
23
40
129
491
833
401
593
706
29
462
951
664
243
766
486
161
496
424
517
886
710
803
983
267
39
999
306
387
438
11
134
554
718
940
42
963
762
636
325
550
388
246
297
367
175
33
45
497
744
116
295
752
404
284
899
318
958
453
930
863
819
510
447
933
789
778
975
278
556
813
703
793
191
942
63
760
54
627
207
569
153
994
597
271
956
663
657
555
422
446
98
376
854
150
687
467
721
154
525
395
767
469
623
337
880
855
522
980
647
885
195
521
15
274
106
368
650
660
409
776
365
144
603
273
405
679
722
369
222
31
22
796
777
460
601
616
152
239
372
707
959
316
749
72
580
884
668
277
382
611
133
67
560
812
961
241
768
862
645
58
329
843
253
857
606
989
488
87
359
430
873
402
420
131
373
193
364
637
59
590
291
425
892
924
944
903
683
14
366
877
78
342
362
290
583
814
774
472
449
28
653
17
592
140
764
811
702
279
348
501
621
307
217
122
508
576
562
159
68
891
677
817
632
476
5
648
680
548
252
697
740
184
57
946
977
823
964
301
564
189
166
419
786
504
32
867
904
296
185
705
323
860
479
204
13
333
937
62
146
414
993
139
673
181
455
558
203
952
442
923
620
834
888
973
397
799
972
212
119
898
523
669
120
545
861
137
538
950
655
701
905
445
305
355
790
85
417
711
115
635
439
428
487
887
10
313
783
761
661
628
599
349
506
261
332
201
853
916
282
214
481
563
466
247
170
934
392
600
835
792
448
167
516
665
631
839
410
340
300
589
371
624
324
494
713
704
9
158
276
535
612
292
530
47
798
432
791
772
350
919
974
794
127
205
608
458
847
736
250
431
694
759
985
894
346
962
251
672
662
281
730
102
970
596
485
667
71
235
56
914
20
103
634
403
69
183
640
931
565
605
398
878
865
125
77
820
895
24
805
748
519
356
331
38
825
418
746
0
700
288
465
836
327
889
726
546
21
995
949
735
988
651
358
263
384
966
699
433
795
360
826
220
732
52
649
48
859
320
731
738
656
493
440
265
750
568
249
383
947
429
174
244
928
967
270
322
617
269
390
897
654
715
477
478
845
89
536
413
829
807
289
965
921
299
693
609
90
309
108
824
684
65
607
742
588
770
552
902
83
138
257
953
437
754
264
27
229
55
194
345
79
541
475
503
875
187
101
223
992
753
456
347
724
531
293
16
499
822
256
245
225
178
95
846
44
528
716
602
698
540
618
518
338
326
53
272
451
557
36
941
92
801
41
389
99
177
779
111
259
917
227
308
769
199
70
908
468
268
310
64
407
321
743
435
416
524
955
915
344
484
211
685
128
534
939
513
117
512
729
411
374
696
804
570
578
765
298
123
737
690
375
492
771
30
574
186
918
302
76
842
135
514
165
800
844
689
386
25
997
642
610
179
900
162
226
936
577
452
879
75
831
176
741
996
725
788
470
109
858
925
328
421
912
233
218
100
353
19
598
502
35
434
124
850
787
112
675
733
671
96
171
357
498
107
723
396
639
196
785
986
775
864
938
400
969
172
728
7
84
882
319
971
354
638
200
692
248
215
802
286
221
160
505
896
94
727
303
614
686
542
148
317
911
547
88
756
26
622
49
182
104
237
80
82
399
849
553
852
228
8
695
61
666
393
480
567
1
920
464
18
113
93
871
537
149
423
582
275
34
260
739
385
982
315
543
474
720
893
60
459
216
426
285
832
336
584
633
613
461
747
841
544
670
625
66
641
943
489
97
394
145
876
851
450
991
511
643
147
482
262
240
682
566
334
815
507
443
130
197
457
781
330
757
890
2
463
136
932
110
490
595
830
427
906
242
224
714
929
808
688
114
818
987
283
990
255
874
533
132
142
674
755
157
370
294
3
406
232
551
827
773
500
126
644
652
473
304
192
230
575
901
532
380
121
444
46
236
50
881
339
43
377
869
352
870
314
266
86
571
118
483
549
978
190
415
163
957
810
691
520
659
585
311
979
219
527
141
709
573
209
169
258
604
454
838
436
343
572
935
4
312
412
509
926
717
676
361
363
156
561
213
591
646
954
981
626
81
73
74
180
378
910
208
828
630
784
984
441
708
151
105
173
280
234
998
909
719
883
821
629
782
381
391
210
408
806
868
658
927
526
922
734
816
866
681
619
6
198
471
341
856
155
559
913
579
948
168
712
143
254
581
797
37
12
238
763
539
751
678
758
379
837
164
206
848
586
287
91
809
515
587
872
780
745
202
