528
263
264
745
799
266
112
134
1035
297
569
668
895
865
40
659
372
939
429
342
166
903
828
207
1023
55
472
222
293
846
1054
3
657
936
465
819
485
294
168
384
500
377
744
446
495
490
821
223
261
118
483
825
505
966
678
625
956
829
374
439
478
1036
327
691
306
839
793
791
328
788
844
717
729
227
380
170
894
987
88
320
371
481
663
887
295
140
349
1032
96
606
340
148
358
774
971
967
902
105
648
268
122
974
930
588
212
486
375
173
309
604
235
300
993
827
575
548
332
510
39
129
474
614
405
690
1012
283
741
622
868
335
1001
928
731
920
12
431
301
959
1021
852
298
664
221
161
882
800
702
468
1042
310
334
961
365
90
808
677
319
620
1053
638
420
202
259
860
156
132
792
502
127
177
750
518
182
206
544
773
685
818
456
628
584
557
397
790
302
226
764
811
7
63
281
1047
943
910
771
901
703
275
412
1044
144
864
447
783
359
136
985
21
172
727
494
370
734
855
953
695
322
64
854
1051
676
329
997
835
331
416
1
366
174
618
126
229
82
1003
47
613
217
443
683
535
1015
35
263
952
26
699
395
194
440
458
507
70
537
450
950
1039
99
1000
917
462
508
163
155
8
636
427
470
100
932
650
918
18
267
36
135
896
582
516
822
149
762
878
1025
972
214
863
348
847
747
73
130
572
642
784
244
91
15
460
968
232
823
866
733
37
802
531
643
610
66
476
656
1008
262
353
798
673
739
58
1002
608
975
573
533
842
445
549
197
210
324
430
437
735
109
228
1028
520
634
647
198
25
580
698
84
574
471
612
640
343
401
225
1050
102
665
1045
765
912
92
106
911
960
756
0
113
838
142
312
264
287
189
763
190
158
760
686
187
654
718
493
387
1024
203
1031
46
749
705
680
42
119
285
1004
942
146
1043
1017
982
775
419
833
861
157
933
805
576
1022
964
980
351
240
418
414
469
675
905
523
216
350
360
184
407
391
579
208
555
900
341
396
280
379
159
1013
867
786
679
1048
759
710
231
313
561
74
794
53
897
541
464
874
95
503
230
504
453
211
457
893
282
979
352
435
338
205
498
77
892
250
820
597
110
491
743
957
238
706
725
514
616
484
941
31
937
719
141
836
124
487
32
175
178
991
179
104
408
521
607
150
169
602
409
591
284
796
945
714
522
692
965
286
546
188
646
527
748
260
716
1033
497
559
589
995
357
44
543
451
998
373
931
121
624
633
143
444
509
981
438
617
304
877
619
693
171
355
473
1049
529
545
215
50
564
254
767
369
499
816
856
879
558
251
525
687
814
1018
307
80
81
593
881
60
644
787
746
886
769
915
1052
201
152
2
913
630
67
876
834
454
813
1029
236
789
219
615
552
563
587
56
323
599
19
43
459
94
872
5
566
33
817
421
649
908
581
600
682
345
128
722
249
840
653
590
781
192
98
428
506
277
147
795
927
233
6
688
385
448
880
595
241
925
994
11
386
333
398
807
273
417
362
314
658
999
958
200
538
652
696
78
433
209
849
151
934
97
394
120
539
413
843
641
571
845
585
904
922
86
570
116
115
22
669
977
213
888
423
292
551
990
809
1014
738
72
23
193
528
803
51
723
553
1009
195
466
368
406
611
826
753
422
139
831
512
1011
108
547
17
346
13
402
989
944
363
1038
196
946
382
145
367
296
515
862
583
906
34
138
131
984
524
218
288
550
432
1030
914
475
976
248
837
742
321
24
772
848
185
303
869
853
393
436
565
996
237
681
534
101
715
245
655
289
909
347
492
926
1046
477
30
388
962
623
711
255
16
68
256
754
54
689
59
181
180
940
1005
758
660
907
629
1007
532
815
621
1034
4
9
10
14
20
27
28
29
38
41
45
48
49
52
57
61
62
65
69
71
75
76
79
83
85
87
89
93
103
107
111
114
117
123
125
133
137
153
154
160
162
164
165
167
176
183
186
191
199
204
220
224
234
239
242
243
246
247
252
253
257
258
265
269
270
271
272
274
276
278
279
290
291
299
305
308
311
315
316
317
318
325
326
330
336
337
339
344
354
356
361
364
376
378
381
383
389
390
392
399
400
403
404
410
411
415
424
425
426
434
441
442
449
452
455
461
463
467
479
480
482
488
489
496
501
511
513
517
519
526
530
536
540
542
554
556
560
562
567
568
577
578
586
592
594
596
598
601
603
605
609
626
627
631
632
635
637
639
645
651
661
662
666
667
670
671
672
674
684
694
697
700
701
704
707
708
709
712
713
720
721
724
726
728
730
732
736
737
740
751
752
755
757
761
766
768
770
776
777
778
779
780
782
785
797
801
804
806
810
812
824
830
832
841
850
851
857
858
859
870
871
873
875
883
884
885
889
890
891
898
899
916
919
921
923
924
929
935
938
947
948
949
951
954
955
963
969
970
973
978
983
986
988
992
1006
1010
1016
1019
1020
1026
1027
1037
1040
1041
