528
263
264
64
577
948
959
716
63
816
444
70
1054
90
623
417
589
701
653
581
510
433
400
37
1013
952
554
449
1041
41
806
675
287
887
606
188
913
904
928
767
692
727
370
205
628
271
652
660
996
13
906
79
307
388
1026
43
153
542
324
221
910
343
373
39
664
634
363
257
293
1039
405
26
884
815
594
735
826
196
636
973
872
537
351
714
1051
68
976
543
776
61
95
484
1048
544
238
1029
167
864
997
466
931
938
545
553
871
421
112
536
771
719
895
824
236
117
694
245
284
739
58
832
391
47
301
410
725
140
843
208
259
707
982
1042
658
151
821
7
321
647
640
849
755
750
746
438
916
216
235
125
793
171
354
56
1037
184
619
402
559
914
104
430
1040
485
607
818
616
565
488
778
265
143
831
139
551
25
42
389
94
1024
608
860
838
547
119
888
385
724
277
1008
186
407
924
612
182
224
51
693
155
291
981
629
783
873
877
591
642
460
687
318
1025
173
792
102
962
574
991
213
584
195
663
413
76
732
857
465
1001
972
900
734
850
650
326
683
756
426
461
19
372
193
12
217
297
86
260
355
788
1016
290
502
116
138
464
286
383
563
705
337
617
1010
820
856
266
223
353
748
52
1003
330
882
334
555
468
868
480
323
720
575
347
1012
515
993
516
274
656
498
1046
885
248
918
534
268
296
985
1032
970
560
428
836
697
304
790
225
394
74
269
487
710
434
823
454
936
134
946
730
853
573
761
228
920
3
33
932
309
1011
135
552
497
156
424
512
579
99
441
17
0
339
696
784
648
813
533
870
121
987
262
218
1022
1036
844
963
550
886
439
908
456
601
197
387
894
243
709
59
437
661
275
769
562
975
375
227
532
851
964
350
199
165
777
446
149
46
779
345
817
393
587
787
282
115
96
570
201
292
357
944
136
180
137
540
774
802
111
212
414
67
1044
427
539
504
365
869
187
220
699
630
1006
40
736
242
689
645
796
698
613
72
828
1000
953
88
16
526
254
300
631
519
673
829
602
518
966
911
163
935
194
404
713
177
263
486
6
395
463
146
24
711
189
157
285
390
901
995
368
812
994
130
20
148
558
1031
930
178
968
246
455
541
691
35
123
499
897
78
109
604
369
325
903
846
360
665
419
22
593
501
749
128
92
84
152
508
941
203
207
191
169
69
57
669
379
442
185
1047
517
690
232
107
32
166
945
491
80
514
950
340
147
721
978
9
120
741
523
865
768
763
73
118
66
896
866
528
38
160
880
244
955
219
374
782
595
861
159
496
1005
305
961
1045
1043
472
81
469
105
758
250
276
905
181
333
525
922
280
810
1019
715
281
234
917
396
819
237
893
841
889
129
666
1034
348
1053
566
211
87
490
639
329
567
672
507
956
336
164
610
980
794
919
939
684
726
481
470
1050
827
949
314
448
21
229
179
475
781
834
474
335
306
71
891
947
599
659
703
341
62
344
1038
381
807
912
795
637
764
803
909
310
50
241
273
258
867
183
226
757
327
598
706
28
892
450
848
401
753
649
712
124
445
989
82
4
988
654
49
954
133
83
808
513
222
839
172
302
717
338
91
799
729
633
256
322
127
415
578
680
411
600
662
999
158
752
657
596
615
677
863
576
722
785
625
53
800
459
1018
858
423
902
572
168
990
933
582
10
11
479
288
174
376
89
723
875
773
110
432
98
429
313
667
114
621
170
511
977
704
833
797
176
881
206
646
106
412
937
586
36
346
700
509
668
44
126
328
377
371
731
476
131
467
473
835
1033
332
198
392
210
556
161
48
209
289
93
791
557
1007
23
100
840
580
603
751
397
1023
162
398
29
688
349
770
907
233
845
611
915
1
2
5
8
14
15
18
27
30
31
34
45
54
55
60
65
75
77
85
97
101
103
108
113
122
132
141
142
144
145
150
154
175
190
192
200
202
204
214
215
230
231
239
240
247
249
251
252
253
255
261
264
267
270
272
278
279
283
294
295
298
299
303
308
311
312
315
316
317
319
320
331
342
352
356
358
359
361
362
364
366
367
378
380
382
384
386
399
403
406
408
409
416
418
420
422
425
431
435
436
440
443
447
451
452
453
457
458
462
471
477
478
482
483
489
492
493
494
495
500
503
505
506
520
521
522
524
527
529
530
531
535
538
546
548
549
561
564
568
569
571
583
585
588
590
592
597
605
609
614
618
620
622
624
626
627
632
635
638
641
643
644
651
655
670
671
674
676
678
679
681
682
685
686
695
702
708
718
728
733
737
738
740
742
743
744
745
747
754
759
760
762
765
766
772
775
780
786
789
798
801
804
805
809
811
814
822
825
830
837
842
847
852
854
855
859
862
874
876
878
879
883
890
898
899
921
923
925
926
927
929
934
940
942
943
951
957
958
960
965
967
969
971
974
979
983
984
986
992
998
1002
1004
1009
1014
1015
1017
1020
1021
1027
1028
1030
1035
1049
1052
