528
263
264
194
1028
316
379
358
654
731
237
929
716
275
99
630
553
755
27
641
334
414
972
983
486
301
701
187
665
3
337
965
1053
186
519
317
417
198
586
74
170
215
185
42
458
568
382
801
594
375
924
815
741
420
697
919
153
373
346
953
817
30
1005
0
335
39
932
338
750
11
120
743
500
494
1036
961
342
457
481
551
281
326
453
142
587
559
652
855
633
976
928
881
777
2
122
958
480
957
156
539
228
171
538
620
992
649
71
722
963
964
413
451
211
726
155
625
664
622
786
377
751
285
638
643
41
889
530
5
882
144
831
9
883
348
435
1048
608
391
949
691
105
556
711
190
387
596
540
656
290
754
907
374
212
913
1
997
709
404
383
478
1021
739
434
493
888
597
950
133
115
87
506
323
297
421
659
616
381
940
734
129
242
312
660
760
740
318
138
132
124
490
823
134
517
287
498
648
718
499
939
470
277
1033
455
210
993
904
602
259
177
149
800
825
343
116
240
930
614
510
172
954
162
256
264
780
45
97
646
852
541
143
70
996
262
627
204
460
496
394
380
720
650
637
487
747
765
65
1050
572
130
491
17
991
148
607
474
53
47
273
699
863
221
791
578
899
688
819
289
509
408
13
514
814
938
176
306
730
896
906
93
1017
727
710
76
570
367
925
962
744
842
401
566
489
376
103
67
449
804
18
58
113
370
314
941
767
416
1019
670
944
557
485
476
677
483
362
164
463
909
1006
770
472
446
479
218
916
251
369
840
636
837
758
393
988
192
1047
835
828
161
772
353
507
838
700
987
293
820
461
468
302
471
1034
525
399
818
452
450
392
55
88
81
589
329
873
844
841
371
866
911
160
207
771
305
528
661
936
505
854
266
243
205
406
642
40
444
1024
600
696
354
555
535
610
832
580
783
69
1002
191
926
860
834
714
60
330
994
258
910
872
473
564
181
351
441
307
78
222
902
15
1014
184
681
146
23
931
1012
395
604
352
859
853
891
955
982
231
668
746
745
32
612
511
123
145
901
270
728
1031
585
824
333
183
213
139
257
790
829
757
847
715
6
793
1035
253
385
684
1004
544
629
361
850
85
536
137
121
107
778
1042
737
341
662
569
816
1054
356
764
811
809
274
1007
309
803
657
249
725
680
524
821
985
151
197
1039
890
495
466
16
776
230
761
1046
409
628
735
126
1027
562
549
736
635
64
91
261
238
1001
206
428
969
19
868
563
336
54
248
245
350
388
531
836
695
1022
508
423
537
418
879
914
520
848
752
503
324
12
903
386
196
33
542
779
558
782
208
1026
724
749
501
250
523
861
1020
24
884
319
632
179
61
98
599
812
797
713
80
407
611
671
447
951
598
762
66
127
219
232
263
193
1043
226
794
774
429
974
673
970
865
618
704
682
775
738
77
830
269
300
402
295
742
268
31
405
488
432
241
571
1037
552
390
437
548
527
431
1018
849
201
577
977
166
980
112
104
588
108
912
110
785
44
827
763
102
1025
973
20
756
117
999
344
960
497
239
152
918
807
613
234
945
546
260
438
34
159
601
545
430
136
723
296
173
364
787
875
766
46
683
686
615
169
591
675
621
768
467
195
410
892
886
575
288
235
469
29
419
464
359
880
322
331
822
502
623
75
712
609
856
37
687
220
445
347
200
975
512
640
521
799
748
265
36
180
947
788
456
798
554
534
267
163
1040
118
674
769
43
966
400
895
867
292
971
321
140
942
533
90
174
573
624
978
477
721
224
424
443
692
100
968
284
619
808
51
1044
131
1011
1038
843
603
247
223
26
547
802
663
676
459
28
784
690
948
79
595
209
935
436
227
125
1016
869
689
810
73
698
653
4
7
8
10
14
21
22
25
35
38
48
49
50
52
56
57
59
62
63
68
72
82
83
84
86
89
92
94
95
96
101
106
109
111
114
119
128
135
141
147
150
154
157
158
165
167
168
175
178
182
188
189
199
202
203
214
216
217
225
229
233
236
244
246
252
254
255
271
272
276
278
279
280
282
283
286
291
294
298
299
303
304
308
310
311
313
315
320
325
327
328
332
339
340
345
349
355
357
360
363
365
366
368
372
378
384
389
396
397
398
403
411
412
415
422
425
426
427
433
439
440
442
448
454
462
465
475
482
484
492
504
513
515
516
518
522
526
529
532
543
550
560
561
565
567
574
576
579
581
582
583
584
590
592
593
605
606
617
626
631
634
639
644
645
647
651
655
658
666
667
669
672
678
679
685
693
694
702
703
705
706
707
708
717
719
729
732
733
753
759
773
781
789
792
795
796
805
806
813
826
833
839
845
846
851
857
858
862
864
870
871
874
876
877
878
885
887
893
894
897
898
900
905
908
915
917
920
921
922
923
927
933
934
937
943
946
952
956
959
967
979
981
984
986
989
990
995
998
1000
1003
1008
1009
1010
1013
1015
1023
1029
1030
1032
1041
1045
1049
1051
1052
