528
263
264
290
521
900
966
882
184
887
257
856
869
97
146
459
1020
766
215
277
106
252
817
435
1001
15
968
868
438
506
672
618
1016
673
187
700
331
382
377
388
540
773
1007
143
376
169
693
556
946
241
1054
418
629
805
83
797
183
300
565
902
765
944
760
307
789
715
609
375
697
14
993
605
105
611
372
340
180
173
881
803
142
92
775
99
369
9
989
824
495
360
740
500
405
174
689
932
474
25
271
585
90
34
923
679
206
436
91
177
712
84
301
511
1
452
1006
710
720
531
864
461
628
478
310
59
653
587
867
558
996
380
58
936
447
1043
367
407
711
1049
441
258
624
733
240
790
1051
924
431
774
305
460
311
499
47
727
729
815
991
335
73
1031
590
905
463
56
36
95
1021
396
832
334
243
1023
633
608
526
677
1019
779
115
250
366
781
848
828
13
439
408
940
662
854
937
865
825
362
50
314
517
895
965
151
527
808
1053
752
168
754
701
753
198
722
826
525
304
381
821
325
246
621
744
858
719
484
910
655
635
65
528
343
758
567
850
652
788
897
688
364
116
211
94
917
759
194
398
728
914
509
166
172
297
140
462
613
445
153
904
948
185
507
356
834
293
175
529
999
138
845
745
827
125
72
505
639
659
575
749
574
913
623
761
421
562
951
967
594
583
294
884
972
134
918
386
891
262
320
402
196
896
342
389
327
269
455
849
874
289
10
841
502
889
553
1037
415
272
465
291
880
641
537
588
225
852
217
1032
619
117
101
295
515
104
159
955
839
193
1048
899
288
242
210
332
535
353
863
885
498
607
192
616
437
256
901
66
299
956
953
569
458
893
127
735
406
844
170
120
716
68
108
1045
770
777
128
726
870
665
544
979
906
457
660
443
524
568
54
811
100
859
734
642
470
516
64
822
313
273
840
801
663
347
245
751
1050
994
420
162
469
147
927
29
148
203
16
494
942
772
799
718
229
496
63
24
778
1025
135
756
610
974
205
813
669
394
357
122
38
960
846
554
878
88
62
807
814
990
674
1029
93
263
649
121
409
945
200
341
973
1004
253
368
114
1042
547
842
866
218
1052
33
572
490
31
550
657
791
595
244
315
683
251
552
919
82
702
446
721
970
363
23
164
935
338
53
385
145
922
668
298
259
530
150
190
682
784
212
580
926
130
189
2
504
467
888
767
123
139
514
986
227
219
391
52
982
32
907
12
614
69
786
249
160
234
361
501
281
312
195
220
308
358
851
85
488
503
414
96
429
750
545
615
178
276
473
491
18
274
403
213
374
548
0
604
329
987
449
534
589
598
171
997
209
571
782
284
592
819
317
666
738
261
709
238
578
520
222
392
37
941
908
806
42
704
98
248
306
79
1009
110
17
39
303
961
723
925
1036
680
397
352
909
947
892
131
954
681
857
393
411
275
373
489
27
468
224
199
466
355
783
737
345
836
404
541
133
268
809
476
28
412
188
559
678
450
413
512
326
596
422
1013
518
519
354
714
11
43
691
661
625
336
816
582
746
877
810
440
497
283
126
855
423
61
930
630
695
267
985
154
612
1018
378
963
976
239
671
837
266
860
771
371
428
861
703
1033
586
631
89
264
599
731
282
632
26
76
787
365
636
265
601
103
650
208
532
67
70
379
831
736
602
763
400
383
1027
886
1044
958
112
231
995
339
879
780
109
232
40
182
835
546
952
975
638
155
646
626
230
912
453
732
129
344
699
163
747
191
883
471
938
44
522
1015
931
141
829
197
685
933
557
21
692
296
124
853
730
796
600
764
1026
871
706
873
804
903
564
7
651
401
978
316
454
161
644
676
179
724
228
349
508
119
278
370
427
430
3
4
5
6
8
19
20
22
30
35
41
45
46
48
49
51
55
57
60
71
74
75
77
78
80
81
86
87
102
107
111
113
118
132
136
137
144
149
152
156
157
158
165
167
176
181
186
201
202
204
207
214
216
221
223
226
233
235
236
237
247
254
255
260
270
279
280
285
286
287
292
302
309
318
319
321
322
323
324
328
330
333
337
346
348
350
351
359
384
387
390
395
399
410
416
417
419
424
425
426
432
433
434
442
444
448
451
456
464
472
475
477
479
480
481
482
483
485
486
487
492
493
510
513
523
533
536
538
539
542
543
549
551
555
560
561
563
566
570
573
576
577
579
581
584
591
593
597
603
606
617
620
622
627
634
637
640
643
645
647
648
654
656
658
664
667
670
675
684
686
687
690
694
696
698
705
707
708
713
717
725
739
741
742
743
748
755
757
762
768
769
776
785
792
793
794
795
798
800
802
812
818
820
823
830
833
838
843
847
862
872
875
876
890
894
898
911
915
916
920
921
928
929
934
939
943
949
950
957
959
962
964
969
971
977
980
981
983
984
988
992
998
1000
1002
1003
1005
1008
1010
1011
1012
1014
1017
1022
1024
1028
1030
1034
1035
1038
1039
1040
1041
1046
1047
