528
263
264
842
646
243
702
691
220
662
616
976
747
966
215
185
223
416
283
664
408
268
131
325
999
165
564
73
359
793
547
121
221
939
469
201
198
97
952
801
63
611
517
170
135
471
855
930
730
967
625
186
749
388
932
666
187
5
66
539
884
142
56
162
910
472
189
493
658
468
1003
77
768
636
897
395
225
822
91
1045
210
263
299
440
476
101
614
95
890
411
1006
696
529
409
750
195
746
433
753
914
1007
158
692
540
328
590
1027
997
307
345
478
245
1034
723
256
350
151
698
217
74
745
1021
927
191
53
358
694
247
974
510
566
514
573
900
331
632
311
738
442
446
869
394
962
786
36
460
556
334
136
726
1040
521
295
544
882
3
437
100
452
785
259
779
838
502
665
509
1024
445
701
577
954
534
620
525
813
1
418
340
993
1001
597
45
861
0
455
132
1017
84
1036
924
627
171
127
475
242
989
757
337
860
800
347
752
624
432
239
309
956
915
15
1052
762
996
523
116
512
179
969
676
568
139
1002
828
54
231
836
650
161
80
959
209
888
293
744
458
776
641
1038
916
575
82
673
274
286
791
516
532
875
759
184
38
237
257
942
58
267
975
957
505
402
193
506
306
68
559
114
405
384
711
391
775
313
399
254
623
341
1053
804
329
866
982
284
134
288
852
563
88
1022
980
1012
377
594
507
304
55
821
874
678
484
919
817
979
441
807
129
13
655
305
17
435
619
814
153
826
344
799
808
729
176
700
302
682
145
233
579
336
886
79
603
1000
238
50
444
872
390
787
126
763
595
668
448
815
671
896
443
769
555
734
164
857
18
105
332
482
323
499
360
279
370
693
321
65
316
562
31
550
905
364
864
660
908
200
138
23
659
531
318
182
177
766
887
526
703
372
144
784
600
524
537
508
936
385
37
431
770
19
657
903
107
349
592
41
931
892
59
240
797
262
992
190
362
649
527
634
249
560
439
236
548
771
117
483
211
558
346
754
130
81
119
948
154
314
677
906
856
832
796
427
218
863
725
32
430
317
572
1008
720
862
920
33
940
891
586
326
338
739
970
878
868
873
1043
87
20
1054
591
885
713
109
477
181
596
264
947
707
373
798
368
684
497
606
216
894
429
120
898
49
383
296
447
417
851
991
369
719
605
28
260
986
981
721
805
977
291
994
25
250
829
46
870
780
26
622
998
928
501
929
569
380
163
615
232
400
608
960
197
270
552
565
1041
42
495
877
396
462
690
792
697
167
353
984
604
420
669
758
152
968
425
261
777
168
374
803
945
229
6
244
830
1031
86
727
103
843
687
640
519
812
1030
867
252
742
567
149
379
881
289
683
601
481
599
224
617
494
520
647
543
934
2
802
343
487
123
926
1004
222
172
278
354
147
503
450
1015
451
1035
96
755
43
1019
513
14
561
695
327
70
246
292
585
1032
656
98
8
593
253
633
553
457
820
893
795
35
638
212
554
194
1013
609
173
953
102
921
648
922
743
901
663
1026
536
424
322
16
850
781
436
679
551
280
404
794
381
685
883
642
196
1051
840
407
848
300
465
710
806
613
57
610
545
276
895
140
174
688
312
378
298
988
689
542
628
761
654
584
473
303
941
392
52
674
686
30
4
618
361
333
150
64
273
907
393
528
213
474
985
133
1039
790
714
75
1029
365
818
208
269
963
24
157
557
180
549
235
464
504
835
1044
667
178
871
454
716
764
672
500
854
85
1009
22
1037
251
827
110
918
115
574
788
580
810
265
511
106
789
434
917
833
47
911
12
10
626
899
459
950
847
736
1011
183
728
489
546
310
203
490
69
783
461
1014
635
825
90
342
308
371
44
367
301
113
708
722
48
7
9
11
21
27
29
34
39
40
51
60
61
62
67
71
72
76
78
83
89
92
93
94
99
104
108
111
112
118
122
124
125
128
137
141
143
146
148
155
156
159
160
166
169
175
188
192
199
202
204
205
206
207
214
219
226
227
228
230
234
241
248
255
258
266
271
272
275
277
281
282
285
287
290
294
297
315
319
320
324
330
335
339
348
351
352
355
356
357
363
366
375
376
382
386
387
389
397
398
401
403
406
410
412
413
414
415
419
421
422
423
426
428
438
449
453
456
463
466
467
470
479
480
485
486
488
491
492
496
498
515
518
522
530
533
535
538
541
570
571
576
578
581
582
583
587
588
589
598
602
607
612
621
629
630
631
637
639
643
644
645
651
652
653
661
670
675
680
681
699
704
705
706
709
712
715
717
718
724
731
732
733
735
737
740
741
748
751
756
760
765
767
772
773
774
778
782
809
811
816
819
823
824
831
834
837
839
841
844
845
846
849
853
858
859
865
876
879
880
889
902
904
909
912
913
923
925
933
935
937
938
943
944
946
949
951
955
958
961
964
965
971
972
973
978
983
987
990
995
1005
1010
1016
1018
1020
1023
1025
1028
1033
1042
1046
1047
1048
1049
1050
