175
88
88
1
2
3
5
6
7
8
11
15
17
18
20
22
26
28
29
30
35
36
40
41
43
44
45
47
50
52
54
55
56
60
63
64
65
66
67
68
72
73
75
77
78
79
80
82
84
86
87
89
90
91
95
97
99
100
102
105
108
109
111
112
116
117
121
128
130
132
134
135
136
141
142
144
146
149
151
152
153
154
155
156
157
158
159
165
167
168
169
172
174
176
177
178
184
185
186
190
191
195
196
197
199
201
203
209
211
213
215
216
218
219
220
222
224
226
229
230
232
235
236
237
238
239
240
243
245
247
249
252
254
255
257
258
261
264
267
275
278
279
280
283
284
285
287
289
291
292
293
295
296
297
299
300
303
304
307
310
311
316
320
325
326
327
328
330
332
334
335
337
340
342
344
346
347
348
0
4
16
19
24
31
33
34
37
39
42
57
58
59
61
62
69
70
94
98
103
107
110
113
114
115
118
124
125
126
131
133
137
138
139
140
143
148
160
161
162
166
170
171
183
187
192
198
200
204
205
206
207
208
210
223
225
227
233
242
244
250
260
262
263
266
268
270
272
276
277
281
286
290
294
298
302
308
312
315
317
318
319
331
338
339
341
345
9
10
12
13
14
21
23
25
27
32
38
46
48
49
51
53
71
74
76
81
83
85
88
92
93
96
101
104
106
119
120
122
123
127
129
145
147
150
163
164
173
175
179
180
181
182
188
189
193
194
202
212
214
217
221
228
231
234
241
246
248
251
253
256
259
265
269
271
273
274
282
288
301
305
306
309
313
314
321
322
323
324
329
333
336
343
349
350
