175
88
88
2
5
8
9
11
12
15
17
19
20
21
23
24
25
27
28
29
31
32
33
35
36
38
39
46
48
49
51
52
55
56
57
58
60
61
63
65
69
72
74
75
77
79
80
83
87
88
93
94
95
98
102
106
109
112
117
118
122
123
124
126
127
130
132
136
137
141
144
145
146
147
148
149
150
153
155
160
161
163
164
165
167
170
172
173
176
184
185
186
187
188
190
191
192
194
200
202
203
205
207
208
212
213
214
215
216
217
221
223
225
226
230
232
234
239
241
242
252
254
255
257
261
262
263
264
268
271
272
273
274
276
277
278
280
281
285
287
288
291
292
295
297
298
301
302
304
305
307
308
309
310
311
313
314
315
316
318
319
320
321
323
324
326
328
329
330
331
332
334
337
338
339
345
347
349
1
3
4
10
14
16
18
26
30
34
41
45
47
50
53
62
68
76
81
82
84
85
86
89
96
103
105
107
113
114
116
119
120
121
128
135
139
142
143
151
152
154
158
159
171
174
175
177
183
195
196
197
201
204
211
231
233
235
236
238
240
243
244
246
249
250
251
256
258
259
269
275
279
282
284
290
293
294
303
306
317
325
327
333
336
341
342
343
0
6
7
13
22
37
40
42
43
44
54
59
64
66
67
70
71
73
78
90
91
92
97
99
100
101
104
108
110
111
115
125
129
131
133
134
138
140
156
157
162
166
168
169
178
179
180
181
182
189
193
198
199
206
209
210
218
219
220
222
224
227
228
229
237
245
247
248
253
260
265
266
267
270
283
286
289
296
299
300
312
322
335
340
344
346
348
350
