175
88
88
1
2
4
5
6
7
8
19
20
28
30
31
32
34
36
37
40
42
43
44
45
46
47
48
49
50
53
56
59
61
62
63
65
66
68
72
74
75
78
80
85
86
87
89
90
91
93
97
99
101
102
104
107
108
109
111
112
115
116
117
119
120
121
122
125
127
128
134
135
139
141
143
144
148
151
154
157
160
161
163
164
165
168
170
171
174
177
178
183
184
185
186
188
189
190
192
193
195
197
201
203
204
206
209
212
213
214
215
217
218
220
222
223
224
225
227
228
230
232
233
239
240
241
243
246
249
250
251
252
253
257
260
261
265
269
270
271
277
278
279
280
282
284
285
289
291
293
294
295
296
297
298
299
305
307
308
309
311
312
313
314
315
319
324
325
326
328
329
330
332
335
336
337
343
349
3
10
12
15
17
18
21
22
23
25
26
29
35
39
41
51
54
57
58
60
67
70
71
73
81
84
88
92
95
96
98
100
103
105
113
114
118
124
129
131
140
146
147
152
153
155
156
158
159
173
180
181
187
198
200
202
205
207
216
219
221
226
231
237
238
247
259
262
267
272
274
276
283
286
300
301
302
304
317
320
321
322
323
327
334
338
340
344
0
9
11
13
14
16
24
27
33
38
52
55
64
69
76
77
79
82
83
94
106
110
123
126
130
132
133
136
137
138
142
145
149
150
162
166
167
169
172
175
176
179
182
191
194
196
199
208
210
211
229
234
235
236
242
244
245
248
254
255
256
258
263
264
266
268
273
275
281
287
288
290
292
303
306
310
316
318
331
333
339
341
342
345
346
347
348
350
