175
88
88
0
1
2
3
4
5
8
10
11
12
13
14
16
17
18
19
23
24
27
29
30
33
34
35
36
40
41
43
44
46
50
51
58
61
62
66
67
71
73
75
77
79
80
81
83
85
86
93
96
97
104
107
108
109
110
111
112
116
118
120
123
125
126
129
130
135
137
138
139
142
144
146
149
150
152
154
155
156
157
158
160
161
164
166
167
168
170
175
179
182
184
187
188
189
191
194
201
204
209
210
212
215
216
217
218
219
221
222
226
230
231
232
233
234
235
236
237
239
246
247
249
252
253
254
255
260
261
263
264
269
270
271
272
275
276
278
279
280
282
283
284
286
289
294
295
298
300
302
304
306
310
312
315
316
317
319
320
325
327
328
329
330
331
333
334
335
337
340
341
343
344
345
347
348
350
9
25
28
31
32
38
39
42
47
48
53
57
69
70
72
82
84
87
88
91
94
95
98
99
105
115
117
119
121
127
128
131
143
147
148
151
163
165
169
172
174
177
178
180
183
185
192
193
195
197
202
203
207
211
227
242
243
244
251
256
257
262
265
267
273
277
285
288
290
291
292
296
301
303
307
309
311
313
314
318
322
323
324
326
336
338
346
349
6
7
15
20
21
22
26
37
45
49
52
54
55
56
59
60
63
64
65
68
74
76
78
89
90
92
100
101
102
103
106
113
114
122
124
132
133
134
136
140
141
145
153
159
162
171
173
176
181
186
190
196
198
199
200
205
206
208
213
214
220
223
224
225
228
229
238
240
241
245
248
250
258
259
266
268
274
281
287
293
297
299
305
308
321
332
339
342
