175
88
88
6
7
8
9
12
13
14
15
16
18
19
20
37
38
39
40
42
44
47
49
55
56
59
60
61
63
64
67
70
71
75
77
78
81
83
85
86
87
89
92
97
99
101
102
108
110
111
112
114
115
116
117
118
119
120
121
122
123
124
125
126
127
128
129
130
131
132
134
135
137
139
140
141
142
145
147
148
149
153
154
160
162
164
167
169
171
174
177
179
181
182
187
189
191
193
194
196
197
198
200
201
203
204
208
209
210
214
217
220
221
225
227
229
230
231
234
235
236
242
243
246
247
249
252
253
256
260
263
264
266
267
268
272
274
275
277
278
279
280
283
285
286
287
288
290
291
293
299
301
303
305
306
307
309
314
315
317
318
319
320
321
322
323
324
327
332
334
335
338
339
340
342
343
344
345
3
10
17
23
27
28
29
32
33
36
50
52
58
62
66
68
76
79
84
88
90
93
95
98
103
104
106
109
113
138
143
146
150
151
156
159
161
163
165
168
172
175
180
183
185
190
192
195
199
206
212
213
215
222
224
239
240
244
245
248
255
257
258
259
262
265
270
271
273
276
282
289
292
296
298
300
302
308
310
312
313
316
328
337
346
347
349
350
0
1
2
4
5
11
21
22
24
25
26
30
31
34
35
41
43
45
46
48
51
53
54
57
65
69
72
73
74
80
82
91
94
96
100
105
107
133
136
144
152
155
157
158
166
170
173
176
178
184
186
188
202
205
207
211
216
218
219
223
226
228
232
233
237
238
241
250
251
254
261
269
281
284
294
295
297
304
311
325
326
329
330
331
333
336
341
348
