2300
1150
1151
0
4
6
9
13
14
17
18
19
21
22
23
24
31
32
34
35
36
37
41
45
47
53
57
58
59
62
65
66
68
69
70
71
72
74
75
82
88
89
92
93
94
95
96
98
99
101
102
103
104
110
111
113
116
117
119
121
122
123
125
126
127
128
129
133
134
135
137
139
140
141
144
147
151
159
160
161
163
168
169
171
172
175
177
183
184
188
190
195
198
199
200
207
208
209
214
215
216
217
218
221
222
225
226
227
228
229
230
233
234
235
237
238
240
241
244
247
248
249
250
251
252
253
254
256
258
261
263
265
271
272
273
274
275
276
283
284
285
287
290
293
294
296
298
299
300
303
308
309
311
312
315
317
321
322
324
328
329
331
332
333
334
335
336
337
338
342
344
353
354
355
356
361
367
371
372
373
375
377
378
379
380
381
382
383
384
385
386
388
397
399
400
402
403
405
406
407
409
410
411
413
414
415
418
421
422
424
431
433
435
438
442
443
446
448
450
451
455
456
458
460
463
466
470
475
477
478
485
486
487
488
492
493
494
495
497
499
501
503
506
507
513
514
515
516
518
519
520
521
524
525
526
527
529
535
536
539
540
542
543
546
551
552
555
557
559
561
562
563
566
567
572
576
577
578
582
583
588
590
594
596
597
598
599
601
602
603
608
611
614
616
621
626
629
631
632
636
637
638
639
641
642
647
648
651
655
658
659
661
662
665
667
669
670
671
674
675
676
678
679
680
681
682
683
684
685
686
688
691
692
693
695
698
699
702
703
705
706
707
708
709
710
712
713
714
715
716
718
722
729
730
731
739
741
743
744
746
747
748
749
750
751
752
755
756
757
758
760
762
766
767
771
772
773
774
775
776
778
780
785
787
789
790
791
793
794
796
797
799
800
802
805
806
807
811
815
816
817
821
823
826
828
829
831
832
835
837
838
842
843
846
849
852
853
862
864
867
869
872
873
875
876
877
878
879
880
881
882
884
888
891
892
895
896
899
900
903
906
907
909
912
914
915
916
919
920
921
923
927
929
932
933
934
936
937
938
940
941
942
944
945
950
951
952
954
955
958
962
964
966
967
968
970
973
978
980
981
982
985
987
993
994
995
999
1000
1001
1003
1004
1005
1009
1010
1011
1013
1018
1019
1022
1023
1024
1028
1029
1030
1032
1033
1035
1036
1038
1042
1043
1044
1047
1050
1051
1052
1053
1057
1058
1059
1063
1065
1066
1068
1071
1072
1073
1074
1077
1078
1080
1082
1083
1084
1085
1088
1089
1090
1091
1092
1093
1094
1095
1096
1097
1101
1102
1103
1104
1107
1109
1112
1113
1115
1116
1117
1119
1120
1123
1127
1130
1133
1134
1137
1139
1140
1143
1146
1147
1148
1149
1152
1155
1158
1161
1165
1170
1172
1173
1174
1180
1185
1186
1189
1190
1191
1192
1195
1196
1197
1198
1205
1206
1209
1210
1211
1212
1214
1216
1217
1219
1220
1221
1222
1223
1224
1228
1229
1231
1232
1233
1235
1237
1238
1241
1242
1243
1247
1249
1251
1252
1254
1256
1259
1260
1261
1265
1269
1270
1272
1275
1276
1277
1279
1280
1281
1288
1289
1293
1296
1298
1301
1304
1305
1307
1308
1310
1312
1314
1315
1317
1321
1322
1325
1326
1327
1329
1330
1331
1333
1338
1339
1341
1342
1343
1345
1348
1350
1351
1353
1358
1360
1361
1362
1363
1364
1367
1368
1369
1370
1371
1372
1375
1377
1378
1379
1380
1381
1382
1383
1385
1390
1391
1392
1393
1397
1399
1406
1409
1410
1412
1415
1418
1419
1422
1423
1424
1425
1426
1429
1435
1436
1437
1441
1445
1447
1448
1451
1452
1453
1454
1455
1457
1461
1462
1464
1467
1471
1472
1474
1476
1479
1480
1481
1482
1484
1487
1488
1490
1493
1497
1499
1500
1503
1504
1507
1509
1511
1512
1516
1517
1520
1521
1524
1525
1532
1534
1536
1539
1540
1543
1545
1548
1549
1551
1552
1555
1556
1557
1561
1563
1565
1566
1567
1568
1569
1576
1578
1579
1580
1582
1584
1586
1588
1590
1591
1592
1593
1596
1597
1599
1602
1603
1604
1605
1606
1608
1609
1614
1615
1616
1617
1618
1622
1623
1624
1628
1629
1630
1633
1634
1635
1637
1639
1640
1642
1644
1646
1650
1652
1653
1654
1656
1657
1659
1660
1662
1663
1668
1672
1674
1675
1676
1678
1680
1681
1682
1685
1687
1688
1694
1695
1696
1701
1702
1703
1705
1706
1708
1711
1712
1713
1714
1717
1718
1721
1723
1726
1727
1728
1730
1732
1733
1735
1737
1738
1741
1742
1743
1744
1745
1747
1748
1749
1750
1752
1758
1760
1764
1765
1766
1767
1768
1769
1770
1772
1775
1776
1783
1784
1785
1787
1788
1792
1795
1796
1797
1799
1800
1802
1803
1804
1809
1810
1814
1815
1816
1817
1818
1819
1820
1821
1825
1826
1827
1829
1831
1832
1835
1836
1838
1839
1841
1842
1844
1846
1847
1848
1849
1850
1851
1855
1857
1858
1859
1861
1862
1864
1866
1871
1873
1874
1877
1878
1879
1880
1882
1884
1885
1887
1889
1890
1891
1892
1893
1894
1895
1897
1898
1905
1908
1910
1911
1912
1916
1919
1922
1924
1926
1929
1930
1932
1934
1935
1936
1938
1939
1940
1941
1944
1947
1948
1949
1950
1951
1952
1953
1954
1957
1958
1960
1963
1964
1965
1966
1968
1969
1970
1971
1973
1974
1976
1979
1984
1987
1988
1990
1992
1993
1996
1999
2000
2001
2003
2005
2006
2011
2012
2014
2015
2016
2018
2019
2020
2022
2024
2026
2028
2029
2030
2031
2032
2033
2034
2035
2037
2039
2040
2043
2052
2053
2054
2055
2058
2059
2062
2064
2065
2068
2069
2071
2072
2078
2080
2083
2084
2088
2089
2090
2092
2095
2099
2100
2102
2103
2104
2105
2106
2109
2111
2115
2117
2118
2120
2121
2122
2124
2125
2126
2129
2132
2135
2138
2139
2140
2142
2143
2147
2148
2153
2156
2157
2159
2161
2163
2165
2166
2167
2169
2172
2173
2177
2178
2179
2182
2183
2186
2188
2189
2191
2193
2194
2195
2196
2197
2198
2199
2202
2204
2205
2207
2208
2209
2210
2211
2213
2214
2216
2217
2218
2222
2223
2226
2227
2229
2231
2232
2233
2234
2236
2239
2240
2241
2243
2244
2246
2249
2250
2254
2256
2257
2260
2261
2263
2264
2265
2268
2269
2270
2272
2273
2274
2276
2277
2278
2279
2280
2281
2282
2283
2285
2286
2288
2289
2291
2293
2296
2297
2301
2303
2306
2307
2310
2312
2313
2314
2315
2316
2318
2321
2322
2326
2327
2328
2330
2333
2334
2335
2336
2338
2339
2340
2343
2344
2346
2347
2348
2350
2352
2353
2355
2356
2358
2360
2361
2369
2371
2373
2375
2376
2378
2379
2380
2382
2387
2391
2392
2394
2396
2398
2399
2401
2402
2403
2404
2407
2408
2411
2412
2414
2417
2418
2419
2420
2421
2423
2424
2425
2426
2428
2433
2434
2435
2438
2439
2440
2444
2445
2450
2453
2455
2457
2459
2460
2462
2463
2466
2468
2469
2471
2472
2474
2476
2480
2483
2485
2486
2493
2497
2500
2502
2505
2506
2508
2509
2514
2517
2518
2521
2522
2524
2525
2527
2528
2529
2533
2534
2536
2537
2538
2539
2540
2542
2543
2547
2551
2552
2553
2554
2556
2557
2561
2563
2564
2567
2568
2571
2572
2574
2575
2577
2578
2580
2581
2583
2584
2585
2586
2587
2591
2592
2593
2595
2598
2599
2601
2603
2605
2606
2609
2611
2612
2616
2618
2622
2623
2624
2625
2626
2627
2628
2629
2630
2634
2635
2636
2639
2641
2643
2644
2645
2649
2650
2651
2652
2653
2655
2659
2660
2661
2665
2666
2667
2669
2670
2671
2672
2673
2676
2680
2684
2685
2686
2689
2690
2691
2692
2696
2698
2699
2700
2701
2702
2703
2705
2706
2707
2709
2712
2716
2717
2718
2719
2720
2721
2725
2727
2733
2735
2736
2738
2745
2748
2749
2750
2751
2754
2755
2756
2759
2765
2766
2767
2768
2769
2770
2771
2772
2774
2775
2776
2777
2778
2780
2781
2782
2786
2787
2790
2793
2794
2798
2800
2802
2803
2804
2805
2806
2808
2812
2813
2816
2817
2818
2820
2822
2825
2826
2828
2829
2831
2832
2841
2844
2845
2846
2847
2848
2849
2850
2851
2852
2856
2857
2861
2865
2866
2868
2869
2871
2872
2876
2880
2882
2883
2884
2887
2890
2892
2893
2896
2897
2898
2900
2901
2902
2903
2904
2905
2906
2907
2908
2909
2910
2912
2913
2914
2915
2917
2918
2919
2924
2927
2928
2932
2933
2935
2938
2939
2940
2942
2943
2944
2947
2950
2951
2961
2962
2963
2968
2969
2970
2971
2973
2975
2977
2978
2979
2981
2982
2984
2985
2988
2990
2991
2992
2993
2996
2998
2999
3000
3002
3003
3006
3009
3013
3014
3015
3017
3018
3021
3023
3024
3028
3029
3030
3032
3033
3038
3041
3042
3043
3048
3049
3050
3051
3056
3057
3058
3059
3060
3061
3063
3069
3070
3072
3073
3075
3076
3077
3078
3079
3080
3082
3083
3087
3088
3089
3090
3091
3093
3094
3095
3096
3097
3098
3099
3100
3101
3102
3103
3104
3105
3106
3107
3108
3109
3114
3115
3117
3119
3120
3121
3122
3123
3145
3148
3149
3150
3152
3162
3163
3164
3166
3167
3168
3169
3170
3171
3172
3173
3175
3177
3180
3182
3183
3184
3187
3188
3190
3191
3192
3194
3197
3200
3202
3204
3205
3207
3211
3214
3215
3217
3218
3220
3226
3227
3228
3232
3234
3238
3239
3240
3241
3242
3243
3244
3246
3248
3252
3253
3255
3258
3259
3260
3261
3264
3265
3266
3267
3268
3269
3273
3275
3280
3282
3283
3284
3287
3290
3293
3294
3298
3299
3301
3302
3303
3304
3305
3309
3312
3325
3327
3331
3335
3337
3339
3340
3343
3346
3349
3357
3358
3362
3367
3368
3369
3371
3372
3376
3377
3380
3381
3382
3383
3384
3385
3387
3390
3391
3392
3394
3399
3402
3403
3404
3406
3407
3410
3411
3413
3414
3415
3417
3418
3419
3420
3423
3424
3426
3428
3429
3430
3432
3435
3440
3445
3447
3448
3449
3456
3461
3462
3465
3469
3470
3471
3477
3478
3479
3483
3485
3489
3490
3493
3498
3499
3505
3506
3508
3509
3510
3512
3513
3514
3515
3517
3519
3522
3524
3525
3528
3532
3539
3541
3542
3543
3545
3546
3549
3552
3553
3554
3555
3557
3558
3560
3562
3563
3564
3569
3570
3572
3573
3575
3576
3577
3578
3580
3581
3582
3583
3584
3585
3586
3588
3589
3590
3591
3592
3594
3595
3596
3597
3598
3599
3600
3601
3602
3603
3604
3607
3608
3609
3612
3613
3614
3615
3616
3618
3620
3621
3622
3623
3625
3626
3632
3635
3636
3644
3659
3665
3672
3678
3679
3692
3694
3695
3696
3697
3698
3700
3703
3704
3705
3706
3709
3710
3711
3712
3713
3714
3715
3716
3721
3724
3725
3726
3729
3730
3731
3732
3739
3745
3746
3749
3750
3751
3752
3756
3759
3760
3761
3762
3767
3768
3769
3772
3773
3775
3776
3781
3783
3785
3787
3789
3790
3791
3792
3793
3797
3799
3801
3805
3812
3813
3814
3820
3822
3825
3830
3831
3832
3833
3834
3836
3841
3843
3844
3846
3851
3852
3854
3858
3859
3860
3861
3863
3866
3867
3868
3869
3870
3871
3872
3873
3874
3878
3880
3881
3885
3887
3891
3892
3894
3896
3903
3904
3905
3907
3910
3912
3914
3916
3919
3921
3922
3923
3924
3925
3926
3932
3933
3935
3936
3939
3941
3943
3946
3951
3957
3958
3959
3961
3967
3968
3969
3976
3980
3981
3990
3997
3998
3999
4000
4003
4004
4007
4008
4009
4015
4016
4019
4020
4021
4022
4028
4029
4030
4031
4033
4035
4037
4041
4042
4045
4046
4048
4052
4054
4059
4065
4066
4067
4070
4072
4075
4076
4077
4080
4081
4083
4084
4086
4091
4093
4094
4095
4096
4097
4098
4100
4101
4103
4113
4114
4115
4116
4117
4120
4121
4122
4123
4125
4126
4131
4132
4134
4135
4138
4139
4140
4141
4148
4152
4153
4154
4156
4158
4159
4160
4162
4163
4164
4165
4168
4169
4172
4173
4174
4175
4176
4177
4178
4180
4184
4186
4187
4189
4193
4194
4198
4202
4203
4204
4207
4208
4210
4213
4215
4217
4218
4220
4221
4224
4226
4227
4228
4230
4233
4234
4235
4236
4238
4240
4241
4242
4244
4246
4247
4250
4251
4252
4254
4255
4258
4260
4264
4265
4271
4272
4274
4275
4279
4284
4288
4292
4294
4296
4297
4298
4300
4302
4305
4307
4309
4311
4312
4313
4315
4316
4318
4319
4320
4323
4324
4328
4331
4332
4333
4334
4337
4340
4343
4344
4345
4349
4350
4352
4353
4354
4355
4356
4361
4363
4365
4366
4368
4370
4373
4374
4376
4379
4380
4382
4384
4385
4391
4392
4393
4394
4397
4398
4399
4400
4402
4403
4406
4407
4409
4412
4417
4419
4420
4426
4427
4429
4431
4433
4434
4436
4438
4439
4443
4446
4452
4453
4454
4455
4456
4458
4461
4462
4463
4469
4479
4480
4482
4483
4487
4488
4489
4490
4493
4494
4495
4496
4497
4502
4503
4506
4507
4508
4510
4512
4515
4517
4519
4520
4521
4523
4533
4536
4539
4542
4546
4547
4554
4558
4559
4560
4561
4563
4564
4565
4566
4569
4571
4574
4575
4577
4578
4579
4584
4585
4586
4588
4589
4590
4593
4595
4596
4598
3
5
7
8
10
12
15
16
30
38
39
43
48
49
50
51
52
54
56
61
64
67
80
81
84
86
91
97
100
105
108
109
112
115
131
136
138
145
150
153
157
158
164
167
174
176
178
182
185
186
187
189
191
194
206
211
212
213
220
223
231
239
245
246
259
262
264
267
270
277
278
279
280
282
288
295
297
304
306
307
314
325
339
340
341
346
349
352
357
360
365
392
393
394
396
401
404
408
420
423
425
427
429
430
432
437
439
440
447
452
457
459
461
465
467
469
471
472
473
476
480
490
496
498
502
505
508
509
512
517
523
528
530
532
533
534
538
550
553
556
558
560
565
568
569
571
574
581
585
591
592
595
600
604
605
606
607
609
612
613
615
619
620
625
627
628
633
635
640
645
650
653
654
656
657
660
664
666
673
687
700
701
704
711
717
721
723
725
727
733
734
735
736
738
742
745
753
759
761
764
777
783
792
803
810
812
813
814
820
825
833
844
845
848
855
856
860
861
863
865
866
870
886
887
893
897
898
901
902
904
911
917
922
926
930
939
943
947
948
957
959
965
969
974
975
976
977
983
986
989
996
997
1002
1007
1012
1015
1017
1026
1031
1034
1037
1039
1040
1041
1046
1048
1054
1055
1061
1062
1069
1087
1099
1105
1108
1118
1122
1125
1135
1138
1145
1151
1153
1156
1162
1163
1166
1168
1179
1181
1182
1183
1187
1193
1200
1203
1207
1208
1213
1230
1234
1239
1240
1245
1248
1253
1255
1257
1263
1264
1266
1267
1268
1273
1274
1278
1282
1283
1284
1285
1287
1291
1292
1294
1295
1297
1299
1300
1302
1306
1313
1316
1318
1319
1332
1334
1340
1344
1346
1347
1349
1354
1357
1359
1365
1384
1387
1388
1395
1398
1401
1402
1404
1411
1414
1427
1432
1434
1440
1442
1444
1449
1450
1458
1459
1460
1463
1469
1473
1475
1478
1483
1485
1491
1495
1498
1502
1506
1513
1518
1519
1522
1523
1527
1529
1530
1531
1533
1537
1538
1541
1542
1546
1550
1553
1554
1560
1570
1572
1575
1581
1583
1585
1587
1598
1600
1601
1607
1611
1621
1625
1626
1636
1641
1643
1647
1649
1658
1671
1673
1683
1684
1689
1690
1691
1697
1698
1704
1707
1710
1715
1716
1719
1720
1722
1724
1725
1729
1731
1734
1739
1753
1754
1755
1756
1771
1774
1777
1779
1780
1782
1786
1793
1794
1801
1805
1806
1807
1811
1812
1822
1823
1833
1837
1840
1843
1852
1856
1867
1868
1869
1872
1876
1881
1883
1886
1888
1896
1900
1901
1902
1903
1907
1913
1915
1917
1920
1931
1942
1945
1955
1956
1967
1975
1977
1981
1982
1985
1989
1991
1995
1998
2002
2013
2023
2025
2036
2049
2051
2057
2060
2063
2066
2067
2077
2085
2091
2093
2096
2097
2101
2107
2113
2116
2128
2130
2141
2144
2145
2146
2149
2150
2152
2154
2155
2164
2168
2174
2175
2176
2190
2192
2200
2203
2212
2219
2220
2225
2242
2247
2251
2252
2253
2255
2259
2284
2287
2290
2292
2298
2299
2300
2309
2317
2331
2337
2342
2345
2351
2354
2357
2359
2362
2365
2366
2370
2381
2383
2384
2385
2388
2389
2390
2393
2397
2422
2427
2430
2431
2432
2441
2446
2447
2448
2449
2452
2458
2465
2467
2473
2475
2477
2481
2482
2484
2490
2494
2495
2496
2498
2499
2501
2503
2507
2510
2512
2513
2516
2519
2523
2526
2530
2535
2541
2550
2558
2559
2560
2562
2565
2566
2570
2576
2579
2590
2594
2597
2602
2604
2607
2615
2617
2619
2631
2637
2642
2646
2656
2657
2674
2675
2678
2681
2687
2688
2693
2695
2704
2711
2715
2723
2729
2730
2731
2739
2740
2742
2746
2747
2752
2753
2760
2773
2785
2789
2791
2795
2796
2797
2799
2801
2809
2811
2814
2821
2823
2827
2830
2833
2836
2842
2853
2855
2863
2867
2870
2873
2874
2877
2885
2888
2891
2895
2899
2911
2916
2920
2921
2925
2930
2934
2936
2937
2941
2945
2948
2952
2953
2954
2956
2957
2960
2965
2966
2980
2986
2987
2989
2994
3008
3010
3020
3025
3026
3027
3035
3037
3039
3040
3044
3046
3053
3054
3062
3064
3065
3066
3067
3068
3074
3081
3085
3086
3111
3112
3118
3125
3136
3137
3138
3139
3140
3141
3142
3143
3144
3147
3151
3153
3154
3157
3159
3160
3176
3189
3198
3199
3203
3206
3208
3209
3216
3221
3222
3223
3229
3230
3235
3236
3245
3249
3257
3263
3270
3271
3272
3276
3281
3286
3289
3291
3292
3295
3296
3297
3308
3310
3311
3314
3315
3316
3318
3319
3320
3322
3323
3324
3328
3329
3330
3332
3342
3351
3352
3355
3356
3359
3363
3364
3365
3375
3386
3388
3389
3395
3397
3398
3405
3408
3416
3421
3422
3425
3427
3433
3436
3439
3441
3442
3444
3450
3451
3452
3453
3454
3455
3460
3463
3464
3472
3473
3474
3475
3480
3481
3495
3500
3503
3511
3518
3520
3523
3527
3530
3537
3540
3551
3556
3565
3567
3574
3587
3611
3617
3624
3634
3637
3652
3653
3654
3655
3656
3657
3658
3660
3661
3662
3663
3664
3666
3667
3668
3669
3670
3671
3673
3675
3682
3685
3686
3687
3688
3689
3691
3693
3699
3702
3707
3717
3720
3723
3727
3733
3735
3738
3740
3741
3742
3743
3744
3748
3757
3765
3766
3774
3778
3779
3782
3784
3786
3794
3798
3802
3806
3809
3810
3811
3816
3819
3824
3828
3835
3838
3848
3853
3855
3856
3857
3862
3865
3875
3877
3879
3884
3886
3888
3895
3897
3898
3899
3900
3902
3906
3908
3915
3929
3934
3940
3942
3945
3947
3949
3954
3956
3962
3963
3965
3972
3973
3975
3978
3979
3984
3985
3987
3988
3989
3991
3992
3993
3994
3996
4001
4006
4013
4014
4017
4018
4024
4025
4032
4034
4036
4038
4039
4040
4043
4047
4058
4060
4061
4062
4063
4078
4079
4082
4085
4087
4089
4099
4102
4111
4112
4119
4130
4136
4137
4142
4143
4144
4145
4146
4147
4149
4150
4151
4157
4166
4170
4183
4185
4188
4191
4196
4197
4199
4201
4205
4206
4209
4212
4214
4216
4223
4225
4229
4231
4243
4248
4253
4256
4257
4262
4263
4268
4276
4282
4285
4286
4289
4290
4291
4293
4295
4301
4306
4317
4325
4329
4336
4341
4346
4347
4348
4351
4359
4362
4364
4367
4369
4377
4389
4395
4404
4421
4422
4424
4432
4435
4441
4442
4444
4447
4450
4459
4467
4468
4470
4473
4474
4475
4476
4477
4478
4499
4505
4511
4524
4525
4528
4530
4531
4537
4540
4541
4543
4548
4550
4553
4562
4567
4573
4576
4580
4582
4583
4587
4594
4597
4599
1
2
11
20
25
26
27
28
29
33
40
42
44
46
55
60
63
73
76
77
78
79
83
85
87
90
106
107
114
118
120
124
130
132
142
143
146
148
149
152
154
155
156
162
165
166
170
173
179
180
181
192
193
196
197
201
202
203
204
205
210
219
224
232
236
242
243
255
257
260
266
268
269
281
286
289
291
292
301
302
305
310
313
316
318
319
320
323
326
327
330
343
345
347
348
350
351
358
359
362
363
364
366
368
369
370
374
376
387
389
390
391
395
398
412
416
417
419
426
428
434
436
441
444
445
449
453
454
462
464
468
474
479
481
482
483
484
489
491
500
504
510
511
522
531
537
541
544
545
547
548
549
554
564
570
573
575
579
580
584
586
587
589
593
610
617
618
622
623
624
630
634
643
644
646
649
652
663
668
672
677
689
690
694
696
697
719
720
724
726
728
732
737
740
754
763
765
768
769
770
779
781
782
784
786
788
795
798
801
804
808
809
818
819
822
824
827
830
834
836
839
840
841
847
850
851
854
857
858
859
868
871
874
883
885
889
890
894
905
908
910
913
918
924
925
928
931
935
946
949
953
956
960
961
963
971
972
979
984
988
990
991
992
998
1006
1008
1014
1016
1020
1021
1025
1027
1045
1049
1056
1060
1064
1067
1070
1075
1076
1079
1081
1086
1098
1100
1106
1110
1111
1114
1121
1124
1126
1128
1129
1131
1132
1136
1141
1142
1144
1150
1154
1157
1159
1160
1164
1167
1169
1171
1175
1176
1177
1178
1184
1188
1194
1199
1201
1202
1204
1215
1218
1225
1226
1227
1236
1244
1246
1250
1258
1262
1271
1286
1290
1303
1309
1311
1320
1323
1324
1328
1335
1336
1337
1352
1355
1356
1366
1373
1374
1376
1386
1389
1394
1396
1400
1403
1405
1407
1408
1413
1416
1417
1420
1421
1428
1430
1431
1433
1438
1439
1443
1446
1456
1465
1466
1468
1470
1477
1486
1489
1492
1494
1496
1501
1505
1508
1510
1514
1515
1526
1528
1535
1544
1547
1558
1559
1562
1564
1571
1573
1574
1577
1589
1594
1595
1610
1612
1613
1619
1620
1627
1631
1632
1638
1645
1648
1651
1655
1661
1664
1665
1666
1667
1669
1670
1677
1679
1686
1692
1693
1699
1700
1709
1736
1740
1746
1751
1757
1759
1761
1762
1763
1773
1778
1781
1789
1790
1791
1798
1808
1813
1824
1828
1830
1834
1845
1853
1854
1860
1863
1865
1870
1875
1899
1904
1906
1909
1914
1918
1921
1923
1925
1927
1928
1933
1937
1943
1946
1959
1961
1962
1972
1978
1980
1983
1986
1994
1997
2004
2007
2008
2009
2010
2017
2021
2027
2038
2041
2042
2044
2045
2046
2047
2048
2050
2056
2061
2070
2073
2074
2075
2076
2079
2081
2082
2086
2087
2094
2098
2108
2110
2112
2114
2119
2123
2127
2131
2133
2134
2136
2137
2151
2158
2160
2162
2170
2171
2180
2181
2184
2185
2187
2201
2206
2215
2221
2224
2228
2230
2235
2237
2238
2245
2248
2258
2262
2266
2267
2271
2275
2294
2295
2302
2304
2305
2308
2311
2319
2320
2323
2324
2325
2329
2332
2341
2349
2363
2364
2367
2368
2372
2374
2377
2386
2395
2400
2405
2406
2409
2410
2413
2415
2416
2429
2436
2437
2442
2443
2451
2454
2456
2461
2464
2470
2478
2479
2487
2488
2489
2491
2492
2504
2511
2515
2520
2531
2532
2544
2545
2546
2548
2549
2555
2569
2573
2582
2588
2589
2596
2600
2608
2610
2613
2614
2620
2621
2632
2633
2638
2640
2647
2648
2654
2658
2662
2663
2664
2668
2677
2679
2682
2683
2694
2697
2708
2710
2713
2714
2722
2724
2726
2728
2732
2734
2737
2741
2743
2744
2757
2758
2761
2762
2763
2764
2779
2783
2784
2788
2792
2807
2810
2815
2819
2824
2834
2835
2837
2838
2839
2840
2843
2854
2858
2859
2860
2862
2864
2875
2878
2879
2881
2886
2889
2894
2922
2923
2926
2929
2931
2946
2949
2955
2958
2959
2964
2967
2972
2974
2976
2983
2995
2997
3001
3004
3005
3007
3011
3012
3016
3019
3022
3031
3034
3036
3045
3047
3052
3055
3071
3084
3092
3110
3113
3116
3124
3126
3127
3128
3129
3130
3131
3132
3133
3134
3135
3146
3155
3156
3158
3161
3165
3174
3178
3179
3181
3185
3186
3193
3195
3196
3201
3210
3212
3213
3219
3224
3225
3231
3233
3237
3247
3250
3251
3254
3256
3262
3274
3277
3278
3279
3285
3288
3300
3306
3307
3313
3317
3321
3326
3333
3334
3336
3338
3341
3344
3345
3347
3348
3350
3353
3354
3360
3361
3366
3370
3373
3374
3378
3379
3393
3396
3400
3401
3409
3412
3431
3434
3437
3438
3443
3446
3457
3458
3459
3466
3467
3468
3476
3482
3484
3486
3487
3488
3491
3492
3494
3496
3497
3501
3502
3504
3507
3516
3521
3526
3529
3531
3533
3534
3535
3536
3538
3544
3547
3548
3550
3559
3561
3566
3568
3571
3579
3593
3605
3606
3610
3619
3627
3628
3629
3630
3631
3633
3638
3639
3640
3641
3642
3643
3645
3646
3647
3648
3649
3650
3651
3674
3676
3677
3680
3681
3683
3684
3690
3701
3708
3718
3719
3722
3728
3734
3736
3737
3747
3753
3754
3755
3758
3763
3764
3770
3771
3777
3780
3788
3795
3796
3800
3803
3804
3807
3808
3815
3817
3818
3821
3823
3826
3827
3829
3837
3839
3840
3842
3845
3847
3849
3850
3864
3876
3882
3883
3889
3890
3893
3901
3909
3911
3913
3917
3918
3920
3927
3928
3930
3931
3937
3938
3944
3948
3950
3952
3953
3955
3960
3964
3966
3970
3971
3974
3977
3982
3983
3986
3995
4002
4005
4010
4011
4012
4023
4026
4027
4044
4049
4050
4051
4053
4055
4056
4057
4064
4068
4069
4071
4073
4074
4088
4090
4092
4104
4105
4106
4107
4108
4109
4110
4118
4124
4127
4128
4129
4133
4155
4161
4167
4171
4179
4181
4182
4190
4192
4195
4200
4211
4219
4222
4232
4237
4239
4245
4249
4259
4261
4266
4267
4269
4270
4273
4277
4278
4280
4281
4283
4287
4299
4303
4304
4308
4310
4314
4321
4322
4326
4327
4330
4335
4338
4339
4342
4357
4358
4360
4371
4372
4375
4378
4381
4383
4386
4387
4388
4390
4396
4401
4405
4408
4410
4411
4413
4414
4415
4416
4418
4423
4425
4428
4430
4437
4440
4445
4448
4449
4451
4457
4460
4464
4465
4466
4471
4472
4481
4484
4485
4486
4491
4492
4498
4500
4501
4504
4509
4513
4514
4516
4518
4522
4526
4527
4529
4532
4534
4535
4538
4544
4545
4549
4551
4552
4555
4556
4557
4568
4570
4572
4581
4591
4592
4600
