2300
1150
1151
2
4
5
6
8
9
10
11
13
14
15
16
17
18
19
20
24
27
29
35
37
38
40
41
43
46
47
48
50
52
53
54
55
56
58
59
60
64
65
66
67
68
69
71
73
76
77
80
81
82
84
86
89
91
92
96
97
98
101
102
104
106
107
109
113
114
117
118
119
122
128
129
132
133
137
139
140
141
143
144
145
147
149
152
155
157
158
163
166
169
171
172
175
176
177
178
179
184
187
188
190
191
194
198
200
204
205
208
210
211
212
215
219
226
228
229
231
232
233
234
235
238
240
242
244
249
250
251
254
255
257
258
259
260
261
262
264
265
267
268
269
272
273
274
277
278
279
285
287
288
290
293
297
299
300
301
303
305
306
309
310
312
315
316
317
318
319
320
322
323
327
328
330
331
332
335
336
337
338
339
340
341
342
344
346
351
353
354
357
358
359
360
361
362
364
365
366
367
368
369
370
371
372
376
377
384
385
386
388
390
391
392
393
394
396
399
407
409
410
411
412
413
414
416
418
419
420
421
422
426
427
428
430
431
434
435
436
438
440
441
442
443
444
446
451
454
455
456
458
459
461
468
473
474
475
476
477
478
479
484
486
490
493
494
498
503
505
506
509
511
512
513
515
516
518
519
522
524
529
532
535
539
542
547
549
551
552
554
557
558
561
563
564
565
568
570
572
574
579
580
583
585
588
589
590
593
594
596
597
598
600
601
602
603
609
610
616
618
628
631
632
633
635
640
642
643
644
646
649
652
653
654
655
657
658
665
670
672
674
676
677
679
682
686
687
688
689
693
694
695
698
700
701
702
703
710
711
713
715
717
718
719
721
722
723
724
725
726
728
733
737
740
743
744
745
746
750
752
757
758
759
760
762
763
764
766
767
769
772
774
778
779
781
782
783
784
785
786
789
791
792
793
795
796
800
801
805
810
811
813
814
815
818
819
820
822
823
826
828
832
834
835
837
838
840
842
846
850
852
855
856
859
862
863
864
865
868
874
875
876
877
879
880
881
884
886
887
889
890
891
892
893
897
899
900
904
905
909
912
914
915
916
920
923
924
926
929
930
932
934
935
936
937
940
943
944
945
946
950
951
953
954
955
957
958
960
961
963
964
966
969
970
972
974
975
978
981
983
984
986
987
988
989
990
992
993
994
995
996
998
999
1000
1003
1004
1005
1007
1008
1010
1013
1014
1015
1016
1017
1018
1023
1025
1026
1027
1029
1030
1032
1036
1037
1038
1039
1041
1044
1045
1047
1048
1050
1052
1054
1055
1056
1057
1058
1059
1061
1062
1063
1064
1067
1070
1074
1076
1078
1079
1080
1081
1083
1086
1087
1088
1089
1092
1094
1095
1096
1097
1099
1100
1101
1103
1105
1106
1108
1110
1112
1116
1117
1120
1123
1126
1128
1129
1132
1135
1136
1137
1138
1139
1140
1142
1143
1145
1146
1147
1148
1149
1150
1151
1154
1155
1156
1157
1158
1164
1165
1166
1168
1171
1173
1174
1175
1180
1182
1183
1184
1187
1188
1189
1191
1192
1193
1194
1195
1197
1198
1200
1205
1210
1211
1212
1213
1215
1216
1217
1220
1223
1225
1226
1228
1229
1231
1234
1235
1236
1238
1240
1241
1244
1245
1247
1249
1251
1252
1254
1255
1257
1258
1260
1262
1264
1265
1269
1270
1272
1276
1278
1279
1280
1282
1284
1285
1287
1288
1292
1293
1294
1295
1296
1301
1302
1304
1306
1310
1311
1313
1314
1315
1316
1317
1318
1322
1323
1325
1330
1331
1332
1333
1338
1339
1340
1341
1345
1346
1347
1350
1352
1354
1355
1361
1365
1368
1371
1372
1373
1374
1377
1378
1381
1382
1385
1386
1388
1390
1395
1396
1397
1398
1403
1405
1406
1410
1411
1413
1414
1416
1417
1421
1422
1424
1425
1426
1435
1436
1444
1446
1449
1451
1453
1454
1455
1456
1459
1462
1463
1465
1466
1467
1470
1471
1474
1476
1477
1480
1484
1485
1486
1489
1490
1491
1492
1495
1501
1503
1506
1507
1512
1514
1516
1518
1520
1521
1523
1525
1528
1535
1536
1537
1538
1539
1540
1541
1543
1548
1549
1550
1551
1553
1554
1555
1558
1560
1561
1563
1565
1568
1569
1570
1572
1573
1575
1576
1578
1579
1580
1587
1588
1590
1591
1592
1594
1597
1599
1600
1602
1603
1604
1606
1610
1612
1617
1618
1619
1620
1624
1626
1627
1628
1633
1635
1636
1637
1639
1644
1648
1649
1650
1651
1652
1660
1661
1663
1664
1667
1668
1669
1670
1673
1676
1677
1678
1679
1682
1683
1686
1687
1689
1692
1693
1694
1696
1697
1698
1699
1703
1708
1709
1714
1716
1717
1718
1721
1723
1724
1725
1728
1730
1732
1733
1735
1737
1739
1742
1748
1751
1753
1754
1756
1758
1762
1763
1764
1765
1770
1773
1775
1779
1780
1784
1785
1786
1788
1790
1791
1793
1798
1799
1802
1806
1808
1811
1815
1816
1817
1818
1820
1822
1825
1826
1827
1829
1830
1832
1834
1839
1840
1841
1843
1844
1845
1846
1848
1851
1853
1854
1857
1858
1859
1864
1866
1872
1876
1877
1878
1879
1880
1883
1884
1885
1888
1889
1893
1894
1895
1897
1898
1899
1900
1901
1903
1905
1914
1915
1917
1918
1920
1922
1923
1925
1929
1930
1933
1935
1936
1940
1942
1943
1944
1945
1947
1949
1950
1951
1955
1957
1959
1962
1964
1965
1966
1968
1970
1972
1976
1978
1980
1981
1982
1983
1985
1988
1989
1990
1991
1992
1993
1994
1998
2000
2001
2005
2009
2010
2011
2014
2016
2018
2020
2025
2026
2027
2028
2029
2030
2031
2033
2034
2035
2036
2037
2039
2042
2043
2044
2047
2048
2050
2052
2053
2054
2055
2060
2061
2063
2064
2065
2072
2073
2074
2077
2078
2079
2080
2081
2082
2083
2084
2085
2087
2088
2089
2090
2093
2094
2095
2096
2099
2106
2109
2111
2113
2114
2115
2116
2118
2119
2123
2125
2126
2128
2130
2131
2132
2133
2134
2139
2140
2142
2143
2144
2147
2148
2151
2152
2155
2156
2157
2158
2161
2164
2165
2168
2169
2170
2174
2175
2178
2180
2181
2185
2188
2189
2190
2192
2193
2201
2202
2204
2205
2207
2208
2209
2210
2211
2212
2213
2215
2218
2223
2224
2225
2226
2229
2230
2233
2235
2238
2241
2242
2245
2246
2247
2248
2249
2250
2252
2254
2259
2262
2263
2266
2267
2268
2270
2271
2273
2275
2277
2278
2279
2280
2281
2284
2287
2288
2289
2291
2295
2297
2298
2302
2304
2306
2308
2312
2313
2316
2318
2320
2325
2326
2327
2328
2329
2330
2333
2339
2342
2348
2350
2351
2356
2358
2359
2360
2363
2366
2367
2368
2374
2378
2379
2384
2385
2388
2390
2395
2398
2401
2402
2403
2404
2407
2408
2409
2410
2416
2417
2424
2426
2427
2429
2430
2432
2434
2438
2440
2441
2449
2452
2454
2455
2456
2457
2459
2462
2466
2468
2472
2473
2477
2479
2482
2483
2486
2487
2488
2497
2500
2504
2506
2507
2508
2510
2512
2514
2515
2516
2518
2519
2521
2522
2523
2527
2528
2529
2530
2531
2533
2535
2540
2545
2548
2549
2553
2554
2556
2558
2559
2561
2563
2564
2566
2567
2568
2569
2570
2572
2573
2574
2578
2582
2583
2584
2586
2588
2590
2591
2592
2594
2596
2597
2601
2602
2604
2606
2612
2615
2617
2618
2621
2622
2624
2626
2627
2628
2629
2630
2631
2632
2636
2637
2638
2640
2641
2642
2643
2644
2645
2651
2652
2653
2654
2655
2656
2663
2666
2667
2668
2669
2670
2674
2675
2677
2680
2682
2686
2689
2690
2692
2694
2696
2697
2698
2699
2701
2703
2704
2705
2706
2708
2709
2718
2722
2724
2725
2727
2728
2734
2735
2737
2740
2746
2747
2749
2751
2752
2754
2755
2758
2759
2760
2761
2765
2768
2769
2770
2771
2772
2773
2776
2780
2781
2782
2783
2784
2785
2788
2790
2792
2793
2795
2796
2797
2801
2803
2807
2808
2810
2816
2821
2826
2828
2829
2830
2833
2835
2836
2837
2838
2839
2840
2843
2844
2849
2851
2855
2856
2859
2861
2862
2864
2869
2872
2873
2877
2878
2879
2880
2883
2884
2885
2886
2887
2888
2891
2895
2896
2899
2901
2907
2909
2910
2911
2913
2914
2917
2918
2920
2921
2923
2926
2928
2932
2933
2935
2936
2938
2939
2940
2946
2947
2951
2953
2954
2955
2958
2959
2961
2962
2964
2967
2968
2969
2970
2971
2973
2975
2976
2978
2979
2980
2981
2983
2985
2986
2988
2990
2992
2996
2998
3002
3003
3004
3006
3009
3010
3011
3013
3018
3019
3020
3022
3023
3025
3027
3029
3031
3032
3033
3034
3036
3038
3039
3040
3042
3043
3044
3049
3050
3052
3053
3054
3055
3059
3060
3061
3066
3067
3068
3069
3073
3078
3079
3080
3081
3082
3083
3084
3086
3089
3090
3093
3094
3095
3100
3101
3103
3104
3106
3111
3118
3145
3146
3150
3151
3152
3154
3155
3156
3157
3158
3159
3160
3162
3168
3169
3170
3172
3173
3174
3176
3177
3178
3180
3188
3191
3192
3193
3194
3196
3200
3203
3207
3209
3210
3212
3214
3217
3218
3227
3228
3229
3231
3233
3234
3235
3237
3238
3240
3241
3242
3243
3245
3247
3248
3249
3251
3254
3257
3258
3260
3263
3265
3266
3269
3274
3275
3276
3277
3281
3283
3284
3287
3288
3293
3297
3298
3300
3301
3305
3307
3309
3311
3312
3313
3315
3318
3320
3321
3322
3325
3327
3328
3332
3333
3334
3339
3340
3341
3342
3343
3345
3346
3349
3354
3355
3357
3358
3362
3365
3367
3369
3370
3371
3374
3376
3379
3380
3381
3385
3386
3387
3389
3391
3394
3401
3402
3403
3404
3405
3406
3407
3408
3409
3410
3411
3414
3415
3416
3417
3422
3423
3424
3425
3427
3429
3431
3434
3435
3436
3438
3439
3440
3442
3443
3448
3450
3453
3456
3460
3469
3471
3473
3474
3475
3476
3477
3479
3482
3483
3484
3487
3488
3489
3492
3493
3494
3495
3496
3498
3499
3500
3503
3506
3507
3508
3509
3512
3515
3518
3519
3520
3521
3522
3524
3526
3527
3528
3532
3534
3535
3536
3538
3539
3540
3541
3544
3545
3546
3548
3549
3550
3551
3552
3553
3555
3556
3558
3559
3561
3563
3564
3565
3570
3571
3573
3577
3578
3581
3582
3583
3584
3585
3586
3587
3588
3589
3590
3591
3592
3594
3595
3596
3597
3598
3599
3600
3603
3604
3605
3606
3607
3608
3609
3612
3613
3614
3615
3616
3618
3620
3621
3622
3623
3625
3626
3627
3628
3629
3634
3635
3636
3659
3665
3673
3679
3689
3690
3691
3692
3693
3699
3700
3703
3704
3705
3712
3713
3714
3716
3718
3719
3721
3722
3723
3725
3726
3728
3731
3734
3736
3738
3739
3743
3744
3746
3750
3752
3753
3755
3756
3758
3759
3760
3763
3764
3767
3770
3772
3773
3774
3776
3780
3783
3784
3785
3786
3787
3789
3790
3791
3792
3794
3796
3797
3801
3802
3807
3809
3810
3813
3814
3817
3818
3820
3822
3823
3828
3829
3830
3832
3833
3835
3837
3843
3844
3845
3846
3850
3851
3853
3856
3862
3864
3866
3867
3869
3870
3871
3872
3875
3877
3879
3880
3881
3882
3884
3885
3888
3889
3892
3896
3900
3901
3902
3907
3908
3909
3910
3916
3919
3923
3925
3931
3933
3934
3935
3937
3938
3939
3940
3941
3944
3947
3948
3949
3950
3953
3954
3955
3956
3959
3960
3964
3970
3972
3974
3978
3981
3982
3983
3985
3986
3989
3991
3993
3995
3997
3998
4000
4002
4004
4007
4008
4010
4014
4015
4016
4017
4018
4022
4024
4026
4030
4031
4032
4033
4034
4035
4039
4041
4050
4052
4054
4055
4056
4057
4058
4060
4062
4064
4068
4074
4076
4077
4080
4082
4085
4087
4090
4091
4092
4096
4097
4100
4101
4106
4107
4108
4109
4111
4113
4114
4116
4117
4120
4121
4123
4126
4127
4128
4132
4133
4134
4135
4138
4140
4143
4145
4147
4148
4150
4152
4153
4154
4158
4159
4160
4164
4165
4166
4168
4169
4170
4173
4174
4175
4176
4177
4178
4181
4188
4189
4190
4192
4196
4197
4199
4200
4201
4204
4205
4209
4211
4212
4213
4215
4217
4219
4221
4223
4224
4225
4229
4230
4231
4236
4238
4240
4241
4242
4245
4246
4250
4252
4253
4254
4255
4261
4269
4271
4273
4274
4275
4276
4277
4278
4279
4280
4281
4282
4284
4285
4286
4288
4289
4291
4292
4293
4294
4298
4300
4301
4302
4306
4308
4309
4310
4311
4312
4314
4318
4319
4320
4321
4325
4327
4329
4332
4333
4339
4340
4343
4346
4347
4348
4350
4355
4356
4357
4358
4360
4363
4364
4365
4366
4372
4382
4383
4384
4385
4386
4390
4391
4392
4394
4396
4399
4400
4405
4408
4410
4411
4413
4414
4415
4417
4418
4419
4421
4423
4424
4425
4426
4427
4429
4431
4433
4434
4435
4437
4440
4444
4446
4447
4448
4449
4451
4456
4459
4461
4462
4466
4467
4470
4471
4473
4474
4479
4480
4481
4483
4485
4490
4491
4494
4496
4498
4499
4500
4501
4503
4504
4508
4509
4510
4513
4520
4523
4526
4527
4529
4530
4532
4533
4534
4535
4536
4538
4539
4540
4541
4546
4552
4554
4556
4557
4559
4561
4564
4569
4571
4572
4574
4576
4577
4579
4580
4586
4587
4590
4591
4592
4593
4597
4600
0
3
7
12
21
25
26
28
32
51
62
63
74
75
78
79
83
90
93
94
95
99
100
103
105
110
111
112
115
116
120
123
126
127
131
136
146
150
151
153
160
165
167
168
174
180
181
183
186
193
197
199
201
207
209
213
217
220
222
225
230
236
237
239
243
247
256
266
275
280
281
282
284
292
307
313
324
329
334
343
349
350
355
356
363
373
374
375
382
387
389
395
397
400
401
403
404
417
423
424
425
432
433
437
439
445
447
448
449
450
460
464
466
469
471
492
495
497
504
508
510
523
525
537
540
544
550
560
571
573
577
586
591
592
595
604
605
606
608
611
612
613
614
617
623
624
625
626
627
630
637
645
647
650
656
659
660
662
664
669
671
673
681
691
696
697
699
705
707
709
714
729
730
732
734
736
738
739
741
742
747
749
753
754
755
756
761
765
770
771
777
788
790
797
798
804
807
808
812
816
821
824
827
830
833
839
844
845
848
851
853
857
858
860
869
870
885
894
901
902
903
907
908
911
919
921
922
928
931
941
947
948
952
956
959
967
968
973
1006
1019
1020
1024
1028
1031
1033
1034
1035
1040
1053
1060
1066
1071
1072
1075
1090
1093
1102
1107
1111
1121
1124
1125
1130
1131
1134
1152
1153
1159
1162
1167
1169
1178
1179
1181
1186
1199
1201
1204
1207
1208
1209
1214
1218
1219
1222
1230
1233
1242
1243
1250
1253
1266
1268
1274
1286
1289
1291
1297
1298
1305
1307
1308
1312
1320
1321
1335
1337
1342
1344
1348
1353
1369
1375
1383
1384
1391
1392
1394
1400
1401
1402
1404
1407
1408
1409
1415
1423
1429
1433
1434
1437
1438
1439
1440
1442
1443
1447
1468
1469
1472
1479
1481
1483
1488
1498
1500
1502
1508
1510
1517
1522
1524
1527
1532
1534
1545
1546
1552
1557
1562
1582
1583
1584
1585
1589
1595
1605
1607
1608
1609
1611
1613
1614
1616
1622
1623
1629
1630
1631
1634
1638
1640
1641
1645
1653
1655
1659
1671
1674
1681
1684
1685
1688
1690
1701
1704
1706
1707
1711
1719
1720
1727
1729
1731
1734
1738
1740
1741
1743
1745
1747
1755
1769
1776
1777
1781
1782
1787
1792
1795
1796
1797
1801
1803
1805
1807
1809
1810
1812
1814
1821
1823
1833
1838
1842
1847
1849
1860
1862
1863
1868
1870
1871
1873
1874
1882
1890
1891
1896
1904
1908
1909
1910
1911
1913
1919
1921
1924
1926
1932
1937
1938
1946
1954
1956
1960
1963
1967
1971
1973
1975
1984
1986
1987
1995
1996
2002
2007
2008
2015
2021
2022
2023
2032
2040
2045
2046
2051
2056
2059
2068
2069
2086
2092
2097
2098
2105
2107
2120
2121
2122
2127
2129
2135
2136
2138
2145
2149
2153
2159
2163
2167
2173
2176
2177
2179
2182
2186
2191
2195
2197
2199
2206
2220
2221
2222
2227
2228
2236
2237
2251
2253
2256
2257
2261
2264
2269
2274
2276
2282
2283
2286
2290
2292
2303
2305
2309
2311
2314
2317
2321
2322
2334
2335
2336
2338
2341
2344
2349
2352
2353
2354
2364
2371
2375
2376
2380
2386
2387
2389
2391
2392
2393
2394
2397
2400
2405
2413
2414
2418
2419
2421
2422
2428
2431
2435
2437
2442
2444
2446
2451
2458
2461
2463
2467
2469
2476
2489
2492
2495
2496
2499
2502
2503
2511
2517
2520
2524
2532
2536
2538
2541
2544
2546
2547
2555
2557
2562
2571
2576
2579
2589
2593
2595
2598
2599
2603
2607
2608
2609
2610
2614
2620
2633
2634
2639
2646
2647
2649
2659
2660
2662
2665
2671
2676
2679
2681
2683
2684
2685
2687
2691
2695
2710
2711
2712
2716
2721
2723
2726
2731
2732
2733
2738
2739
2742
2745
2750
2753
2757
2763
2766
2767
2775
2786
2787
2789
2798
2800
2804
2809
2811
2813
2814
2819
2820
2822
2827
2831
2832
2845
2850
2852
2860
2867
2870
2874
2881
2893
2894
2897
2903
2904
2908
2912
2915
2919
2922
2924
2925
2927
2930
2934
2937
2952
2956
2957
2960
2963
2965
2977
2982
2987
2989
2991
2993
2995
2997
2999
3000
3017
3024
3026
3041
3047
3057
3062
3070
3085
3087
3091
3092
3096
3102
3105
3109
3110
3113
3114
3115
3116
3125
3135
3136
3137
3138
3139
3140
3141
3142
3143
3144
3148
3153
3163
3165
3186
3187
3189
3190
3204
3205
3206
3208
3215
3216
3219
3221
3224
3226
3230
3232
3239
3244
3246
3252
3264
3267
3268
3271
3273
3278
3279
3280
3282
3285
3286
3289
3290
3291
3292
3299
3306
3308
3310
3316
3317
3324
3329
3330
3331
3336
3337
3338
3344
3356
3359
3361
3363
3366
3372
3383
3384
3388
3390
3393
3395
3396
3398
3399
3412
3413
3418
3419
3420
3421
3430
3441
3444
3445
3451
3454
3455
3458
3461
3463
3465
3466
3467
3468
3478
3485
3486
3505
3510
3511
3513
3516
3517
3523
3525
3530
3531
3533
3542
3543
3547
3557
3560
3568
3579
3580
3610
3611
3617
3624
3632
3644
3655
3656
3657
3658
3660
3661
3662
3663
3664
3667
3668
3669
3670
3671
3672
3674
3675
3676
3682
3685
3686
3687
3688
3695
3696
3697
3698
3702
3706
3709
3715
3717
3720
3724
3729
3730
3735
3740
3741
3745
3747
3748
3749
3751
3761
3762
3766
3768
3778
3779
3781
3793
3795
3799
3808
3811
3815
3821
3825
3836
3839
3841
3847
3849
3854
3857
3858
3860
3863
3868
3876
3883
3886
3891
3893
3898
3899
3903
3904
3906
3912
3913
3914
3915
3918
3921
3922
3928
3929
3936
3942
3943
3945
3957
3958
3961
3963
3965
3968
3969
3973
3976
3984
3987
3988
3996
3999
4001
4003
4009
4011
4019
4027
4028
4029
4037
4040
4043
4044
4047
4051
4053
4059
4065
4070
4071
4072
4075
4078
4079
4083
4084
4089
4094
4095
4099
4103
4110
4112
4119
4122
4125
4131
4136
4137
4144
4146
4155
4161
4163
4172
4179
4180
4182
4183
4184
4186
4187
4191
4193
4203
4214
4216
4218
4222
4226
4228
4232
4233
4244
4248
4249
4256
4259
4260
4262
4264
4265
4266
4268
4272
4295
4297
4303
4305
4313
4317
4322
4326
4330
4331
4336
4337
4338
4341
4344
4345
4349
4351
4352
4353
4354
4361
4362
4367
4368
4369
4370
4371
4373
4374
4378
4380
4381
4387
4389
4393
4395
4398
4401
4402
4403
4404
4406
4412
4420
4422
4436
4441
4442
4445
4463
4464
4468
4469
4472
4477
4484
4486
4487
4489
4495
4512
4514
4516
4517
4519
4521
4522
4524
4525
4528
4531
4542
4547
4548
4555
4562
4563
4568
4570
4573
4575
4578
4581
4582
4588
4589
4594
4595
4598
4599
1
22
23
30
31
33
34
36
39
42
44
45
49
57
61
70
72
85
87
88
108
121
124
125
130
134
135
138
142
148
154
156
159
161
162
164
170
173
182
185
189
192
195
196
202
203
206
214
216
218
221
223
224
227
241
245
246
248
252
253
263
270
271
276
283
286
289
291
294
295
296
298
302
304
308
311
314
321
325
326
333
345
347
348
352
378
379
380
381
383
398
402
405
406
408
415
429
452
453
457
462
463
465
467
470
472
480
481
482
483
485
487
488
489
491
496
499
500
501
502
507
514
517
520
521
526
527
528
530
531
533
534
536
538
541
543
545
546
548
553
555
556
559
562
566
567
569
575
576
578
581
582
584
587
599
607
615
619
620
621
622
629
634
636
638
639
641
648
651
661
663
666
667
668
675
678
680
683
684
685
690
692
704
706
708
712
716
720
727
731
735
748
751
768
773
775
776
780
787
794
799
802
803
806
809
817
825
829
831
836
841
843
847
849
854
861
866
867
871
872
873
878
882
883
888
895
896
898
906
910
913
917
918
925
927
933
938
939
942
949
962
965
971
976
977
979
980
982
985
991
997
1001
1002
1009
1011
1012
1021
1022
1042
1043
1046
1049
1051
1065
1068
1069
1073
1077
1082
1084
1085
1091
1098
1104
1109
1113
1114
1115
1118
1119
1122
1127
1133
1141
1144
1160
1161
1163
1170
1172
1176
1177
1185
1190
1196
1202
1203
1206
1221
1224
1227
1232
1237
1239
1246
1248
1256
1259
1261
1263
1267
1271
1273
1275
1277
1281
1283
1290
1299
1300
1303
1309
1319
1324
1326
1327
1328
1329
1334
1336
1343
1349
1351
1356
1357
1358
1359
1360
1362
1363
1364
1366
1367
1370
1376
1379
1380
1387
1389
1393
1399
1412
1418
1419
1420
1427
1428
1430
1431
1432
1441
1445
1448
1450
1452
1457
1458
1460
1461
1464
1473
1475
1478
1482
1487
1493
1494
1496
1497
1499
1504
1505
1509
1511
1513
1515
1519
1526
1529
1530
1531
1533
1542
1544
1547
1556
1559
1564
1566
1567
1571
1574
1577
1581
1586
1593
1596
1598
1601
1615
1621
1625
1632
1642
1643
1646
1647
1654
1656
1657
1658
1662
1665
1666
1672
1675
1680
1691
1695
1700
1702
1705
1710
1712
1713
1715
1722
1726
1736
1744
1746
1749
1750
1752
1757
1759
1760
1761
1766
1767
1768
1771
1772
1774
1778
1783
1789
1794
1800
1804
1813
1819
1824
1828
1831
1835
1836
1837
1850
1852
1855
1856
1861
1865
1867
1869
1875
1881
1886
1887
1892
1902
1906
1907
1912
1916
1927
1928
1931
1934
1939
1941
1948
1952
1953
1958
1961
1969
1974
1977
1979
1997
1999
2003
2004
2006
2012
2013
2017
2019
2024
2038
2041
2049
2057
2058
2062
2066
2067
2070
2071
2075
2076
2091
2100
2101
2102
2103
2104
2108
2110
2112
2117
2124
2137
2141
2146
2150
2154
2160
2162
2166
2171
2172
2183
2184
2187
2194
2196
2198
2200
2203
2214
2216
2217
2219
2231
2232
2234
2239
2240
2243
2244
2255
2258
2260
2265
2272
2285
2293
2294
2296
2299
2300
2301
2307
2310
2315
2319
2323
2324
2331
2332
2337
2340
2343
2345
2346
2347
2355
2357
2361
2362
2365
2369
2370
2372
2373
2377
2381
2382
2383
2396
2399
2406
2411
2412
2415
2420
2423
2425
2433
2436
2439
2443
2445
2447
2448
2450
2453
2460
2464
2465
2470
2471
2474
2475
2478
2480
2481
2484
2485
2490
2491
2493
2494
2498
2501
2505
2509
2513
2525
2526
2534
2537
2539
2542
2543
2550
2551
2552
2560
2565
2575
2577
2580
2581
2585
2587
2600
2605
2611
2613
2616
2619
2623
2625
2635
2648
2650
2657
2658
2661
2664
2672
2673
2678
2688
2693
2700
2702
2707
2713
2714
2715
2717
2719
2720
2729
2730
2736
2741
2743
2744
2748
2756
2762
2764
2774
2777
2778
2779
2791
2794
2799
2802
2805
2806
2812
2815
2817
2818
2823
2824
2825
2834
2841
2842
2846
2847
2848
2853
2854
2857
2858
2863
2865
2866
2868
2871
2875
2876
2882
2889
2890
2892
2898
2900
2902
2905
2906
2916
2929
2931
2941
2942
2943
2944
2945
2948
2949
2950
2966
2972
2974
2984
2994
3001
3005
3007
3008
3012
3014
3015
3016
3021
3028
3030
3035
3037
3045
3046
3048
3051
3056
3058
3063
3064
3065
3071
3072
3074
3075
3076
3077
3088
3097
3098
3099
3107
3108
3112
3117
3119
3120
3121
3122
3123
3124
3126
3127
3128
3129
3130
3131
3132
3133
3134
3147
3149
3161
3164
3166
3167
3171
3175
3179
3181
3182
3183
3184
3185
3195
3197
3198
3199
3201
3202
3211
3213
3220
3222
3223
3225
3236
3250
3253
3255
3256
3259
3261
3262
3270
3272
3294
3295
3296
3302
3303
3304
3314
3319
3323
3326
3335
3347
3348
3350
3351
3352
3353
3360
3364
3368
3373
3375
3377
3378
3382
3392
3397
3400
3426
3428
3432
3433
3437
3446
3447
3449
3452
3457
3459
3462
3464
3470
3472
3480
3481
3490
3491
3497
3501
3502
3504
3514
3529
3537
3554
3562
3566
3567
3569
3572
3574
3575
3576
3593
3601
3602
3619
3630
3631
3633
3637
3638
3639
3640
3641
3642
3643
3645
3646
3647
3648
3649
3650
3651
3652
3653
3654
3666
3677
3678
3680
3681
3683
3684
3694
3701
3707
3708
3710
3711
3727
3732
3733
3737
3742
3754
3757
3765
3769
3771
3775
3777
3782
3788
3798
3800
3803
3804
3805
3806
3812
3816
3819
3824
3826
3827
3831
3834
3838
3840
3842
3848
3852
3855
3859
3861
3865
3873
3874
3878
3887
3890
3894
3895
3897
3905
3911
3917
3920
3924
3926
3927
3930
3932
3946
3951
3952
3962
3966
3967
3971
3975
3977
3979
3980
3990
3992
3994
4005
4006
4012
4013
4020
4021
4023
4025
4036
4038
4042
4045
4046
4048
4049
4061
4063
4066
4067
4069
4073
4081
4086
4088
4093
4098
4102
4104
4105
4115
4118
4124
4129
4130
4139
4141
4142
4149
4151
4156
4157
4162
4167
4171
4185
4194
4195
4198
4202
4206
4207
4208
4210
4220
4227
4234
4235
4237
4239
4243
4247
4251
4257
4258
4263
4267
4270
4283
4287
4290
4296
4299
4304
4307
4315
4316
4323
4324
4328
4334
4335
4342
4359
4375
4376
4377
4379
4388
4397
4407
4409
4416
4428
4430
4432
4438
4439
4443
4450
4452
4453
4454
4455
4457
4458
4460
4465
4475
4476
4478
4482
4488
4492
4493
4497
4502
4505
4506
4507
4511
4515
4518
4537
4543
4544
4545
4549
4550
4551
4553
4558
4560
4565
4566
4567
4583
4584
4585
4596
