2300
1150
1151
0
1
2
3
5
9
10
11
13
14
15
17
18
19
20
21
23
24
26
27
28
29
31
32
33
34
35
38
43
44
45
46
47
48
49
50
51
53
55
56
58
61
62
66
68
69
71
72
74
76
77
79
80
83
87
89
92
93
94
97
102
110
111
114
116
117
118
124
125
126
127
128
129
130
131
133
137
138
139
155
158
159
161
163
164
166
169
172
174
175
176
177
178
179
180
182
184
186
187
189
191
192
196
197
200
206
207
209
210
211
212
215
216
220
221
227
229
231
234
237
238
241
242
243
244
246
247
249
251
252
253
254
255
258
259
261
262
263
264
265
266
267
269
273
274
275
276
277
280
281
283
284
291
292
293
295
296
297
298
299
300
310
311
317
320
321
322
323
328
329
330
331
332
335
336
337
340
341
343
345
350
354
357
358
359
360
362
364
366
367
371
372
374
376
379
380
381
384
392
393
396
397
398
400
401
402
403
405
406
408
410
414
417
418
420
421
429
430
433
437
438
439
446
448
456
459
460
461
462
463
464
465
472
473
474
476
478
481
485
486
487
489
492
498
499
501
504
505
506
507
508
511
513
515
517
518
519
520
521
522
525
526
529
531
532
533
538
539
545
550
551
554
555
562
564
565
566
568
573
575
576
577
581
582
588
589
590
591
597
599
600
601
603
604
606
608
609
610
612
616
618
619
622
626
627
630
631
633
634
635
642
645
647
650
652
654
655
657
658
662
665
666
667
668
671
672
675
676
680
682
686
688
689
691
693
695
696
698
699
703
705
706
707
711
712
713
718
719
720
722
724
728
730
731
733
734
735
739
740
742
745
747
748
751
757
758
762
765
766
768
769
771
776
778
779
780
782
784
785
786
787
789
790
793
794
795
796
797
798
800
802
803
804
807
808
810
813
815
816
818
820
821
822
823
826
828
831
836
837
839
841
842
843
846
848
849
850
853
854
856
857
858
859
860
862
863
864
865
868
869
871
873
875
877
878
881
884
886
887
888
894
895
897
898
899
903
904
905
907
909
910
911
914
919
920
922
923
924
929
930
932
933
934
936
938
941
942
943
944
945
950
957
961
963
964
965
966
968
970
972
973
977
982
984
986
987
989
991
994
999
1000
1003
1007
1008
1009
1010
1014
1015
1017
1018
1019
1020
1023
1024
1025
1026
1027
1029
1033
1036
1038
1042
1043
1044
1046
1055
1056
1058
1061
1062
1063
1065
1066
1068
1070
1076
1078
1079
1082
1084
1085
1086
1090
1091
1092
1093
1095
1097
1100
1103
1104
1106
1108
1109
1116
1117
1118
1120
1123
1125
1126
1130
1131
1136
1137
1138
1139
1141
1143
1146
1148
1149
1150
1152
1154
1155
1157
1159
1160
1161
1165
1169
1170
1174
1176
1180
1181
1182
1183
1185
1187
1189
1190
1191
1192
1195
1197
1198
1200
1203
1204
1205
1206
1209
1210
1211
1212
1216
1217
1218
1223
1224
1226
1232
1234
1239
1240
1243
1244
1245
1246
1252
1255
1264
1265
1267
1270
1274
1276
1279
1280
1282
1292
1293
1294
1298
1300
1301
1304
1305
1306
1307
1308
1311
1314
1315
1316
1317
1320
1321
1322
1323
1324
1325
1326
1327
1330
1331
1333
1337
1339
1340
1341
1343
1344
1348
1349
1350
1351
1354
1356
1358
1360
1361
1362
1365
1368
1369
1370
1371
1373
1375
1377
1378
1380
1382
1384
1387
1388
1391
1393
1394
1398
1400
1401
1410
1411
1414
1415
1416
1417
1418
1420
1421
1422
1424
1425
1428
1431
1433
1435
1437
1438
1439
1443
1447
1448
1449
1450
1451
1452
1454
1456
1457
1460
1462
1465
1470
1472
1476
1479
1480
1482
1483
1485
1486
1488
1489
1491
1493
1495
1498
1502
1503
1504
1505
1506
1508
1509
1510
1514
1516
1519
1520
1521
1522
1524
1527
1528
1529
1533
1535
1538
1540
1541
1544
1545
1546
1548
1550
1551
1552
1556
1557
1558
1561
1562
1564
1565
1568
1569
1570
1571
1575
1576
1582
1583
1584
1585
1586
1587
1588
1589
1590
1591
1593
1594
1595
1596
1597
1598
1600
1601
1602
1605
1606
1607
1608
1609
1610
1612
1615
1617
1618
1620
1622
1623
1627
1628
1629
1631
1634
1635
1636
1638
1640
1641
1642
1644
1648
1649
1652
1658
1660
1662
1663
1667
1668
1670
1672
1673
1674
1675
1677
1679
1681
1683
1685
1686
1689
1690
1693
1694
1698
1699
1701
1702
1705
1706
1708
1710
1711
1713
1714
1715
1718
1720
1721
1723
1728
1729
1732
1735
1736
1737
1740
1742
1744
1745
1746
1747
1748
1752
1755
1756
1762
1763
1765
1770
1775
1778
1779
1781
1785
1791
1793
1796
1802
1806
1808
1809
1812
1814
1815
1816
1817
1819
1820
1821
1822
1825
1828
1830
1832
1838
1839
1841
1842
1844
1846
1848
1849
1852
1854
1856
1857
1858
1859
1860
1863
1864
1865
1866
1869
1870
1871
1872
1874
1875
1877
1878
1880
1882
1883
1886
1889
1892
1901
1904
1906
1907
1908
1909
1914
1918
1922
1923
1925
1926
1928
1930
1931
1932
1933
1936
1940
1941
1942
1944
1945
1946
1949
1950
1951
1956
1962
1963
1965
1966
1969
1972
1973
1974
1975
1976
1981
1982
1984
1987
1988
1989
1991
1992
1993
1994
1995
1999
2001
2003
2005
2009
2010
2011
2012
2014
2015
2016
2017
2018
2019
2022
2025
2026
2027
2028
2029
2031
2032
2035
2036
2037
2039
2042
2044
2045
2049
2052
2053
2055
2056
2057
2058
2064
2067
2068
2070
2071
2075
2076
2077
2083
2084
2085
2086
2087
2088
2089
2093
2094
2097
2098
2099
2104
2111
2112
2113
2115
2116
2117
2118
2119
2120
2121
2122
2123
2124
2126
2127
2128
2131
2134
2135
2137
2138
2139
2141
2142
2148
2149
2150
2152
2154
2158
2159
2161
2162
2164
2165
2166
2167
2170
2171
2173
2175
2177
2178
2181
2183
2184
2187
2188
2190
2191
2194
2197
2198
2201
2202
2204
2205
2207
2208
2209
2210
2211
2212
2213
2214
2216
2218
2220
2223
2224
2225
2227
2228
2229
2231
2234
2235
2236
2241
2244
2246
2247
2248
2251
2252
2254
2259
2261
2262
2263
2264
2265
2266
2269
2271
2273
2274
2275
2277
2278
2279
2280
2281
2282
2283
2284
2285
2287
2288
2289
2293
2294
2296
2298
2301
2302
2303
2304
2305
2306
2307
2310
2311
2312
2314
2319
2320
2324
2325
2326
2328
2330
2331
2333
2338
2340
2342
2343
2344
2346
2347
2351
2352
2353
2355
2356
2361
2363
2364
2365
2369
2371
2374
2377
2378
2379
2381
2382
2383
2386
2387
2389
2390
2392
2394
2397
2398
2399
2400
2402
2403
2404
2407
2408
2411
2414
2416
2417
2419
2420
2425
2426
2427
2428
2429
2430
2431
2432
2434
2436
2439
2440
2442
2444
2446
2448
2449
2450
2452
2454
2457
2459
2461
2462
2463
2464
2465
2466
2467
2468
2469
2470
2471
2472
2473
2475
2477
2479
2482
2483
2485
2486
2489
2492
2495
2496
2497
2503
2504
2506
2507
2508
2509
2510
2511
2512
2513
2516
2517
2518
2520
2521
2522
2525
2526
2527
2528
2531
2535
2536
2537
2541
2542
2546
2547
2549
2550
2553
2555
2556
2557
2558
2559
2560
2561
2564
2565
2568
2571
2573
2574
2576
2577
2578
2579
2580
2581
2583
2584
2585
2591
2593
2594
2595
2596
2597
2598
2599
2603
2607
2609
2610
2611
2614
2616
2620
2623
2624
2625
2628
2630
2634
2636
2637
2638
2639
2641
2642
2643
2645
2646
2647
2649
2650
2651
2652
2654
2655
2656
2659
2661
2662
2663
2664
2666
2667
2668
2669
2671
2672
2675
2677
2678
2682
2683
2684
2687
2688
2689
2690
2691
2693
2694
2695
2696
2699
2703
2705
2707
2709
2714
2716
2717
2720
2722
2723
2724
2725
2727
2728
2736
2738
2740
2742
2743
2745
2746
2752
2754
2756
2757
2759
2760
2762
2763
2764
2765
2767
2768
2769
2770
2772
2773
2774
2775
2776
2779
2780
2781
2782
2783
2784
2785
2786
2791
2794
2795
2798
2800
2802
2803
2804
2805
2806
2810
2812
2816
2818
2822
2825
2830
2832
2833
2834
2837
2839
2840
2842
2845
2847
2848
2849
2850
2852
2853
2856
2858
2860
2861
2863
2864
2865
2868
2871
2872
2873
2874
2875
2877
2879
2880
2881
2882
2885
2886
2887
2888
2889
2892
2893
2895
2896
2897
2898
2901
2904
2907
2908
2911
2912
2914
2916
2918
2920
2922
2923
2926
2930
2931
2932
2936
2937
2942
2943
2945
2947
2948
2950
2951
2954
2956
2964
2965
2966
2967
2971
2972
2973
2978
2980
2983
2986
2987
2988
2992
2993
2995
2997
2998
2999
3000
3002
3005
3007
3012
3014
3016
3017
3018
3025
3027
3028
3031
3033
3038
3040
3042
3043
3044
3046
3049
3051
3052
3054
3057
3061
3065
3067
3068
3070
3071
3072
3073
3075
3076
3078
3079
3080
3082
3083
3085
3086
3092
3093
3099
3100
3101
3103
3104
3105
3106
3107
3111
3112
3113
3114
3117
3118
3119
3120
3124
3145
3146
3148
3150
3151
3153
3156
3157
3159
3161
3162
3163
3168
3172
3175
3179
3180
3181
3183
3184
3186
3187
3188
3194
3195
3196
3197
3198
3200
3202
3204
3206
3208
3209
3210
3211
3213
3215
3220
3221
3226
3231
3233
3234
3236
3237
3238
3239
3244
3245
3247
3251
3252
3254
3255
3257
3258
3259
3261
3262
3263
3264
3265
3267
3268
3273
3274
3275
3276
3277
3278
3280
3281
3282
3283
3285
3286
3288
3292
3296
3298
3300
3301
3305
3307
3308
3310
3314
3315
3316
3318
3319
3320
3327
3328
3329
3330
3332
3333
3334
3336
3337
3340
3341
3343
3344
3346
3348
3349
3354
3358
3369
3372
3373
3376
3383
3384
3387
3388
3391
3392
3393
3394
3395
3398
3399
3404
3406
3407
3410
3413
3423
3426
3428
3429
3431
3434
3435
3443
3444
3450
3451
3454
3455
3459
3461
3464
3467
3468
3469
3473
3476
3478
3479
3486
3487
3490
3491
3495
3497
3498
3499
3502
3504
3506
3507
3509
3510
3513
3514
3515
3517
3518
3520
3521
3522
3524
3525
3527
3530
3531
3533
3536
3537
3538
3539
3541
3544
3545
3546
3549
3550
3551
3553
3558
3560
3563
3564
3566
3568
3570
3574
3575
3576
3577
3578
3581
3582
3583
3584
3585
3586
3587
3588
3589
3590
3591
3592
3594
3595
3596
3597
3598
3599
3600
3603
3605
3606
3607
3608
3609
3611
3612
3613
3614
3615
3616
3618
3620
3621
3622
3623
3625
3626
3627
3628
3629
3635
3636
3665
3672
3673
3674
3677
3678
3679
3680
3681
3683
3684
3690
3691
3695
3698
3699
3700
3701
3706
3707
3710
3711
3712
3713
3714
3717
3718
3719
3721
3722
3725
3729
3730
3732
3737
3738
3739
3744
3745
3746
3747
3751
3752
3753
3757
3760
3761
3763
3764
3767
3770
3774
3777
3778
3781
3782
3785
3786
3788
3792
3795
3798
3799
3800
3802
3804
3808
3809
3810
3817
3818
3819
3820
3822
3823
3824
3825
3826
3827
3828
3829
3832
3834
3835
3836
3838
3842
3845
3846
3849
3851
3852
3854
3855
3857
3860
3861
3862
3863
3866
3869
3870
3871
3873
3874
3875
3877
3878
3879
3880
3889
3891
3892
3896
3897
3898
3899
3901
3902
3908
3909
3910
3914
3915
3923
3924
3926
3927
3929
3931
3932
3933
3934
3938
3946
3947
3949
3950
3954
3955
3957
3958
3960
3963
3964
3967
3969
3971
3972
3974
3975
3983
3984
3986
3989
3990
3991
3992
3993
3994
4000
4004
4006
4007
4009
4012
4016
4018
4023
4025
4026
4029
4031
4036
4041
4043
4046
4052
4053
4055
4056
4058
4059
4060
4061
4072
4073
4074
4075
4078
4081
4082
4084
4087
4093
4094
4095
4096
4097
4098
4100
4102
4104
4105
4107
4110
4111
4112
4113
4116
4118
4121
4122
4123
4125
4127
4130
4133
4134
4139
4140
4143
4144
4148
4149
4150
4151
4152
4156
4157
4160
4161
4162
4163
4165
4166
4167
4168
4170
4175
4178
4180
4181
4184
4185
4186
4189
4190
4191
4192
4193
4197
4198
4200
4204
4206
4208
4212
4216
4217
4218
4219
4222
4224
4227
4229
4230
4232
4235
4237
4240
4241
4242
4245
4247
4249
4250
4254
4256
4259
4261
4262
4264
4266
4267
4271
4279
4284
4286
4287
4288
4289
4295
4296
4297
4298
4299
4302
4304
4305
4306
4308
4309
4310
4311
4314
4318
4320
4330
4331
4332
4336
4339
4340
4346
4347
4348
4350
4352
4353
4354
4356
4357
4360
4361
4364
4365
4368
4369
4370
4371
4372
4373
4374
4375
4376
4380
4381
4382
4383
4384
4385
4387
4388
4389
4390
4391
4396
4398
4399
4400
4401
4402
4406
4407
4409
4411
4412
4416
4420
4421
4422
4424
4426
4428
4432
4433
4435
4442
4446
4448
4449
4452
4453
4454
4456
4457
4458
4459
4460
4462
4466
4468
4469
4472
4473
4474
4475
4479
4480
4482
4485
4488
4489
4495
4496
4497
4498
4503
4505
4506
4507
4511
4512
4514
4515
4518
4519
4520
4522
4526
4527
4528
4529
4530
4531
4532
4534
4535
4538
4539
4543
4554
4555
4556
4557
4559
4560
4561
4563
4567
4568
4570
4575
4577
4578
4579
4580
4581
4584
4585
4587
4589
4595
4596
4597
4599
8
25
39
42
54
59
60
64
67
70
73
81
84
85
86
90
91
100
105
108
109
112
113
120
122
123
134
136
142
143
144
145
156
157
160
162
168
170
183
185
194
201
202
203
205
208
217
222
226
228
232
233
235
236
239
245
248
250
256
268
271
282
286
290
294
301
302
306
313
314
318
319
326
349
351
352
356
361
363
365
369
370
375
377
382
385
387
388
391
394
404
407
409
411
413
415
422
424
426
427
428
432
434
441
443
450
451
453
454
455
458
467
468
469
470
471
477
479
484
488
490
491
493
494
495
496
497
500
502
524
527
528
535
537
540
542
543
547
549
552
556
559
560
561
563
570
572
578
580
585
593
595
598
605
607
611
615
620
625
632
636
640
646
649
651
653
656
660
661
663
664
670
673
674
679
683
684
692
694
701
702
704
714
715
716
717
726
727
736
738
743
746
750
752
755
760
770
772
773
774
788
791
792
806
809
811
814
817
819
824
827
830
833
834
835
838
845
866
870
872
874
876
880
882
893
896
901
915
916
917
918
921
925
926
928
931
935
939
947
948
949
951
953
955
956
958
959
967
971
974
980
990
992
993
995
996
997
1001
1006
1011
1016
1021
1030
1031
1032
1037
1039
1040
1041
1045
1047
1049
1053
1054
1059
1060
1074
1075
1077
1083
1087
1088
1089
1094
1096
1098
1101
1102
1105
1111
1112
1113
1114
1115
1119
1121
1122
1124
1127
1128
1129
1132
1133
1142
1144
1145
1153
1156
1158
1162
1164
1167
1172
1173
1179
1193
1194
1196
1199
1201
1208
1214
1221
1222
1230
1231
1233
1242
1247
1249
1250
1251
1253
1256
1257
1258
1259
1261
1263
1269
1273
1285
1286
1288
1289
1290
1297
1303
1310
1313
1319
1334
1336
1338
1342
1346
1347
1352
1363
1364
1372
1374
1376
1379
1386
1389
1392
1395
1397
1402
1403
1404
1405
1407
1409
1419
1429
1430
1440
1444
1453
1461
1463
1464
1466
1468
1473
1475
1477
1487
1494
1496
1500
1501
1511
1512
1513
1515
1525
1526
1532
1534
1536
1542
1543
1549
1553
1554
1559
1563
1573
1577
1581
1611
1613
1614
1619
1621
1624
1626
1630
1632
1637
1639
1647
1655
1656
1666
1671
1682
1684
1688
1691
1695
1696
1704
1712
1716
1719
1722
1725
1726
1727
1730
1731
1733
1734
1738
1743
1749
1757
1759
1760
1761
1764
1766
1767
1768
1769
1771
1772
1776
1777
1780
1784
1786
1787
1788
1795
1797
1804
1805
1810
1811
1813
1829
1831
1833
1834
1835
1836
1840
1847
1850
1855
1868
1873
1879
1881
1884
1885
1890
1894
1897
1903
1905
1913
1927
1929
1934
1937
1938
1955
1957
1959
1960
1964
1986
1996
2000
2004
2007
2020
2030
2034
2038
2040
2041
2047
2051
2063
2072
2074
2078
2079
2081
2095
2096
2100
2101
2102
2103
2107
2108
2114
2129
2132
2145
2147
2156
2163
2174
2182
2186
2189
2217
2222
2226
2232
2237
2243
2245
2250
2253
2255
2256
2258
2260
2267
2290
2292
2297
2299
2308
2316
2334
2335
2336
2337
2339
2341
2345
2349
2358
2359
2360
2362
2367
2368
2370
2372
2373
2376
2380
2385
2391
2393
2401
2405
2406
2409
2412
2415
2423
2435
2437
2438
2441
2443
2445
2453
2456
2476
2478
2481
2484
2487
2488
2490
2491
2493
2494
2499
2501
2502
2505
2514
2519
2524
2530
2532
2538
2540
2548
2551
2554
2562
2567
2575
2586
2588
2590
2592
2600
2601
2605
2606
2608
2612
2617
2619
2621
2622
2632
2633
2635
2648
2665
2670
2680
2706
2708
2711
2712
2715
2729
2730
2731
2732
2733
2737
2744
2747
2748
2750
2758
2771
2787
2788
2789
2790
2792
2797
2799
2801
2807
2811
2819
2820
2823
2824
2826
2827
2836
2855
2862
2870
2883
2884
2890
2902
2903
2905
2909
2913
2915
2917
2924
2925
2927
2928
2929
2933
2934
2935
2939
2941
2957
2958
2959
2960
2962
2963
2968
2970
2975
2976
2977
2979
2981
3001
3006
3011
3013
3015
3020
3021
3022
3026
3029
3032
3034
3035
3037
3045
3047
3048
3053
3063
3069
3074
3088
3089
3091
3094
3096
3097
3098
3108
3110
3115
3134
3135
3137
3138
3139
3140
3141
3142
3143
3144
3154
3155
3158
3160
3166
3170
3173
3178
3190
3192
3199
3203
3205
3207
3218
3219
3223
3228
3229
3241
3242
3243
3248
3249
3250
3253
3256
3260
3271
3287
3289
3290
3291
3293
3299
3302
3304
3312
3317
3324
3326
3331
3339
3345
3353
3355
3357
3360
3363
3364
3365
3366
3367
3374
3377
3378
3379
3382
3386
3389
3390
3400
3402
3403
3411
3412
3418
3420
3432
3433
3438
3440
3441
3445
3446
3448
3449
3456
3458
3463
3465
3466
3472
3475
3477
3481
3482
3483
3484
3485
3492
3493
3496
3500
3501
3503
3505
3508
3511
3512
3519
3526
3528
3529
3535
3540
3542
3543
3548
3555
3559
3561
3562
3567
3571
3579
3580
3602
3610
3617
3624
3632
3637
3638
3639
3644
3656
3657
3658
3659
3660
3661
3662
3663
3664
3667
3668
3669
3670
3671
3675
3676
3682
3685
3688
3689
3696
3697
3702
3709
3720
3723
3731
3733
3735
3736
3740
3741
3742
3743
3750
3754
3759
3765
3766
3772
3775
3776
3784
3790
3791
3797
3801
3803
3805
3806
3811
3812
3813
3815
3821
3830
3839
3840
3841
3843
3844
3856
3858
3859
3865
3867
3868
3881
3882
3883
3884
3888
3890
3893
3894
3900
3903
3906
3907
3912
3913
3919
3920
3922
3936
3942
3944
3945
3948
3952
3976
3977
3981
3982
3987
3988
3996
3997
4001
4002
4010
4011
4022
4024
4027
4028
4030
4033
4034
4037
4038
4040
4042
4047
4048
4049
4050
4054
4062
4063
4064
4066
4067
4069
4070
4071
4076
4080
4086
4088
4089
4092
4099
4101
4108
4114
4115
4128
4132
4136
4142
4146
4147
4155
4158
4159
4172
4173
4176
4177
4179
4187
4188
4195
4196
4201
4202
4205
4209
4211
4213
4220
4221
4223
4225
4228
4231
4233
4244
4251
4255
4257
4258
4260
4263
4269
4272
4273
4274
4276
4277
4280
4282
4283
4293
4301
4307
4313
4315
4321
4322
4323
4326
4329
4333
4342
4343
4344
4349
4351
4358
4362
4363
4367
4377
4394
4395
4397
4403
4405
4410
4413
4415
4417
4418
4419
4425
4427
4431
4436
4437
4440
4441
4443
4445
4450
4455
4464
4467
4477
4481
4483
4484
4487
4490
4491
4492
4499
4500
4501
4504
4509
4510
4517
4523
4524
4533
4537
4544
4545
4546
4551
4553
4558
4562
4565
4571
4572
4582
4586
4590
4592
4600
4
6
7
12
16
22
30
36
37
40
41
52
57
63
65
75
78
82
88
95
96
98
99
101
103
104
106
107
115
119
121
132
135
140
141
146
147
148
149
150
151
152
153
154
165
167
171
173
181
188
190
193
195
198
199
204
213
214
218
219
223
224
225
230
240
257
260
270
272
278
279
285
287
288
289
303
304
305
307
308
309
312
315
316
324
325
327
333
334
338
339
342
344
346
347
348
353
355
368
373
378
383
386
389
390
395
399
412
416
419
423
425
431
435
436
440
442
444
445
447
449
452
457
466
475
480
482
483
503
509
510
512
514
516
523
530
534
536
541
544
546
548
553
557
558
567
569
571
574
579
583
584
586
587
592
594
596
602
613
614
617
621
623
624
628
629
637
638
639
641
643
644
648
659
669
677
678
681
685
687
690
697
700
708
709
710
721
723
725
729
732
737
741
744
749
753
754
756
759
761
763
764
767
775
777
781
783
799
801
805
812
825
829
832
840
844
847
851
852
855
861
867
879
883
885
889
890
891
892
900
902
906
908
912
913
927
937
940
946
952
954
960
962
969
975
976
978
979
981
983
985
988
998
1002
1004
1005
1012
1013
1022
1028
1034
1035
1048
1050
1051
1052
1057
1064
1067
1069
1071
1072
1073
1080
1081
1099
1107
1110
1134
1135
1140
1147
1151
1163
1166
1168
1171
1175
1177
1178
1184
1186
1188
1202
1207
1213
1215
1219
1220
1225
1227
1228
1229
1235
1236
1237
1238
1241
1248
1254
1260
1262
1266
1268
1271
1272
1275
1277
1278
1281
1283
1284
1287
1291
1295
1296
1299
1302
1309
1312
1318
1328
1329
1332
1335
1345
1353
1355
1357
1359
1366
1367
1381
1383
1385
1390
1396
1399
1406
1408
1412
1413
1423
1426
1427
1432
1434
1436
1441
1442
1445
1446
1455
1458
1459
1467
1469
1471
1474
1478
1481
1484
1490
1492
1497
1499
1507
1517
1518
1523
1530
1531
1537
1539
1547
1555
1560
1566
1567
1572
1574
1578
1579
1580
1592
1599
1603
1604
1616
1625
1633
1643
1645
1646
1650
1651
1653
1654
1657
1659
1661
1664
1665
1669
1676
1678
1680
1687
1692
1697
1700
1703
1707
1709
1717
1724
1739
1741
1750
1751
1753
1754
1758
1773
1774
1782
1783
1789
1790
1792
1794
1798
1799
1800
1801
1803
1807
1818
1823
1824
1826
1827
1837
1843
1845
1851
1853
1861
1862
1867
1876
1887
1888
1891
1893
1895
1896
1898
1899
1900
1902
1910
1911
1912
1915
1916
1917
1919
1920
1921
1924
1935
1939
1943
1947
1948
1952
1953
1954
1958
1961
1967
1968
1970
1971
1977
1978
1979
1980
1983
1985
1990
1997
1998
2002
2006
2008
2013
2021
2023
2024
2033
2043
2046
2048
2050
2054
2059
2060
2061
2062
2065
2066
2069
2073
2080
2082
2090
2091
2092
2105
2106
2109
2110
2125
2130
2133
2136
2140
2143
2144
2146
2151
2153
2155
2157
2160
2168
2169
2172
2176
2179
2180
2185
2192
2193
2195
2196
2199
2200
2203
2206
2215
2219
2221
2230
2233
2238
2239
2240
2242
2249
2257
2268
2270
2272
2276
2286
2291
2295
2300
2309
2313
2315
2317
2318
2321
2322
2323
2327
2329
2332
2348
2350
2354
2357
2366
2375
2384
2388
2395
2396
2410
2413
2418
2421
2422
2424
2433
2447
2451
2455
2458
2460
2474
2480
2498
2500
2515
2523
2529
2533
2534
2539
2543
2544
2545
2552
2563
2566
2569
2570
2572
2582
2587
2589
2602
2604
2613
2615
2618
2626
2627
2629
2631
2640
2644
2653
2657
2658
2660
2673
2674
2676
2679
2681
2685
2686
2692
2697
2698
2700
2701
2702
2704
2710
2713
2718
2719
2721
2726
2734
2735
2739
2741
2749
2751
2753
2755
2761
2766
2777
2778
2793
2796
2808
2809
2813
2814
2815
2817
2821
2828
2829
2831
2835
2838
2841
2843
2844
2846
2851
2854
2857
2859
2866
2867
2869
2876
2878
2891
2894
2899
2900
2906
2910
2919
2921
2938
2940
2944
2946
2949
2952
2953
2955
2961
2969
2974
2982
2984
2985
2989
2990
2991
2994
2996
3003
3004
3008
3009
3010
3019
3023
3024
3030
3036
3039
3041
3050
3055
3056
3058
3059
3060
3062
3064
3066
3077
3081
3084
3087
3090
3095
3102
3109
3116
3121
3122
3123
3125
3126
3127
3128
3129
3130
3131
3132
3133
3136
3147
3149
3152
3164
3165
3167
3169
3171
3174
3176
3177
3182
3185
3189
3191
3193
3201
3212
3214
3216
3217
3222
3224
3225
3227
3230
3232
3235
3240
3246
3266
3269
3270
3272
3279
3284
3294
3295
3297
3303
3306
3309
3311
3313
3321
3322
3323
3325
3335
3338
3342
3347
3350
3351
3352
3356
3359
3361
3362
3368
3370
3371
3375
3380
3381
3385
3396
3397
3401
3405
3408
3409
3414
3415
3416
3417
3419
3421
3422
3424
3425
3427
3430
3436
3437
3439
3442
3447
3452
3453
3457
3460
3462
3470
3471
3474
3480
3488
3489
3494
3516
3523
3532
3534
3547
3552
3554
3556
3557
3565
3569
3572
3573
3593
3601
3604
3619
3630
3631
3633
3634
3640
3641
3642
3643
3645
3646
3647
3648
3649
3650
3651
3652
3653
3654
3655
3666
3686
3687
3692
3693
3694
3703
3704
3705
3708
3715
3716
3724
3726
3727
3728
3734
3748
3749
3755
3756
3758
3762
3768
3769
3771
3773
3779
3780
3783
3787
3789
3793
3794
3796
3807
3814
3816
3831
3833
3837
3847
3848
3850
3853
3864
3872
3876
3885
3886
3887
3895
3904
3905
3911
3916
3917
3918
3921
3925
3928
3930
3935
3937
3939
3940
3941
3943
3951
3953
3956
3959
3961
3962
3965
3966
3968
3970
3973
3978
3979
3980
3985
3995
3998
3999
4003
4005
4008
4013
4014
4015
4017
4019
4020
4021
4032
4035
4039
4044
4045
4051
4057
4065
4068
4077
4079
4083
4085
4090
4091
4103
4106
4109
4117
4119
4120
4124
4126
4129
4131
4135
4137
4138
4141
4145
4153
4154
4164
4169
4171
4174
4182
4183
4194
4199
4203
4207
4210
4214
4215
4226
4234
4236
4238
4239
4243
4246
4248
4252
4253
4265
4268
4270
4275
4278
4281
4285
4290
4291
4292
4294
4300
4303
4312
4316
4317
4319
4324
4325
4327
4328
4334
4335
4337
4338
4341
4345
4355
4359
4366
4378
4379
4386
4392
4393
4404
4408
4414
4423
4429
4430
4434
4438
4439
4444
4447
4451
4461
4463
4465
4470
4471
4476
4478
4486
4493
4494
4502
4508
4513
4516
4521
4525
4536
4540
4541
4542
4547
4548
4549
4550
4552
4564
4566
4569
4573
4574
4576
4583
4588
4591
4593
4594
4598
