2300
1150
1151
0
1
3
10
11
12
15
16
20
21
22
23
24
25
34
35
36
37
38
42
43
45
46
47
48
49
50
53
55
56
57
60
62
63
69
71
72
74
75
76
77
78
80
81
84
86
87
88
91
94
95
96
97
98
99
101
102
107
112
113
117
122
123
126
127
128
135
137
141
143
144
145
147
148
149
151
153
154
158
161
163
165
166
168
169
170
171
175
176
181
182
184
185
189
191
192
193
195
200
201
202
203
207
209
210
214
215
216
217
221
223
228
229
230
231
233
235
237
243
244
245
248
251
255
256
257
258
263
265
268
269
271
274
275
276
277
282
283
285
291
292
293
296
298
299
302
306
307
309
310
314
316
317
318
319
320
321
323
326
327
328
331
332
333
335
336
337
338
339
343
344
345
346
351
353
354
355
356
357
362
363
364
365
367
368
369
374
375
380
381
383
386
387
388
390
395
397
398
400
401
402
405
406
409
410
411
416
417
421
424
428
429
430
431
433
434
436
437
438
441
442
445
446
447
448
451
453
454
455
458
459
460
462
464
465
466
469
470
471
475
478
479
482
483
486
488
490
493
496
497
499
503
506
508
509
514
517
518
519
521
526
527
529
530
531
532
536
539
541
542
548
549
551
554
555
556
558
559
560
561
562
563
564
565
566
568
569
570
571
573
575
579
581
586
587
589
591
593
596
599
600
602
603
609
612
614
617
619
620
621
623
628
630
631
633
634
635
636
637
641
642
643
645
646
647
648
649
650
655
656
664
665
668
669
670
671
676
681
682
683
685
688
689
690
691
692
694
695
696
697
698
699
700
701
702
703
704
705
707
709
712
714
717
718
721
722
723
725
726
727
728
730
735
737
738
740
742
743
744
746
747
748
753
754
755
756
757
759
760
763
765
769
771
773
775
776
778
782
785
787
789
790
791
792
795
796
797
799
802
803
809
814
815
817
818
819
820
823
824
825
827
828
830
832
833
834
837
838
841
842
843
845
846
848
849
853
856
859
861
864
865
868
870
871
872
874
876
879
880
881
883
887
889
890
891
892
895
896
899
900
901
903
904
906
907
908
909
914
915
917
918
920
921
923
929
930
931
932
934
935
937
938
942
943
944
945
947
952
954
955
960
961
962
964
967
970
974
975
978
980
984
986
988
994
995
996
997
999
1002
1003
1007
1008
1010
1011
1012
1016
1018
1020
1021
1022
1023
1024
1025
1029
1030
1036
1038
1041
1042
1043
1045
1046
1047
1048
1053
1054
1056
1057
1058
1061
1063
1065
1069
1071
1072
1073
1075
1076
1081
1082
1084
1085
1088
1094
1095
1096
1097
1099
1102
1104
1106
1108
1111
1112
1115
1117
1119
1120
1123
1124
1125
1126
1128
1135
1137
1138
1142
1144
1150
1152
1154
1155
1156
1163
1164
1170
1173
1175
1177
1178
1181
1182
1183
1186
1187
1189
1190
1191
1192
1195
1196
1198
1200
1203
1204
1206
1208
1209
1210
1214
1219
1224
1226
1227
1228
1231
1232
1233
1234
1235
1236
1237
1238
1241
1245
1246
1247
1248
1250
1253
1255
1258
1260
1262
1263
1264
1265
1267
1269
1271
1272
1274
1282
1284
1285
1286
1287
1292
1293
1294
1295
1296
1297
1298
1299
1301
1302
1304
1305
1309
1310
1311
1314
1315
1316
1317
1321
1323
1325
1326
1327
1328
1329
1330
1331
1337
1338
1339
1340
1341
1343
1347
1348
1351
1352
1354
1356
1357
1361
1364
1365
1369
1371
1372
1374
1375
1378
1379
1380
1382
1388
1390
1392
1394
1395
1398
1399
1403
1404
1405
1406
1407
1409
1413
1414
1416
1417
1418
1419
1420
1421
1426
1427
1428
1430
1431
1435
1441
1442
1443
1444
1447
1448
1449
1450
1451
1452
1454
1455
1456
1457
1461
1462
1463
1466
1467
1468
1469
1470
1471
1473
1474
1475
1476
1478
1479
1481
1483
1486
1487
1489
1490
1492
1495
1497
1498
1499
1507
1509
1510
1513
1514
1515
1516
1517
1519
1520
1523
1525
1526
1527
1529
1530
1531
1534
1535
1537
1538
1539
1542
1543
1544
1547
1554
1555
1556
1557
1565
1567
1569
1572
1573
1575
1576
1577
1578
1582
1584
1589
1592
1596
1598
1599
1601
1602
1603
1610
1613
1617
1618
1620
1623
1624
1628
1630
1632
1635
1637
1640
1643
1644
1645
1646
1647
1650
1652
1654
1657
1658
1659
1662
1663
1664
1667
1670
1672
1673
1676
1677
1678
1680
1681
1682
1683
1685
1686
1688
1689
1690
1692
1693
1695
1697
1698
1700
1701
1702
1703
1704
1706
1707
1708
1709
1711
1712
1717
1718
1720
1722
1725
1726
1727
1729
1730
1732
1733
1734
1742
1746
1750
1751
1752
1753
1754
1755
1758
1763
1764
1765
1769
1771
1772
1773
1774
1777
1779
1783
1785
1789
1790
1793
1794
1796
1800
1802
1804
1807
1808
1809
1812
1815
1817
1819
1820
1823
1825
1827
1834
1839
1841
1843
1849
1854
1857
1859
1860
1863
1865
1867
1869
1874
1878
1880
1882
1884
1886
1887
1888
1889
1890
1892
1894
1896
1898
1901
1904
1905
1907
1908
1910
1917
1918
1919
1924
1931
1934
1937
1939
1941
1943
1944
1945
1947
1948
1949
1950
1951
1952
1953
1955
1959
1961
1964
1965
1972
1974
1977
1980
1982
1984
1992
1993
1994
1996
1997
1998
2001
2003
2004
2005
2006
2009
2010
2011
2012
2013
2014
2015
2018
2019
2020
2023
2025
2026
2027
2029
2030
2031
2032
2035
2039
2043
2045
2048
2049
2052
2053
2054
2055
2062
2064
2065
2066
2067
2069
2070
2074
2075
2076
2078
2079
2080
2081
2083
2086
2087
2088
2089
2093
2095
2098
2099
2102
2103
2106
2110
2111
2113
2114
2116
2117
2118
2119
2120
2121
2123
2125
2129
2130
2132
2133
2135
2137
2139
2141
2145
2148
2149
2151
2155
2156
2157
2158
2159
2160
2161
2166
2167
2169
2171
2172
2174
2180
2183
2184
2185
2187
2192
2193
2196
2198
2200
2203
2204
2205
2207
2208
2209
2210
2212
2213
2215
2221
2229
2230
2232
2233
2234
2235
2239
2240
2241
2245
2248
2249
2250
2253
2254
2256
2258
2262
2264
2265
2268
2269
2270
2271
2272
2273
2275
2276
2277
2278
2279
2280
2281
2282
2285
2286
2288
2289
2291
2293
2295
2296
2297
2298
2301
2302
2303
2304
2306
2313
2314
2316
2319
2320
2322
2326
2328
2329
2331
2333
2337
2339
2340
2341
2343
2347
2348
2349
2350
2351
2352
2353
2355
2356
2362
2366
2367
2368
2370
2371
2372
2374
2375
2376
2377
2378
2379
2382
2383
2387
2388
2389
2393
2396
2398
2399
2400
2402
2404
2406
2409
2410
2411
2412
2414
2417
2421
2423
2424
2425
2426
2427
2428
2429
2431
2436
2437
2438
2440
2442
2444
2445
2447
2448
2449
2453
2458
2460
2461
2464
2469
2472
2477
2478
2480
2482
2483
2485
2492
2494
2497
2501
2505
2506
2508
2509
2510
2511
2514
2515
2520
2522
2523
2525
2526
2527
2528
2531
2533
2535
2539
2540
2542
2543
2544
2547
2549
2550
2552
2557
2558
2560
2562
2565
2568
2571
2574
2575
2576
2579
2580
2582
2584
2586
2589
2592
2593
2595
2596
2602
2604
2609
2617
2618
2619
2623
2624
2626
2627
2630
2632
2633
2636
2639
2643
2644
2645
2647
2648
2650
2652
2653
2654
2655
2656
2660
2661
2662
2664
2666
2668
2670
2671
2673
2674
2678
2679
2681
2684
2685
2687
2691
2693
2696
2697
2698
2699
2700
2701
2702
2704
2705
2711
2714
2715
2716
2717
2718
2720
2723
2725
2727
2728
2729
2731
2733
2738
2739
2740
2741
2742
2751
2752
2753
2755
2756
2758
2760
2764
2765
2766
2768
2774
2775
2777
2778
2788
2789
2790
2797
2799
2802
2804
2805
2807
2812
2813
2815
2816
2820
2821
2822
2824
2825
2831
2832
2833
2837
2838
2842
2843
2844
2845
2846
2848
2850
2851
2853
2855
2857
2858
2859
2860
2861
2862
2863
2865
2866
2869
2871
2872
2873
2877
2878
2880
2881
2884
2885
2886
2888
2890
2894
2895
2896
2897
2901
2906
2907
2908
2912
2914
2919
2920
2922
2924
2925
2926
2928
2933
2936
2942
2944
2947
2949
2951
2952
2954
2957
2958
2959
2960
2962
2963
2966
2968
2969
2976
2980
2982
2983
2985
2986
2988
2993
2994
3000
3001
3002
3003
3004
3005
3006
3010
3011
3012
3015
3016
3018
3023
3027
3028
3029
3030
3033
3034
3036
3040
3041
3042
3043
3044
3046
3047
3048
3049
3050
3051
3053
3054
3057
3058
3061
3062
3063
3065
3066
3067
3068
3069
3071
3075
3078
3079
3080
3081
3082
3083
3084
3086
3087
3091
3093
3094
3096
3097
3100
3101
3102
3103
3104
3106
3107
3108
3110
3111
3113
3117
3118
3119
3120
3121
3122
3123
3126
3127
3128
3129
3130
3131
3132
3133
3134
3145
3146
3148
3149
3151
3153
3154
3155
3159
3160
3163
3165
3166
3167
3170
3171
3172
3173
3177
3178
3180
3182
3183
3185
3186
3187
3188
3191
3194
3195
3196
3198
3199
3200
3201
3202
3203
3206
3209
3211
3212
3213
3215
3216
3217
3218
3220
3222
3224
3225
3226
3227
3231
3233
3234
3236
3237
3240
3241
3244
3246
3248
3250
3253
3256
3257
3258
3259
3261
3264
3265
3266
3268
3273
3275
3283
3284
3285
3288
3291
3294
3298
3300
3302
3303
3304
3305
3307
3308
3309
3315
3316
3317
3320
3321
3322
3325
3326
3328
3329
3330
3335
3336
3337
3338
3339
3340
3342
3343
3345
3346
3348
3349
3353
3356
3358
3361
3364
3366
3370
3371
3372
3374
3376
3378
3380
3381
3383
3384
3385
3393
3395
3397
3402
3404
3405
3406
3407
3409
3410
3411
3412
3413
3414
3415
3416
3417
3419
3420
3423
3424
3425
3426
3427
3430
3431
3432
3433
3434
3436
3437
3438
3439
3443
3444
3446
3448
3450
3451
3453
3455
3456
3459
3460
3462
3463
3464
3467
3469
3470
3471
3475
3477
3478
3479
3482
3484
3485
3486
3490
3497
3499
3503
3504
3505
3508
3510
3511
3514
3515
3517
3518
3519
3520
3521
3522
3526
3527
3529
3530
3531
3532
3533
3534
3538
3539
3540
3541
3543
3544
3545
3551
3554
3555
3556
3557
3558
3559
3561
3562
3563
3564
3565
3568
3569
3575
3577
3578
3579
3582
3583
3584
3585
3586
3588
3589
3590
3591
3592
3594
3595
3596
3597
3598
3599
3600
3602
3603
3604
3605
3606
3607
3608
3609
3611
3612
3613
3614
3615
3616
3618
3619
3672
3673
3677
3679
3693
3696
3698
3708
3709
3711
3712
3717
3719
3721
3725
3726
3727
3730
3731
3733
3734
3735
3736
3738
3742
3743
3745
3747
3749
3751
3753
3755
3757
3760
3763
3764
3767
3768
3770
3773
3777
3778
3780
3781
3782
3784
3786
3787
3788
3789
3791
3792
3793
3795
3800
3802
3806
3808
3809
3810
3811
3814
3817
3820
3826
3831
3834
3835
3837
3838
3842
3844
3845
3848
3849
3850
3855
3857
3858
3859
3862
3864
3865
3867
3868
3870
3871
3875
3876
3877
3880
3881
3882
3884
3890
3893
3894
3896
3897
3898
3899
3903
3909
3911
3915
3916
3917
3920
3922
3923
3925
3926
3928
3929
3931
3934
3937
3938
3942
3945
3946
3947
3950
3952
3954
3955
3956
3958
3959
3964
3965
3966
3968
3972
3973
3976
3981
3982
3985
3987
3989
3990
3993
3994
3996
3998
4000
4003
4004
4007
4008
4010
4017
4018
4020
4022
4023
4029
4030
4031
4033
4039
4042
4043
4044
4045
4047
4048
4050
4051
4052
4053
4054
4056
4061
4064
4066
4068
4070
4071
4072
4074
4075
4077
4078
4079
4080
4081
4083
4086
4087
4088
4090
4092
4097
4100
4104
4105
4106
4108
4109
4111
4112
4113
4115
4117
4118
4119
4121
4122
4123
4125
4128
4133
4134
4137
4140
4143
4148
4153
4155
4156
4157
4158
4159
4161
4170
4172
4173
4174
4175
4176
4178
4182
4183
4186
4190
4191
4193
4194
4200
4203
4204
4207
4210
4215
4216
4219
4220
4223
4224
4225
4226
4228
4229
4230
4231
4232
4234
4235
4236
4240
4243
4247
4248
4249
4250
4251
4252
4253
4254
4255
4257
4258
4259
4260
4263
4265
4267
4271
4272
4273
4274
4278
4279
4280
4282
4284
4285
4289
4290
4291
4294
4295
4297
4304
4307
4308
4310
4311
4312
4315
4316
4317
4319
4323
4324
4325
4326
4328
4330
4332
4333
4335
4336
4338
4339
4340
4342
4343
4344
4345
4348
4350
4352
4354
4355
4356
4358
4363
4364
4365
4366
4370
4372
4373
4374
4376
4378
4380
4381
4385
4386
4387
4388
4389
4390
4391
4392
4393
4396
4398
4400
4404
4406
4407
4408
4413
4414
4415
4416
4418
4419
4420
4421
4427
4428
4430
4431
4433
4434
4435
4436
4438
4440
4443
4447
4448
4449
4450
4451
4453
4455
4459
4460
4461
4464
4465
4466
4469
4471
4472
4474
4475
4490
4491
4497
4499
4500
4501
4502
4504
4505
4506
4507
4508
4510
4511
4512
4514
4516
4517
4520
4521
4523
4525
4526
4527
4528
4529
4534
4535
4540
4541
4543
4548
4551
4554
4555
4559
4560
4561
4563
4567
4569
4571
4572
4573
4574
4576
4578
4579
4580
4581
4584
4586
4588
4589
4593
4594
4596
4599
4600
7
13
14
17
26
28
33
39
41
51
54
58
59
61
65
66
67
68
73
83
85
89
92
93
103
104
105
106
108
109
119
120
124
129
131
132
133
138
139
142
150
155
157
159
160
162
167
173
179
183
187
194
196
197
198
199
206
211
212
218
222
224
225
232
236
238
240
241
242
246
249
250
252
253
259
260
261
266
267
272
273
278
287
289
294
295
300
304
305
311
312
313
322
324
325
334
347
350
358
359
366
370
373
376
377
378
379
382
385
396
399
403
404
415
418
423
425
426
427
432
439
443
452
456
461
467
474
476
480
481
484
485
489
491
500
501
502
505
507
512
520
522
523
525
528
533
538
540
544
552
553
557
567
577
578
582
583
584
585
594
595
605
606
607
608
610
613
618
624
626
632
638
639
640
644
654
657
662
663
666
672
674
677
678
680
684
686
706
710
711
716
720
732
733
736
752
768
770
774
777
779
781
783
786
794
801
806
807
808
811
813
822
835
839
840
847
850
852
854
857
860
862
863
866
869
877
882
884
885
894
897
902
905
911
913
916
922
928
933
936
939
940
946
948
949
953
958
966
968
972
973
977
979
982
990
991
993
1000
1001
1009
1013
1014
1017
1027
1031
1034
1035
1037
1039
1040
1049
1055
1060
1062
1064
1074
1077
1078
1080
1083
1086
1087
1089
1090
1091
1093
1100
1101
1103
1105
1107
1110
1113
1121
1122
1129
1130
1132
1134
1136
1140
1143
1145
1146
1151
1153
1158
1159
1160
1166
1168
1172
1179
1180
1184
1205
1211
1213
1216
1217
1220
1221
1222
1239
1242
1244
1251
1254
1256
1261
1266
1268
1270
1279
1280
1281
1283
1288
1289
1290
1291
1300
1306
1308
1313
1320
1322
1324
1332
1334
1336
1350
1353
1355
1358
1362
1363
1366
1368
1370
1377
1381
1384
1385
1387
1389
1393
1400
1402
1408
1410
1412
1422
1423
1429
1434
1437
1438
1439
1445
1446
1458
1460
1464
1465
1472
1477
1480
1482
1493
1494
1500
1501
1502
1504
1511
1518
1522
1528
1533
1536
1540
1548
1549
1551
1552
1558
1559
1560
1574
1579
1580
1581
1583
1585
1588
1594
1595
1600
1608
1611
1614
1616
1619
1621
1625
1627
1633
1636
1642
1648
1649
1655
1656
1660
1665
1668
1669
1675
1684
1691
1694
1705
1710
1713
1716
1721
1724
1728
1735
1736
1739
1744
1745
1747
1748
1749
1756
1759
1760
1761
1768
1775
1776
1778
1780
1782
1784
1786
1787
1795
1798
1805
1806
1810
1813
1816
1822
1828
1831
1833
1836
1838
1840
1845
1846
1855
1856
1861
1862
1864
1866
1871
1872
1876
1877
1881
1885
1895
1897
1903
1906
1911
1912
1913
1916
1925
1926
1927
1928
1930
1932
1936
1938
1942
1956
1958
1966
1967
1971
1973
1975
1978
1979
1985
1988
1990
1991
1995
1999
2000
2007
2008
2016
2021
2022
2041
2042
2046
2047
2058
2060
2071
2072
2084
2085
2090
2091
2092
2101
2104
2107
2112
2124
2127
2131
2134
2136
2138
2146
2147
2152
2163
2165
2170
2173
2175
2176
2177
2181
2186
2188
2195
2201
2202
2211
2218
2220
2223
2228
2238
2242
2243
2246
2259
2261
2266
2283
2290
2292
2299
2300
2309
2311
2312
2317
2318
2321
2323
2330
2332
2344
2357
2358
2359
2360
2363
2365
2373
2380
2381
2390
2391
2392
2394
2397
2401
2403
2405
2408
2418
2422
2433
2434
2439
2441
2446
2450
2452
2454
2455
2465
2466
2467
2468
2470
2471
2473
2475
2476
2479
2484
2490
2493
2495
2498
2499
2500
2504
2512
2513
2517
2521
2532
2536
2537
2538
2545
2546
2548
2554
2561
2570
2577
2585
2590
2597
2598
2599
2601
2606
2607
2608
2610
2612
2613
2616
2622
2628
2634
2640
2641
2642
2646
2649
2651
2658
2669
2677
2680
2682
2683
2686
2688
2689
2690
2692
2703
2707
2709
2712
2713
2719
2722
2724
2730
2735
2743
2744
2745
2747
2749
2750
2761
2763
2767
2770
2772
2773
2776
2787
2792
2793
2806
2810
2818
2819
2828
2835
2839
2841
2852
2854
2864
2867
2870
2874
2882
2883
2887
2891
2893
2899
2904
2905
2909
2913
2915
2916
2917
2923
2927
2930
2931
2932
2935
2937
2938
2940
2945
2953
2956
2961
2964
2967
2970
2974
2977
2981
2987
2995
2998
3007
3014
3019
3020
3021
3024
3026
3031
3032
3035
3038
3045
3052
3055
3059
3064
3072
3074
3089
3090
3092
3099
3105
3112
3114
3115
3116
3124
3125
3136
3140
3141
3142
3143
3144
3150
3156
3164
3174
3175
3179
3193
3197
3208
3214
3242
3243
3247
3249
3252
3255
3262
3263
3269
3276
3277
3278
3281
3282
3289
3296
3297
3301
3306
3310
3311
3312
3313
3314
3318
3324
3327
3331
3334
3350
3352
3354
3360
3363
3367
3369
3373
3375
3386
3388
3389
3391
3396
3399
3403
3408
3428
3429
3435
3440
3442
3449
3465
3473
3474
3476
3480
3483
3487
3491
3496
3502
3507
3516
3525
3537
3542
3546
3548
3550
3552
3566
3571
3572
3573
3576
3580
3581
3610
3624
3638
3649
3650
3651
3652
3653
3654
3655
3656
3657
3658
3660
3661
3662
3663
3664
3667
3668
3669
3670
3671
3674
3675
3676
3680
3681
3683
3684
3686
3687
3688
3691
3692
3697
3699
3701
3703
3704
3706
3707
3710
3713
3715
3722
3740
3746
3750
3752
3754
3756
3758
3766
3774
3775
3776
3779
3783
3790
3794
3796
3799
3803
3805
3812
3815
3818
3828
3833
3836
3839
3840
3841
3846
3847
3854
3856
3869
3874
3878
3883
3886
3888
3900
3902
3905
3906
3907
3913
3924
3927
3930
3935
3940
3941
3943
3949
3961
3969
3975
3977
3979
3983
3984
3986
3988
3999
4001
4002
4005
4009
4012
4013
4014
4016
4019
4024
4025
4035
4037
4040
4046
4049
4055
4057
4058
4060
4062
4063
4069
4084
4093
4094
4095
4096
4101
4103
4110
4114
4116
4129
4136
4138
4139
4141
4145
4146
4147
4149
4154
4163
4164
4166
4168
4179
4181
4184
4192
4195
4199
4201
4202
4205
4208
4209
4211
4213
4218
4222
4233
4237
4238
4241
4242
4244
4245
4246
4266
4276
4281
4287
4302
4305
4313
4314
4320
4331
4334
4337
4346
4347
4349
4351
4353
4357
4359
4361
4367
4368
4371
4375
4377
4383
4384
4397
4402
4403
4409
4412
4424
4425
4441
4442
4445
4446
4452
4456
4458
4467
4468
4473
4476
4477
4479
4484
4485
4487
4488
4494
4495
4503
4509
4515
4518
4519
4524
4537
4539
4542
4544
4545
4546
4547
4549
4553
4556
4562
4564
4575
4583
4585
4587
4591
4597
2
4
5
6
8
9
18
19
27
29
30
31
32
40
44
52
64
70
79
82
90
100
110
111
114
115
116
118
121
125
130
134
136
140
146
152
156
164
172
174
177
178
180
186
188
190
204
205
208
213
219
220
226
227
234
239
247
254
262
264
270
279
280
281
284
286
288
290
297
301
303
308
315
329
330
340
341
342
348
349
352
360
361
371
372
384
389
391
392
393
394
407
408
412
413
414
419
420
422
435
440
444
449
450
457
463
468
472
473
477
487
492
494
495
498
504
510
511
513
515
516
524
534
535
537
543
545
546
547
550
572
574
576
580
588
590
592
597
598
601
604
611
615
616
622
625
627
629
651
652
653
658
659
660
661
667
673
675
679
687
693
708
713
715
719
724
729
731
734
739
741
745
749
750
751
758
761
762
764
766
767
772
780
784
788
793
798
800
804
805
810
812
816
821
826
829
831
836
844
851
855
858
867
873
875
878
886
888
893
898
910
912
919
924
925
926
927
941
950
951
956
957
959
963
965
969
971
976
981
983
985
987
989
992
998
1004
1005
1006
1015
1019
1026
1028
1032
1033
1044
1050
1051
1052
1059
1066
1067
1068
1070
1079
1092
1098
1109
1114
1116
1118
1127
1131
1133
1139
1141
1147
1148
1149
1157
1161
1162
1165
1167
1169
1171
1174
1176
1185
1188
1193
1194
1197
1199
1201
1202
1207
1212
1215
1218
1223
1225
1229
1230
1240
1243
1249
1252
1257
1259
1273
1275
1276
1277
1278
1303
1307
1312
1318
1319
1333
1335
1342
1344
1345
1346
1349
1359
1360
1367
1373
1376
1383
1386
1391
1396
1397
1401
1411
1415
1424
1425
1432
1433
1436
1440
1453
1459
1484
1485
1488
1491
1496
1503
1505
1506
1508
1512
1521
1524
1532
1541
1545
1546
1550
1553
1561
1562
1563
1564
1566
1568
1570
1571
1586
1587
1590
1591
1593
1597
1604
1605
1606
1607
1609
1612
1615
1622
1626
1629
1631
1634
1638
1639
1641
1651
1653
1661
1666
1671
1674
1679
1687
1696
1699
1714
1715
1719
1723
1731
1737
1738
1740
1741
1743
1757
1762
1766
1767
1770
1781
1788
1791
1792
1797
1799
1801
1803
1811
1814
1818
1821
1824
1826
1829
1830
1832
1835
1837
1842
1844
1847
1848
1850
1851
1852
1853
1858
1868
1870
1873
1875
1879
1883
1891
1893
1899
1900
1902
1909
1914
1915
1920
1921
1922
1923
1929
1933
1935
1940
1946
1954
1957
1960
1962
1963
1968
1969
1970
1976
1981
1983
1986
1987
1989
2002
2017
2024
2028
2033
2034
2036
2037
2038
2040
2044
2050
2051
2056
2057
2059
2061
2063
2068
2073
2077
2082
2094
2096
2097
2100
2105
2108
2109
2115
2122
2126
2128
2140
2142
2143
2144
2150
2153
2154
2162
2164
2168
2178
2179
2182
2189
2190
2191
2194
2197
2199
2206
2214
2216
2217
2219
2222
2224
2225
2226
2227
2231
2236
2237
2244
2247
2251
2252
2255
2257
2260
2263
2267
2274
2284
2287
2294
2305
2307
2308
2310
2315
2324
2325
2327
2334
2335
2336
2338
2342
2345
2346
2354
2361
2364
2369
2384
2385
2386
2395
2407
2413
2415
2416
2419
2420
2430
2432
2435
2443
2451
2456
2457
2459
2462
2463
2474
2481
2486
2487
2488
2489
2491
2496
2502
2503
2507
2516
2518
2519
2524
2529
2530
2534
2541
2551
2553
2555
2556
2559
2563
2564
2566
2567
2569
2572
2573
2578
2581
2583
2587
2588
2591
2594
2600
2603
2605
2611
2614
2615
2620
2621
2625
2629
2631
2635
2637
2638
2657
2659
2663
2665
2667
2672
2675
2676
2694
2695
2706
2708
2710
2721
2726
2732
2734
2736
2737
2746
2748
2754
2757
2759
2762
2769
2771
2779
2780
2781
2782
2783
2784
2785
2786
2791
2794
2795
2796
2798
2800
2801
2803
2808
2809
2811
2814
2817
2823
2826
2827
2829
2830
2834
2836
2840
2847
2849
2856
2868
2875
2876
2879
2889
2892
2898
2900
2902
2903
2910
2911
2918
2921
2929
2934
2939
2941
2943
2946
2948
2950
2955
2965
2971
2972
2973
2975
2978
2979
2984
2989
2990
2991
2992
2996
2997
2999
3008
3009
3013
3017
3022
3025
3037
3039
3056
3060
3070
3073
3076
3077
3085
3088
3095
3098
3109
3135
3137
3138
3139
3147
3152
3157
3158
3161
3162
3168
3169
3176
3181
3184
3189
3190
3192
3204
3205
3207
3210
3219
3221
3223
3228
3229
3230
3232
3235
3238
3239
3245
3251
3254
3260
3267
3270
3271
3272
3274
3279
3280
3286
3287
3290
3292
3293
3295
3299
3319
3323
3332
3333
3341
3344
3347
3351
3355
3357
3359
3362
3365
3368
3377
3379
3382
3387
3390
3392
3394
3398
3400
3401
3418
3421
3422
3441
3445
3447
3452
3454
3457
3458
3461
3466
3468
3472
3481
3488
3489
3492
3493
3494
3495
3498
3500
3501
3506
3509
3512
3513
3523
3524
3528
3535
3536
3547
3549
3553
3560
3567
3570
3574
3587
3593
3601
3617
3620
3621
3622
3623
3625
3626
3627
3628
3629
3630
3631
3632
3633
3634
3635
3636
3637
3639
3640
3641
3642
3643
3644
3645
3646
3647
3648
3659
3665
3666
3678
3682
3685
3689
3690
3694
3695
3700
3702
3705
3714
3716
3718
3720
3723
3724
3728
3729
3732
3737
3739
3741
3744
3748
3759
3761
3762
3765
3769
3771
3772
3785
3797
3798
3801
3804
3807
3813
3816
3819
3821
3822
3823
3824
3825
3827
3829
3830
3832
3843
3851
3852
3853
3860
3861
3863
3866
3872
3873
3879
3885
3887
3889
3891
3892
3895
3901
3904
3908
3910
3912
3914
3918
3919
3921
3932
3933
3936
3939
3944
3948
3951
3953
3957
3960
3962
3963
3967
3970
3971
3974
3978
3980
3991
3992
3995
3997
4006
4011
4015
4021
4026
4027
4028
4032
4034
4036
4038
4041
4059
4065
4067
4073
4076
4082
4085
4089
4091
4098
4099
4102
4107
4120
4124
4126
4127
4130
4131
4132
4135
4142
4144
4150
4151
4152
4160
4162
4165
4167
4169
4171
4177
4180
4185
4187
4188
4189
4196
4197
4198
4206
4212
4214
4217
4221
4227
4239
4256
4261
4262
4264
4268
4269
4270
4275
4277
4283
4286
4288
4292
4293
4296
4298
4299
4300
4301
4303
4306
4309
4318
4321
4322
4327
4329
4341
4360
4362
4369
4379
4382
4394
4395
4399
4401
4405
4410
4411
4417
4422
4423
4426
4429
4432
4437
4439
4444
4454
4457
4462
4463
4470
4478
4480
4481
4482
4483
4486
4489
4492
4493
4496
4498
4513
4522
4530
4531
4532
4533
4536
4538
4550
4552
4557
4558
4565
4566
4568
4570
4577
4582
4590
4592
4595
4598
