4
4
3
0.0
0.0
1.0
0.0
0.24576271325349808
0.0
-1
0.0
0.0
0.0
0.0
0.0
0.0
0
0.0
0.0
1.0
0.0
0.661016970872879
0.0
-1
0.0
0.0
0.0
0.0
0.0
0.0
-1
0.0
0.0
0.0
0.0
0.0
0.0
-1
0.0
0.0
0.0
1.0
0.6458333432674408
0.0
-1
0.0
0.0
0.0
1.0
0.6666666567325592
0.0
-1
0.0
0.0
0.0
0.0
0.0
0.0
-1
0.0
0.0
0.0
0.0
0.0
0.0
-1
0.0
0.0
0.0
0.0
0.0
0.0
-1
0.0
0.0
0.0
0.0
0.0
0.0
-1
0.0
0.0
0.0
0.0
0.0
0.0
1
0.0
1.0
0.0
0.0
0.4583333283662796
0.0
-1
0.0
0.0
0.0
1.0
0.6041666567325592
0.0
-1
0.0
0.0
0.0
0.0
0.0
0.0
2
-1
-1
-1
-1
-1
-1
-1
-1
-1
-1
2
1
2
1
-1
-1
