4
4
3
0.0
0.0
0.0
1.0
0.2708333358168602
0.0
-1
0.0
0.0
0.0
0.0
0.0
0.0
0
0.0
0.0
0.0
1.0
0.6458333432674408
0.0
-1
0.0
0.0
0.0
0.0
0.0
0.0
-1
0.0
0.0
0.0
0.0
0.0
0.0
-1
0.0
0.0
1.0
0.0
0.661016970872879
0.0
-1
0.0
0.0
0.0
0.0
0.0
0.0
2
0.0
0.0
0.0
0.0
0.0
0.0
-1
0.0
0.0
0.0
0.0
0.0
0.0
-1
0.0
0.0
0.0
0.0
0.0
0.0
-1
0.0
0.0
0.0
0.0
0.0
0.0
-1
0.0
0.0
0.0
0.0
0.0
0.0
1
0.0
0.0
0.0
1.0
0.6041666567325592
0.0
-1
0.0
0.0
0.0
0.0
0.0
0.0
-1
0.0
0.0
0.0
0.0
0.0
0.0
-1
-1
-1
-1
-1
-1
-1
-1
-1
-1
-1
2
1
-1
-1
-1
-1
