30
2
3
0.6115283847178903
0.33870520882009175
0.4637179129652019
0.8372052194195057
0.6533989342239052
0.4185734856500315
0.7682088699612558
0.4366535642147504
0.5710526746523414
0.6663330640616023
0.5278125580118702
0.508379953586349
0.48867417143419206
0.6149408339920931
0.48787795151953633
0.8768861664939274
0.6719500743155118
0.6777687622688614
0.645144851754209
0.7330723421586738
0.34580940797461884
0.46994538653767326
0.12888613248055372
0.5499833426133145
0.21071577662880378
0.6389820793058986
0.24104756566506397
0.6582536498321511
0.4053578544558592
0.7809778175923708
0.26946074016202953
0.45029205161213726
0.0
0.4748396546035518
0.43710372626138366
0.4556177530286376
0.28179613683164195
0.904449889808493
0.1677070884900213
0.4403945770156944
1.0
0.7164075832009671
0.870551010547362
0.4562075560657221
0.9573550995179888
0.5794918092221454
0.9623424250948085
0.5191104769539475
0.7310962575492472
0.5886806114246912
0.7738316800489028
0.7094085418026029
0.7861517366280222
0.0
0.9311955683855992
0.4570438003463942
0.782481556937359
0.316019963701236
0.8601654917132339
1.0
0
0
0
0
0
0
0
0
0
0
1
1
1
1
1
1
1
1
1
1
2
2
2
2
2
2
2
2
2
2
