40
2
4
0.5632204114811071
0.08918347039949354
0.4787249916420528
0.06140531248462789
0.3901335327363404
0.05998492859604159
0.5157876014909402
0.0
0.13716732485456345
0.13747111263031464
0.04343335101302031
0.36718661509996153
0.10328367711316261
0.25941812010378035
0.0
0.03475123186715211
0.190779297752679
0.23871227717554863
0.2149721195009447
0.1355541461578258
0.06140252457038227
0.6937001079213342
0.2055148587122848
0.8071384197057464
0.09714914942583022
0.8243206643571247
0.25071418927915884
0.7811534609206018
0.4196175780939057
0.8617402902156525
0.13074926321804892
0.6418489210946104
0.14199471218818158
0.9239853470651518
0.22884394252939272
1.0
0.15966451209822222
0.805767358978666
0.36296658714037405
0.7883306739596213
0.93108079851309
0.43775415337722867
0.8848480979824229
0.31667691302102663
0.8769368762926184
0.48335483424210607
0.5109213147747682
0.18930614174798804
0.5958572254801717
0.3348152167783804
0.45392560374781915
0.32857688254541123
0.759371022203126
0.38717733976506263
1.0
0.34965750227509096
0.7387923687214246
0.6339593136290755
0.6768257615702366
0.705808932219869
0.026443941274527864
0.5461633693974266
0.05730749538698571
0.4984700038857193
0.08181451834047056
0.4849669794678272
0.3648410539319364
0.514475956182424
0.06834350589200389
0.6052853543171891
0.0443345869271829
0.5627103446312629
0.10569985018362486
0.21255228865151699
0.04749774161501953
0.5276074857732026
0.10959082463746093
0.5926253196911065
0.047779950539793635
0.35637782730300077
0
0
0
0
0
0
0
0
0
0
1
1
1
1
1
1
1
1
1
1
2
2
2
2
2
2
2
2
2
2
3
3
3
3
3
3
3
3
3
3
