15
2
3
1.0
0.0
0.9869700797766898
0.12283262873854825
0.7158799212142303
0.23704031028760206
0.6928389825237661
0.31212194609405297
0.8328625803917901
0.6877185621996272
0.24029270560144492
1.0
0.02114168514896937
0.9930098205843914
0.0
0.8214923219925407
0.09036055295167804
0.8474506832830904
0.23535895643645544
0.9740682160248133
0.43388537210155464
0.13493133669887222
0.17067261772995865
0.20231868240681775
0.3810181656444458
0.5121441136272772
0.25621372995051755
0.6381663370042582
0.44260534433344206
0.7866117043994912
0
0
0
0
0
1
1
1
1
1
2
2
2
2
2
