15
2
3
0.6958710246456536
0.9336215225454129
1.0
0.9675493450424137
0.5891385030896196
1.0
0.847282695840961
0.867472705729866
0.7798680434044529
0.6584681229800893
0.6814213408413361
0.1293792120176117
0.5630189344818819
0.2669419265942029
0.7618814215798185
0.0
0.8209807260821902
0.4329395654988669
0.6197370564962129
0.11897732374196193
0.4511396390914353
0.2805630512665614
0.07967043340920246
0.6379716440553508
0.0
0.4912881783158081
0.34800698981024825
0.27427744924836184
0.4132346451286694
0.719437314674063
0
0
0
0
0
1
1
1
1
1
2
2
2
2
2
