30
2
3
0.45257203362019766
0.11646548549801156
0.3136533928610139
0.44854990574830633
0.44991804055862283
0.530022769149972
0.4970501619331038
0.45398146373299997
0.24340643999791528
0.4748418236540229
0.31202833393228957
0.02567036832977186
0.5341776834885258
0.4405848991997543
0.5676306545569982
0.9124798914227082
0.4271327382335533
0.0
0.5850352474408158
0.7785294566920021
0.09888984490560283
0.561900265104013
1.0
0.7626694984169049
0.0
0.6013884171191928
0.11037030292631163
0.8560502191675323
0.977301748352478
0.47428671337818085
0.8831194251592979
0.45725884879959944
0.14975662570495632
0.8872199764011772
0.6345834766373603
0.5210783405969579
0.773412487388872
0.5407433500172141
0.6857780717257741
0.6555575475232551
0.6892018255525113
0.7458499874487228
0.9854393380359667
0.9751309239894356
0.6299054711236477
0.6165849625214146
0.5544286362558815
0.7247177132560226
0.5598535714556351
0.8914289247678399
0.6237917708091442
0.7024481402405053
0.9525686389932417
0.8715265700101098
0.37279322858704445
0.6808300062097852
0.23162463621725657
1.0
0.5086472052872699
0.9293443679220443
0
0
0
0
0
0
0
0
0
0
1
1
1
1
1
1
1
1
1
1
2
2
2
2
2
2
2
2
2
2
