40
2
4
0.5723491235890775
0.9065819216560628
0.048985656403650865
0.7957396690273112
0.2111567809847418
0.837133680132485
0.0
1.0
0.2821861566318881
0.6257179951224933
0.2918075129887202
0.7930987275280355
0.12921302430518478
0.7895258361418757
0.15837456497454752
0.8416668880693717
0.41608673797077445
0.9934203104994019
0.44041951532913576
0.7642240026476262
0.24460533928226025
0.08290420768111481
0.0071506331396935865
0.5476720935696019
0.3400778267606854
0.5531064223058797
0.14579093092456233
0.4061766322870447
0.23403748276120964
0.38039482244120204
0.09726296373321326
0.09919041314945079
0.22440901569893903
0.12858001622476348
0.26037143220668746
0.586049948618721
0.11304615390566067
0.5393259808004253
0.06527321521402604
0.5572048667069511
0.9611755029906192
0.42496550746284334
0.9541149997401901
0.15101983097493032
0.7728432336819338
0.1230306703351945
0.5184512671715
0.2820121317121494
0.8613813780101506
0.24105451027243843
0.9071831957221071
0.1083864045385529
0.8145539694901832
0.11692109421427822
1.0
0.14397646388558338
0.610695505960069
0.13095305117803552
0.8446020705142361
0.0
0.14971627009172783
0.35376088370589065
0.1289499515742243
0.48896702747585263
0.04204072887693842
0.49167584180704726
0.15529504503804142
0.43330578707348655
0.07988112459623663
0.6270173877374112
0.07864795744053907
0.450560833885921
0.17361798435292772
0.2893708279668289
0.18061246042201515
0.5454315309747587
0.36445709163470835
0.439766343669061
0.1460086906388552
0.5488557087599073
0
0
0
0
0
0
0
0
0
0
1
1
1
1
1
1
1
1
1
1
2
2
2
2
2
2
2
2
2
2
3
3
3
3
3
3
3
3
3
3
