15
2
3
0.5749217673417953
0.2407668835805424
0.30273079361937083
0.12587285056694789
0.4322824864837788
0.13675426478604097
0.29360463268485326
0.2607087776750036
0.4183996217152362
0.0
0.4907926674578533
0.3803582276009638
0.47821651851278973
1.0
1.0
0.29073787044096927
0.0
0.16143153722696701
0.17021637020550118
0.4119498585184801
0.6506165191740697
0.026555929128175705
0.49456304448724747
0.5532077582846617
0.6987265884278565
0.32481897163490425
0.8411825349614106
0.6415149775177518
0.6421452141857181
0.2495723036252994
0
0
0
0
0
1
1
1
1
1
2
2
2
2
2
