1598
799
799
1542
62
1926
3024
1533
1966
3175
1839
1309
2455
1669
442
2231
447
1547
1944
2351
2439
3164
769
1028
1866
386
334
3117
309
1165
118
542
2679
2141
282
2664
344
2454
1117
739
547
1752
2266
2579
2543
559
787
1927
1465
1924
271
2406
2080
2073
1019
2528
2004
1476
1354
1466
342
2553
164
2511
1150
1174
1288
991
1316
3108
2152
2833
2018
1065
2458
2382
81
2766
2676
1118
1182
2008
1365
578
712
150
692
2030
280
2657
2297
582
127
1103
1883
2481
2290
1701
2520
328
2506
757
1959
1464
987
2997
2770
794
1276
2891
1004
1209
2596
2691
1478
1043
1546
1813
1104
2951
776
1270
2408
909
2642
374
1290
314
2126
384
2208
297
2804
2278
2298
2295
1512
1127
457
3155
1537
2046
2826
1674
1052
2738
2907
1704
2193
1620
1202
2864
1934
2941
1008
2518
1821
1162
1799
1360
719
289
1784
1068
1275
2979
586
323
2036
3095
2123
405
1126
2480
2237
2613
3181
2923
2195
1234
166
1540
2320
880
1595
2048
2557
450
110
498
1520
1732
653
1764
2919
1877
1871
2695
111
1109
850
1691
1991
941
1033
1711
80
2978
1409
2137
1449
1923
2548
2358
998
1755
1294
915
2090
2311
1388
994
884
2641
2471
240
2566
725
1366
1083
1022
2754
1756
1080
912
857
1097
422
906
1511
2784
2785
2261
920
527
1775
1744
255
1682
2870
2712
876
1157
1175
1548
784
3092
17
2542
946
147
1353
1529
354
839
1517
1903
291
693
575
3190
887
1264
550
961
1500
3152
2549
444
1007
1851
1516
1205
3128
2858
19
131
3184
216
2346
3042
2140
1719
3044
2269
3062
1262
126
359
2280
1274
2052
2918
2047
1156
1841
2872
3111
2398
15
2294
589
199
195
2154
827
153
3012
3089
1783
934
1428
462
2883
465
2164
853
2852
1519
168
594
939
244
501
1782
387
474
2959
1479
2968
1386
642
2383
608
176
429
1650
2232
2388
2552
1395
1902
1011
1897
3056
727
1221
248
1692
144
2220
1988
632
1311
2908
1073
610
647
2851
3052
2527
2153
956
2284
1617
1814
2156
3026
620
482
486
561
2313
2035
2466
1108
967
2928
2287
1396
32
173
1843
336
1774
1095
907
2692
856
2210
2861
1218
2430
1886
263
1772
599
301
566
2903
2099
170
2462
1681
838
1141
2698
614
611
1338
220
276
2829
2662
2
68
242
1300
2556
156
402
136
2108
972
1213
1713
1911
2225
1832
1167
2252
1148
836
1468
1480
2260
2065
2175
1424
2420
1434
285
1048
1790
3165
2286
188
1536
992
2464
2703
1136
495
1350
3186
1012
892
1510
1398
1518
497
1291
2196
490
1828
1606
2645
2322
743
902
412
2413
3139
3001
2411
1149
2531
1708
252
1405
2226
201
940
2352
1397
2365
1776
763
817
1367
1589
3081
898
711
2093
819
2427
1912
1834
863
299
417
813
310
1786
2921
2638
3022
2068
192
1481
984
1003
2956
615
1145
2605
573
1370
3101
816
3130
93
1131
531
1709
685
521
2247
2508
2985
696
3093
1579
124
2414
1249
2563
1970
571
2845
1014
1034
1768
2134
1133
1470
2763
11
585
1574
1710
1652
2905
3094
1615
222
2812
1058
1965
2344
435
2894
385
1001
2230
756
183
1602
2111
491
205
3039
2846
139
811
2433
634
1158
2643
2748
2292
2279
3160
1696
502
85
1901
761
2200
264
2796
1046
1372
2276
600
2544
53
298
708
2801
3185
2600
1634
684
3147
278
2900
1881
2151
1659
3088
1138
1812
104
2943
3037
2776
1921
1238
101
2750
1894
180
1400
938
1622
313
1633
143
112
395
596
208
1678
1815
1876
456
1066
2275
2783
2404
669
1355
1261
326
35
2633
2538
885
2340
1558
2112
2467
453
2179
13
773
1868
2144
2370
2407
398
732
2378
2890
1587
2353
2843
604
2946
1233
1720
425
46
2197
1120
2937
2578
2731
2963
1204
1605
2397
2615
2255
2341
251
16
2942
2936
2757
175
187
831
274
2242
3070
2306
1106
2982
2105
2158
1919
2162
2885
3063
2118
1891
2825
2680
1093
854
3140
555
1101
3132
1006
267
2369
1414
2218
138
261
152
1706
2975
2541
1171
3180
651
3017
680
2042
2895
364
545
2631
1039
2410
191
3080
2892
541
3020
2265
2021
1962
771
3077
2534
663
300
2940
1628
2760
1211
2416
1992
1583
437
1961
1105
1054
701
2150
145
2308
1827
200
2330
679
2431
929
121
433
860
820
3076
641
1770
2120
911
1280
1925
471
1632
1332
1307
1761
2354
2747
2813
1436
528
2994
1703
1947
1155
954
3133
2040
1609
481
1523
2699
2055
846
2853
1323
20
918
675
1707
1161
2479
2363
25
2856
790
2814
113
2545
445
2061
2409
206
1590
2424
1038
411
895
2485
2500
2651
849
2189
2207
2515
2064
2483
2714
2422
1811
90
2888
1712
399
369
513
2630
971
2243
893
957
799
1849
2194
3059
355
1222
1061
2906
373
2708
3045
1357
2893
1646
350
1981
666
1817
2561
3057
2606
3066
2165
1750
1271
778
782
2505
485
5
945
83
1432
1573
473
2262
293
800
3131
612
3191
927
306
533
2121
1758
1596
231
1254
1644
553
1460
1555
2474
1714
1657
404
52
888
752
1044
2217
2682
14
1958
21
440
834
120
759
325
1266
1023
2648
905
1207
636
50
3136
2950
1277
1
1442
1187
2898
742
1253
115
18
1346
1025
3050
3074
2577
2844
2998
2221
302
2139
2450
1286
2567
852
1217
463
2355
1090
57
981
678
235
2339
2751
977
2161
1026
2403
801
1760
257
2990
202
2300
27
2798
2637
1513
1635
2806
92
1662
161
2863
2622
330
2060
1064
2570
3119
1726
3193
1715
1198
2399
381
728
1862
215
3033
973
3149
2054
861
1185
1333
2188
2384
171
889
1887
1302
1435
2147
2823
1914
377
1279
1049
2469
613
1042
1884
3067
649
287
1483
762
1971
353
2953
3194
962
1331
74
1328
203
1268
1406
1653
2446
2859
3109
1909
2585
1660
1928
33
1484
1315
2386
2509
639
3098
3125
3003
734
754
1055
3061
2461
2882
646
458
1967
735
3013
1013
1487
1184
1667
376
2336
674
2086
780
1585
2274
1016
1525
1717
1963
1303
2296
1945
260
2986
3146
570
538
2701
383
228
464
2282
1975
146
419
2683
2816
524
360
1057
768
1591
864
324
238
1895
356
1421
1861
3011
3142
943
87
1063
2130
1246
1491
3158
2562
1999
1641
1651
1419
798
1852
2909
1129
294
623
717
219
1978
1334
2039
1361
418
1867
2604
964
2711
796
2027
1534
1578
1629
1387
2043
72
1643
1096
10
3015
1964
1301
2250
88
1888
1347
420
1240
1433
995
1318
2581
375
1215
1417
1788
2401
3000
1429
2569
2349
3034
1998
1869
868
602
3096
434
1621
3173
2591
2842
2632
2044
123
197
2634
1538
1411
2688
721
726
2933
1654
2797
2171
1535
2149
2083
657
2966
2097
2976
1874
2732
590
1751
1619
2299
345
2136
371
2665
2077
2155
2639
2658
2886
1528
2418
2669
2019
1474
2095
36
791
2498
2595
1731
2473
781
2198
3183
2586
560
2000
2519
1285
990
2507
2002
3168
530
2334
2168
1180
1463
3010
397
1745
1220
2514
2755
2049
736
2601
1673
1317
2316
2228
2802
362
2565
2555
519
1809
812
2034
2492
1177
2405
1210
2088
2862
303
1741
2187
130
2821
2996
633
1610
2216
1072
2792
2435
1940
870
2504
1725
793
1376
1754
713
368
1499
2910
2721
841
2203
2759
919
2307
272
2288
2249
2715
1172
3177
1032
2183
1627
1616
576
1916
41
2227
1036
163
3141
1728
770
506
828
1494
2442
2716
2211
2432
1949
2667
2264
1950
3065
107
865
1124
1875
2367
3068
2089
2847
1873
783
2502
1490
1885
365
213
1938
2402
3048
2668
2902
2972
997
2629
2652
2626
1255
2066
1399
1069
1544
295
529
2984
2325
894
1152
1031
2623
148
730
926
1394
2489
1403
2635
2799
1146
2989
976
1458
1601
2072
223
1721
718
1521
1086
1857
396
1381
2074
2451
1110
390
1451
1115
2387
1181
603
256
221
1630
2690
29
1572
1791
1308
1438
2303
259
38
493
1440
704
296
2362
1420
3189
2598
1321
2425
305
624
996
1130
2177
1530
2117
565
1789
2233
1920
802
1626
1566
54
2530
97
1668
73
606
2376
605
3005
2131
587
3009
677
333
897
2020
1236
1224
522
1780
3004
496
249
1040
924
3148
1312
1613
3018
695
2835
1835
1702
71
135
227
1122
595
1486
569
3007
2526
1986
1324
3051
174
1509
230
1559
960
2621
3
1524
2681
1567
746
2608
1972
2448
1795
1229
1824
577
2327
536
3178
2393
2724
1441
253
1427
867
554
2592
3058
304
2329
178
723
3090
225
2029
2267
2051
275
1179
4
2460
1351
795
1147
1564
797
512
1781
258
2926
2822
1191
2830
3032
568
250
2827
269
1688
1718
593
204
162
3040
2794
2583
2178
1453
539
3172
229
1030
2694
2962
2920
332
1930
785
1649
2955
1051
683
2934
1369
2491
1846
1588
1437
487
2028
546
2589
42
2081
2419
400
169
1200
1611
1189
478
1982
30
1648
2212
517
676
2271
2015
687
2263
1642
1017
2337
1664
1797
2087
338
2550
1598
914
58
128
279
2771
393
1272
2011
3099
3083
1818
833
1282
2176
3156
2484
352
427
1777
2983
965
2157
3075
1144
968
543
1320
1295
1143
430
2991
75
2023
1140
551
65
1242
1918
2169
2434
2234
814
2050
2259
891
3112
681
1278
47
1736
1496
514
370
1154
1960
2762
277
1423
2947
34
986
2593
749
1212
2371
2733
1439
2100
1980
2305
284
2971
2478
2071
1747
843
899
1194
2939
1378
2338
1488
1570
2463
706
1864
1686
3174
2495
1348
2385
2400
823
822
3161
3021
2705
2880
2817
2616
2640
388
1377
2037
2315
1844
630
755
1900
2678
1373
403
1471
483
1594
2837
3154
3079
2309
1056
825
1935
0
661
1076
1810
637
2897
1506
1568
217
1973
1015
851
1374
1495
3153
2318
1597
1859
426
1223
116
86
724
100
266
2085
424
1677
1383
597
1082
2533
2304
454
1384
407
2499
500
2343
2091
1075
1293
3087
1251
102
1892
1675
878
1168
3187
1592
1974
3043
3049
2170
3122
3162
1245
1680
2258
448
2328
1554
1391
845
1322
1002
2666
667
978
691
1327
129
239
980
2098
2768
1305
2627
1087
2075
2546
488
1037
908
2612
1553
2696
66
786
1993
1879
1116
108
1459
1425
2974
160
2719
290
40
2470
2730
2038
479
2241
2938
2915
181
2839
805
1392
1636
933
246
31
321
1203
2447
2831
509
23
89
2488
659
76
1737
1314
98
1773
2656
645
2607
1655
2687
2539
1987
2456
268
760
935
2115
2444
1637
1492
2001
1905
1742
1942
904
2649
2735
2132
1190
643
421
452
1733
2644
2786
2671
1997
335
2927
1740
82
137
357
3016
117
1035
2999
1854
172
3118
480
3157
78
389
1070
549
3027
1472
7
1431
2749
1493
766
2026
1410
1352
316
142
67
2475
504
609
329
194
3084
2772
1858
2529
1825
331
2854
2476
2525
947
1041
2063
2746
1951
2423
2441
2445
655
2127
950
26
372
837
2911
788
361
2272
2824
1018
3071
507
3106
709
224
2981
2005
2884
3060
883
3046
1977
2070
1850
322
1265
2317
2961
351
1197
1798
2394
2914
2373
455
1250
1010
2857
459
626
3078
2301
2547
1823
2236
879
1730
1379
1445
1804
2624
2364
3121
122
2438
1939
2428
154
745
3107
1550
598
2359
2840
2718
308
1645
1426
3166
969
715
1467
125
2672
1792
1856
1948
1863
1984
1955
803
2521
1173
2617
963
1683
2957
1071
2646
1910
2588
1263
881
738
2494
720
682
2013
2465
3038
3167
2078
1368
2795
1186
567
1607
1027
2964
1310
190
2122
1283
1803
182
1820
2375
2109
1545
3143
2573
1306
648
3035
900
2041
2202
804
1475
3179
2417
1045
1329
114
1639
49
2181
2769
2389
1561
2283
468
2190
265
2779
2558
1159
975
951
1624
2960
1794
1853
1922
2673
1450
1665
1793
1208
2159
779
2253
579
1385
2135
1569
3025
2602
656
69
1206
3124
436
2172
43
1107
1339
472
1647
1244
2832
942
629
270
1640
343
2554
1575
1112
2321
484
588
751
1969
2106
1121
764
196
391
2765
24
477
1489
652
508
1358
379
2045
2277
226
2128
1899
1753
1767
537
716
2062
858
548
2429
211
2426
2725
466
1663
2186
1456
1685
932
2453
913
95
2922
1562
1241
262
1237
416
818
2912
503
2205
988
2574
2932
2333
2396
1838
423
1298
2945
970
1199
1800
2010
449
1716
94
581
1845
2741
2659
439
3072
1870
2761
2503
1865
1413
1128
2209
877
1125
3127
722
2391
3116
348
937
901
2324
3188
2102
241
1584
2929
1243
703
1260
871
2501
2954
1216
475
1551
2901
283
1508
2568
198
1994
91
1047
2873
2342
1801
1796
2468
2101
2819
492
2124
307
1178
3159
1060
1142
518
601
3163
1666
689
2273
842
193
312
2199
1256
184
1563
2377
409
2675
2582
1232
60
748
1907
431
2472
1904
523
3105
1979
2973
2740
340
556
830
1375
638
944
1448
848
955
179
1289
2191
2214
2076
1603
859
1586
2736
2866
635
1153
1848
2576
3120
1990
1679
1225
1485
2222
3054
1672
70
1443
1404
84
2660
401
618
1700
1618
320
1416
1299
2079
2058
1247
2693
59
394
1284
61
925
327
2916
1462
2737
535
1230
534
625
1407
511
1593
1505
3104
3134
1297
1024
2887
747
619
2709
1623
155
2213
2143
627
2281
928
1344
2166
2575
872
2774
2868
1195
2350
2314
1842
2580
2452
3036
737
1527
2332
2522
910
729
2516
882
1822
1113
707
2104
1259
1917
616
1287
1356
1738
1915
2849
1976
2238
2871
644
1281
2182
79
2440
1088
2744
1257
1226
2663
1296
1326
1556
366
2173
3135
3151
1552
428
315
3144
134
28
1473
774
869
63
2815
2017
1893
873
3115
2728
1330
562
1119
2803
1192
318
410
189
862
1658
1727
1661
2710
2697
3126
358
1137
903
1000
140
158
3114
665
2392
544
167
824
1077
1269
540
2948
948
3023
3008
1408
3150
234
2289
2323
2597
1808
2590
2865
2119
1847
2374
983
1765
592
714
159
2319
2245
1941
2787
2512
415
2381
1502
8
1477
621
3073
432
916
2952
1614
2513
2022
1872
3002
3103
1819
96
3082
141
671
317
3110
2848
1402
628
2540
3182
1098
874
1228
821
1549
1074
958
406
39
3006
2564
2828
2834
1599
1983
1457
2268
2653
2415
2611
319
341
2775
1612
1697
744
1176
2379
1695
1252
815
673
106
2335
510
363
1913
1757
2654
1571
2809
1831
494
2482
591
2877
1785
414
1196
1091
2239
2704
1693
1690
1337
3097
1005
2204
2107
2689
2487
1739
2742
2192
753
1779
931
1092
1455
1364
2924
2764
2572
2723
2707
574
896
469
2789
1349
2780
247
1581
1840
670
2811
2244
1763
505
1778
1371
214
2160
2129
750
56
2395
2661
847
3069
2614
1084
273
664
2215
1735
1067
516
1273
1855
1698
1059
2876
2752
413
151
1860
740
132
2025
1100
2059
1163
1029
777
109
1503
2133
55
45
22
3102
3041
1292
2670
583
1454
1604
2069
2031
1412
1689
2312
2486
807
3085
2875
1787
974
3192
985
3138
2610
2778
672
51
552
1953
1541
2700
1531
662
133
2142
339
1498
2685
835
1079
1631
378
2625
392
149
2836
2726
1342
2067
3170
2896
1114
1418
1009
2889
765
2587
1363
1829
959
2904
923
1362
1139
2619
2753
1676
1482
2084
1889
1670
2163
1557
2535
2965
1325
2745
1507
2628
982
1898
936
3145
177
1723
2103
254
2057
2285
2808
1936
2053
119
558
2523
489
2443
705
2603
2674
2791
2599
3113
809
1968
2368
1132
470
921
1826
461
281
2113
2727
157
1600
890
1514
37
2012
564
438
212
367
1608
650
731
2995
347
237
917
2224
2636
2560
380
1341
2257
2647
2180
2980
952
660
1526
2390
2793
2293
1582
700
866
2767
2146
2357
2618
2967
640
2702
1313
1543
2229
44
2033
2477
2138
2781
2174
1401
2094
1836
1102
2254
3091
467
2510
2838
1580
186
3086
772
1166
1896
1382
1729
1749
2517
2437
1452
515
1656
408
337
1956
1576
1446
1687
1734
654
3055
499
2970
2256
2805
9
2874
2609
2436
1201
1248
1539
702
2935
3129
617
3031
949
2006
1837
1267
1151
1219
1908
1890
446
829
1880
6
64
886
1722
668
245
688
1684
1469
808
3176
686
572
1389
699
1134
209
1694
2380
520
3030
607
953
2841
2056
3171
1989
2917
451
3169
2686
3053
2345
1807
2820
2734
2788
775
2009
2958
1380
1762
1089
1081
2756
1340
1390
930
1020
2092
1878
1996
311
292
165
733
979
1766
1258
832
1699
2855
2993
1343
2201
2007
1021
1444
2003
1239
806
2459
826
103
1946
1123
698
741
460
1050
2145
789
441
1319
2988
2881
1053
2270
2977
999
2348
2758
2949
2807
1169
1359
12
77
2366
2223
1957
288
532
2110
1135
1931
2777
1335
631
2944
2620
2850
2860
2331
2879
875
2490
2347
658
2987
2449
1771
792
2743
2032
2810
2878
1985
2014
1769
286
1933
3019
844
3047
1565
349
2016
2116
526
1954
1937
2930
2969
1422
210
2899
2571
2114
1952
2291
993
2096
2361
710
2867
2206
105
694
2524
2310
810
2493
557
236
2302
1170
1183
1816
697
2184
1802
2496
1830
2720
2713
1932
2800
3064
2551
2925
1336
2251
1906
2706
2869
185
758
1078
2782
1188
2412
1214
2677
1235
382
622
2536
1062
1743
2082
1995
1430
233
2773
2684
207
218
2790
243
1504
1806
1671
99
2360
2584
2024
525
2248
690
1099
1497
1393
3137
2326
2818
3028
1164
2655
2717
2246
1705
2356
1345
2148
1805
584
2167
1560
1724
1833
48
922
2240
1231
2931
2235
1943
2457
2650
2185
1929
1415
989
1227
1532
1625
563
1882
2532
1094
840
1577
1461
3195
2729
346
2992
767
1515
1447
476
2913
1748
232
2722
1111
1522
2537
1193
2219
1638
2421
2559
3029
2497
855
2739
2125
443
1304
966
3100
1160
1746
580
3014
2594
3123
1759
1085
2372
1501
