1598
799
799
1028
2289
2023
2865
2115
2829
2406
1784
2599
1719
2381
1610
1336
3132
993
3097
1372
1097
866
994
2624
1286
568
2926
1541
1700
2287
273
1761
1262
902
494
746
2331
2655
3135
2379
1441
760
3001
2323
940
2446
2639
2129
147
82
1291
2815
28
2078
1695
2040
2251
882
1056
1983
2557
2439
2311
220
1091
1923
280
2324
1478
559
110
1655
2549
1734
3029
1922
3099
137
3155
2609
1031
2763
2663
1912
524
2931
697
889
160
71
2798
2316
2442
2641
1174
1689
2622
2708
2730
1848
305
1638
453
2066
2762
868
1540
50
1758
2168
531
2147
93
3114
53
1741
527
1880
657
1431
1121
1727
1344
1086
1401
2846
2802
2306
1445
2186
2431
1209
502
2959
154
436
675
2680
689
1570
2800
1822
1049
42
578
2877
1446
1025
3160
311
873
704
3078
1751
1182
1090
2615
1274
486
2804
3116
998
1854
437
1505
663
1224
464
2600
443
3090
3087
1094
1566
1124
65
231
1968
2511
2405
1133
1066
2872
201
1281
188
917
3079
2486
2257
2261
959
2267
2779
142
542
3147
2573
1361
1457
225
357
49
2976
1755
2858
1385
2075
463
2678
3072
762
1440
2253
54
3074
261
405
1934
329
1675
1512
1850
2946
641
1426
1753
2282
136
3062
2550
2072
1647
1947
2840
438
1926
876
2583
2501
167
1285
2013
1517
1522
362
3069
1376
646
100
272
924
2128
148
2221
1532
2302
1828
1096
2629
173
2928
401
2141
472
2130
2046
1917
1197
450
2236
597
595
1208
827
2347
1360
2112
1521
1989
378
417
1620
1482
2240
1137
2203
2293
1953
1085
1550
1409
2828
2
2951
627
2849
1242
946
482
2898
843
263
1119
2304
896
2134
729
1846
1416
710
2493
864
2856
1140
774
1739
594
2224
570
944
1858
396
656
292
2542
398
1451
3148
2839
2704
737
2295
913
2929
91
3077
1200
529
1769
3168
230
340
1223
2508
2332
1955
2744
488
1187
118
1430
3027
268
2565
835
457
814
2093
291
1356
1809
2871
318
423
626
1759
1686
1420
2701
1468
2633
2457
3192
1889
2198
925
1667
2581
1216
159
174
2516
2864
202
1019
1894
3145
981
3033
332
2139
294
2435
2503
1979
891
2278
756
1984
1861
1350
2987
37
1161
2793
1429
1915
1316
1603
1131
2911
2571
2790
2182
1875
1391
2725
3023
2470
1058
3047
1201
480
2201
2094
3176
2122
1359
162
1330
1466
1579
2346
1135
1087
1421
707
1074
1230
2241
36
915
1222
1666
285
2552
640
1888
938
1289
2494
1692
2883
2534
1486
1855
1709
858
1612
1561
3016
466
2651
468
586
3110
2194
3014
416
3143
2548
2074
2011
894
279
2216
1272
779
552
1857
1263
1518
1476
1865
1974
149
1184
1957
2020
1436
1724
2081
1299
395
2687
2448
1940
603
409
456
13
694
574
607
1902
2825
1172
522
1203
1334
476
278
995
789
503
2277
1394
2283
1328
1919
1921
3142
2483
2272
363
1496
1625
440
3113
2460
1569
671
92
1247
2917
2337
776
834
2291
932
1012
2109
2463
25
2773
2748
1443
473
1650
2268
2301
3017
1249
1186
1653
1930
1149
2021
41
2317
934
433
773
2150
2554
1195
1001
2791
1016
914
2747
811
2935
2903
2834
2118
2238
3179
2610
1611
3052
1154
2857
2601
2689
1836
1760
2436
1529
20
1506
3089
2507
2041
805
425
79
23
2207
748
2889
1636
2867
2285
97
1092
2315
2313
3006
2668
2530
3190
1898
3035
3152
2539
1034
1481
156
3036
2816
3102
1060
893
927
3184
195
1673
44
1765
435
1568
2960
326
1317
121
3124
2720
965
632
3056
1685
2637
1395
2454
937
1029
1347
143
1584
2113
2488
702
2432
2739
1127
963
10
1562
1710
1392
666
887
1929
901
2189
606
3092
3123
716
1589
88
228
1583
747
1277
2818
1725
969
544
1250
852
1315
564
2153
2453
1956
2496
985
1396
447
2401
1742
2613
2882
2223
2691
869
2423
1996
1813
2656
1264
483
535
2400
141
2498
3010
1609
2434
926
83
3064
1965
1041
2028
338
236
2538
2321
636
1160
719
374
2973
2899
1455
1368
3042
741
2181
2382
3101
2246
1082
795
877
2146
2263
1318
3159
1164
1842
1969
577
191
2076
1590
2411
604
2039
918
1191
1500
536
591
3126
304
1960
2710
2022
1369
2465
541
232
1781
2671
391
2500
3118
1358
1233
2178
825
164
3034
521
1670
1572
2495
2048
2220
624
1240
1706
2247
2913
1785
441
3061
1523
217
831
662
738
209
880
754
2591
419
2607
1437
2433
2380
1574
2995
928
1497
421
2085
1766
991
120
245
975
74
1118
182
14
906
1179
210
388
2584
408
2208
2781
615
683
351
458
1469
786
2941
879
150
2953
1268
1837
62
766
532
2427
68
840
1173
185
1551
1630
123
2619
740
1267
1311
2621
958
1798
1962
3043
2054
674
2879
1069
2383
310
2479
1827
1296
1088
2537
723
2635
2971
384
1757
2653
555
1870
1168
312
2475
3193
1178
1254
851
2229
333
1158
807
853
2835
2284
2466
1271
2073
2322
516
1733
2061
1398
1748
1210
980
1101
1924
2868
58
1463
2967
870
459
2517
1939
3076
1181
221
765
1903
2384
799
2587
1134
2179
2694
1927
2938
2449
2558
2561
2116
769
1995
2727
426
2726
1439
1055
339
2974
1701
1389
3150
1380
127
749
1236
3050
1384
72
1788
2831
3144
1987
1117
1659
151
276
1050
2902
1864
5
1473
2757
427
1637
1422
1607
690
673
1467
1944
1524
1095
1542
1241
2279
1800
2900
2340
2696
1312
1690
112
1972
1950
550
3000
1171
2886
307
1963
2256
2187
2603
931
1775
821
576
2940
501
791
2174
2783
2553
2676
1948
771
2173
1899
2245
2222
2395
3183
2969
1830
2618
1239
829
2988
1027
1891
1054
1737
2459
1213
1494
1297
2303
2562
2120
1560
2546
598
822
1754
2930
2177
693
2578
874
153
1783
27
2905
1071
1411
2551
804
763
424
1884
2646
1615
1780
187
1747
886
3136
3139
84
511
2416
2103
2336
616
2636
949
3054
2796
1617
728
514
2318
2803
3086
1036
350
414
2514
2574
2218
3046
2541
1626
460
872
434
422
2777
2746
679
1104
983
1708
265
685
1366
1925
1886
1115
2545
2166
412
1283
1021
2260
2832
677
2968
2069
2972
1112
2697
941
1489
2869
1980
2855
1988
3009
1371
1176
1515
2368
452
1896
451
2376
1807
1578
1231
175
2870
904
1691
2888
2193
1220
87
3025
712
1244
2721
1878
580
189
1044
1458
2523
2932
1042
3075
1155
269
2148
551
510
2090
2016
2851
2801
2225
600
1654
2770
699
2370
2481
732
2144
444
1721
2510
990
1812
1771
1169
1243
1932
955
1279
730
1879
1324
582
2415
30
2529
155
1624
2640
727
1845
445
2787
2219
2625
1143
1199
1752
1218
1450
1808
1544
3030
2863
2833
0
1793
1018
1998
2512
1477
628
2979
90
1559
2358
1619
2338
1110
1365
138
2362
2809
2765
921
2852
1795
1825
389
2688
289
816
22
1688
2484
1994
3019
2645
2568
2761
1730
1618
1593
618
1275
739
356
759
3141
1067
3073
319
1339
1438
317
168
1859
625
2243
461
633
2813
2873
2623
859
668
1300
1801
686
1885
1304
2920
3084
400
1079
413
2810
781
3178
2281
2667
862
2605
96
2662
2986
808
249
3191
2522
2009
706
1599
2098
810
94
33
658
2394
698
2096
86
1585
1081
1273
1153
1869
2197
1302
2248
119
1382
849
1711
651
2414
1981
1911
1509
1194
3112
2526
1582
448
2042
2377
9
1893
3026
2950
3044
1874
1459
2837
2650
583
584
3085
1975
1844
608
2961
1573
1068
2307
2440
2572
2824
1032
2034
341
1227
2391
705
2794
630
1817
2745
1553
691
2171
2519
1009
1399
2070
1433
1063
309
60
2881
2209
2057
2464
183
1288
38
736
2722
34
1804
841
21
1679
1142
1531
2632
2590
547
1355
2675
2985
2191
1221
224
575
1348
3020
2543
1130
252
1303
1352
504
2774
1722
113
1814
649
3129
2827
2274
661
3091
2361
2602
390
1255
1163
1407
64
2670
1472
2228
1665
2536
1383
303
2161
2630
612
1093
186
933
817
306
797
1545
1346
854
1464
644
3177
16
1007
2915
672
76
775
1991
1162
2051
1109
572
1207
1526
1970
767
1072
284
2477
2895
2265
406
860
2993
971
2167
2298
2502
63
1513
2455
2731
3048
139
1023
293
1370
605
2909
277
2364
809
2157
1447
2606
857
1732
334
1821
1000
3185
1860
2058
1321
585
2359
802
2438
105
2936
1159
569
24
1946
1587
2159
1863
3189
2665
2363
734
2410
260
2365
2978
1123
196
1390
470
992
365
171
798
275
2729
2515
491
714
1906
3115
227
286
667
1379
703
724
17
1102
2617
1308
52
394
373
1345
392
454
755
2235
1005
2360
2107
1485
2200
3165
2485
403
2685
2944
930
2210
2000
2922
1475
2309
2443
3194
1881
1786
2333
935
530
57
1150
2369
861
2792
1418
2634
966
1744
367
1656
3
1645
415
850
1511
977
2412
1010
1004
2409
2577
987
836
77
3088
2666
1904
1428
300
2024
56
2212
69
3167
2759
2992
2371
2533
102
2213
692
242
2473
647
2532
2672
3128
2357
2445
2563
1945
1773
3174
2705
751
629
73
601
824
144
2151
2385
2711
813
3095
1595
2252
2736
2506
2056
1193
2188
3021
1838
687
2719
2579
1892
1026
785
2428
2142
1177
1802
2564
197
335
871
549
1260
492
2312
169
493
856
2121
1900
2795
2264
377
772
55
2104
1873
907
2860
1528
684
43
287
2288
681
2196
316
2386
3071
621
2999
2880
1043
2897
2700
609
1556
1958
1261
1890
2393
2709
462
1954
2585
2504
587
2137
801
1340
1483
2211
1669
2290
688
1716
2071
2786
2925
146
498
2715
1410
2006
2425
1702
4
1633
2717
2387
561
2136
404
2844
567
206
596
3149
2233
2490
1136
369
1826
2422
903
2176
669
248
2102
1002
1862
2799
725
103
2970
1103
2753
1269
2996
2035
2830
1973
2269
2195
2297
301
1341
469
713
2162
1373
1720
2366
1943
2598
283
233
1658
910
485
3082
2091
1935
1343
1832
2055
2373
3058
1662
1745
2769
1357
61
1664
2192
1799
2010
364
720
757
593
1694
820
190
2320
1493
1596
2906
1432
2389
3024
1301
3053
2575
1648
676
2043
1527
2948
481
1057
845
2716
1083
1452
1
1535
2002
614
2300
2686
528
1627
1713
1672
1789
2638
2847
2819
1488
2616
1831
1580
2555
905
2308
1022
680
1065
410
2943
1495
212
1575
1597
2105
1818
2901
2989
1246
3038
3045
1632
1731
2047
1305
2848
1660
2038
45
1614
1966
2740
967
490
2862
2152
3007
2132
2353
1105
1448
67
2921
1229
449
619
1823
2861
1453
1378
833
2904
115
194
2206
2754
1992
1003
700
1120
2952
2491
1427
361
2648
885
2698
1337
806
1598
1077
2230
540
3080
1635
1622
2811
592
1642
1555
1362
1073
1538
2789
787
2838
2994
1976
330
26
2270
780
2912
1772
2062
3134
1151
2750
2782
1514
246
3166
2036
2682
2089
2149
1726
1276
2942
95
558
1853
1718
2612
101
2158
2499
884
2217
537
2660
3122
2652
133
387
2099
344
3138
1403
1089
2661
1876
911
1484
2296
533
1470
2419
1114
3103
254
895
1606
1649
2991
726
1387
2524
2608
2398
2528
534
2007
2456
1644
1064
1829
2589
643
270
2693
1508
296
2242
701
553
653
165
2658
1640
2521
1292
2339
2703
2052
2859
573
3068
1671
2669
2885
1803
12
124
368
1985
1492
271
2772
2097
3067
2487
519
2820
2894
2437
222
2742
2998
327
2345
381
345
411
353
1256
1604
654
3181
1533
2015
407
2341
2172
484
163
1442
2808
2100
274
1020
1188
2984
3002
1696
1652
1668
2478
1165
29
1762
2108
818
1156
1078
2570
1820
3120
1977
961
1226
1490
939
2683
234
1680
2164
1424
1144
3109
2594
290
1129
1639
1516
1185
1245
2033
2030
2596
2749
1600
3130
125
957
1657
1819
418
783
2280
104
237
179
1265
3187
1196
2124
1908
1325
358
1501
1743
1810
1290
735
912
664
782
976
1309
743
1770
2045
1293
508
2254
1062
1190
2927
328
2396
1913
479
204
2956
2807
1728
1307
2513
1907
2421
214
379
2004
1040
1682
1323
2276
1235
1419
324
764
1990
2140
108
867
1872
2631
2733
1342
3171
1251
1412
2924
1122
670
257
349
953
838
3041
2352
2014
2531
2692
2029
11
475
1997
2963
2397
3004
2017
342
2355
1248
844
565
2958
1698
184
1537
1778
642
170
1306
1746
1791
2509
122
2776
2088
1258
1278
1499
3070
1024
2430
2408
432
2854
2080
1132
3093
1202
346
2611
1736
1601
2086
1404
2743
2275
979
1928
2299
2328
1530
986
489
255
2756
2326
1033
1415
2343
1381
157
2567
1717
244
2737
1905
2005
1776
794
2741
98
1125
2461
2271
1941
695
1571
2403
130
2997
556
1605
2154
1146
229
1170
1393
2874
2965
846
1270
315
1205
3105
1631
1152
2595
2826
2714
2232
1628
1128
2588
2664
337
515
35
2462
2934
581
1180
2876
611
2907
1693
1949
560
1534
59
6
2593
1108
945
3100
135
1319
2329
968
948
2077
1525
2227
1643
51
815
2155
2892
1198
1126
3049
1806
2101
2413
2420
2135
3186
539
1314
3104
1192
800
1914
1502
1868
2351
85
2325
1767
2125
2335
2266
2110
1047
18
1417
909
950
1591
2026
359
158
1080
1629
1183
2822
308
518
1326
1332
974
1504
761
830
3151
1554
2027
1204
682
1377
1740
140
48
471
1749
32
2582
1408
1039
635
215
325
2850
152
655
1951
506
623
2527
2592
2374
1287
1592
3040
3127
2468
1684
1641
548
837
264
617
2348
717
733
3039
193
2918
1465
1175
3059
1327
262
922
832
3175
1774
2966
2037
1792
1558
792
2821
2580
954
1116
478
2305
3169
19
1723
2910
1840
1011
996
1253
1237
2890
839
3055
2053
3028
1335
2559
1815
589
496
790
1787
487
2566
176
819
2044
3154
2919
1616
240
796
750
2079
563
1333
718
2095
3119
495
2175
1397
2452
1035
2012
2751
1931
2482
3057
66
1206
952
1843
1763
1414
2982
1856
2424
1536
1663
1320
2735
106
2962
2853
2378
126
2752
1423
1295
354
2444
2713
3083
7
1982
1507
2025
207
708
3133
1735
2117
1405
526
429
892
2018
2202
956
2937
1993
219
251
1374
2180
420
1961
2643
2626
1678
2165
1866
352
2372
2520
2525
1284
1386
1871
543
2429
1349
1712
81
3188
883
1487
107
371
517
936
1014
1608
3060
865
2916
599
1910
2169
1681
3018
1354
218
1030
2560
1462
180
3164
2402
2451
208
2788
313
89
2981
2314
1214
370
2476
385
2505
3051
1474
1008
397
131
2262
239
916
823
678
1059
2106
1937
199
1257
2250
1234
1547
659
826
2418
2067
1811
2390
1037
1564
1971
2138
696
744
1549
588
1782
3162
513
2060
978
2458
2728
2597
899
3125
2087
2738
2064
2732
439
982
235
2642
442
256
2185
1867
1310
1449
70
1839
973
1676
1920
1351
1225
2699
2797
803
929
897
1936
203
430
1964
1113
557
3108
908
372
2049
1883
2334
2569
383
722
3065
1959
2417
2342
238
1013
828
1581
1877
348
250
2806
3107
951
3096
3153
652
793
2983
1148
1697
2939
639
1353
366
2845
1882
467
2706
753
900
2156
2273
1764
1461
768
2975
1456
2878
562
2123
2764
399
847
1634
47
509
1933
942
1790
2980
336
8
2133
1460
711
1646
923
386
2945
2784
2234
1849
282
752
1916
525
181
2111
2891
2145
1048
3013
631
2923
428
1266
742
2814
2143
2702
3005
1157
523
2255
178
1282
1543
3032
2204
2367
2467
2677
3012
1099
393
1406
446
984
2092
3172
2170
878
3163
1895
1145
2127
3094
1166
1076
1045
298
1756
2673
1938
109
1942
3173
1498
2083
1232
360
281
3137
267
1338
2518
2231
1674
1141
1219
3003
1075
1491
1835
1563
2540
1061
1687
1298
211
192
2843
2226
2003
2184
2768
2576
648
2649
2294
660
2330
497
1238
2392
2469
2259
1978
2032
2614
1070
999
2286
2760
1051
114
3008
297
512
2712
1552
431
172
2237
1699
2627
2544
2823
402
2887
321
2471
1189
2785
2084
2068
1705
205
2586
2734
784
1805
2239
1413
3081
1294
2319
266
1322
1313
2556
770
1909
477
1539
3180
579
2388
777
1704
638
863
161
2399
571
2679
2684
1084
2620
2404
2535
376
2050
2244
2292
2681
1851
3158
2758
1779
881
875
613
226
1510
538
198
2778
3161
947
2119
715
2356
1107
2065
1006
1454
320
634
505
1661
1986
709
2008
129
1796
1435
2604
3015
1651
2805
2957
3037
2344
665
3182
1887
2480
1777
3111
545
2841
1841
2866
213
2031
1576
590
1017
3117
288
1824
1139
375
520
2718
2836
1546
2450
223
128
2163
1402
116
2205
2497
2949
2131
3066
2644
3157
3140
2914
1280
1111
299
721
2893
989
645
898
1228
1519
1444
40
1400
2426
650
3031
1557
920
1613
380
2258
1588
134
1480
1520
1098
2447
1363
2775
302
842
1750
243
1594
1577
2628
962
2695
1852
2160
132
2114
1329
465
78
2723
778
988
39
1738
2407
1794
2908
2812
1834
1053
2707
848
216
2767
177
972
1816
2817
314
2766
2375
1425
2875
1434
1147
1714
247
1252
2990
2780
610
812
1215
1259
2547
1999
1729
253
888
1768
1797
1367
2977
499
964
75
2215
3156
2327
3131
731
295
2350
3022
2842
1375
2214
970
145
347
3063
2472
2001
1901
2059
3011
1567
2489
507
745
919
46
500
620
890
855
2199
2647
3146
554
2349
2190
355
3170
2657
758
2755
1479
241
1167
2955
1015
1623
2933
1833
602
2674
2896
1503
1586
1715
997
474
2771
1100
1967
15
31
1683
80
2724
1847
343
1548
99
1046
2964
1138
2183
2019
1677
2947
943
3195
2659
2310
960
1038
1212
2474
1364
111
1217
1388
1211
2492
1621
2690
323
1331
322
1602
259
1918
566
166
2249
546
2654
637
3121
1565
1106
1707
258
3106
1471
2884
2441
2954
3098
117
331
788
455
382
200
1952
1703
2354
1897
1052
2063
2082
2126
622
