1598
799
799
117
2739
3029
1951
378
2875
1855
1381
2646
1610
2657
1025
297
781
2112
2399
2850
3123
2371
444
1209
1540
2096
2299
1161
1894
2133
964
1327
1801
2713
1681
834
127
1292
398
2877
948
1694
2155
1042
2297
1662
429
66
1401
2551
1411
399
1014
1215
2490
445
2104
45
1242
3094
2423
3008
1012
2073
2866
1259
2361
1026
1170
2742
144
1095
1384
387
2933
1285
847
2791
2401
1418
393
2002
525
1948
1562
2746
1733
3048
2278
1792
2514
371
2277
1750
966
2334
2154
1582
177
1959
1177
225
647
366
2894
2422
734
2094
1552
1504
1131
1027
3162
937
413
670
2981
2942
730
2711
3174
2218
1020
2358
1669
597
2829
2170
486
290
403
3019
2832
2992
1743
2991
915
1202
3191
489
492
2302
981
543
2059
2200
588
2795
1994
1670
1137
271
833
2703
2274
527
447
2538
446
830
2446
2695
2245
2241
484
1598
2465
896
1889
347
2667
585
3010
3000
1618
1528
3036
640
2294
1541
311
1622
2229
506
274
1665
2388
2419
2311
3108
3139
102
2884
3151
1141
1921
630
468
1148
1780
2639
2776
2496
3128
2023
2303
337
2838
2740
11
1437
2359
1482
1644
1077
499
2495
1414
2244
1490
1337
342
3079
2428
435
2640
1322
1659
2741
237
938
1179
1572
1456
669
1363
893
1348
2366
2453
2502
2131
2018
704
2855
1925
2930
1352
3105
8
1781
2953
2128
771
1222
488
679
2899
3069
2420
1585
368
3129
1483
2957
1085
2794
2896
2456
2056
1147
2462
1851
261
1223
464
1831
1008
1569
1046
1696
1714
1379
2956
1813
908
2084
1938
3075
1798
1667
1065
2680
2516
2097
2861
1844
2550
179
684
1686
494
1910
1499
835
3100
676
2471
1088
602
2000
1059
3182
1049
195
168
361
72
1583
1936
1263
890
281
2508
507
2725
203
2373
2202
41
194
2900
93
1674
1104
2153
3120
503
2075
2271
2808
1822
1621
2459
659
739
1175
1453
986
404
3102
1837
1205
2528
23
1774
133
1748
2559
1272
244
1788
2046
1373
1154
3136
227
1553
3135
2879
801
2860
170
1775
784
1590
1187
205
1940
913
391
2040
2463
2280
345
1777
1533
2383
1985
544
1648
1595
2523
3053
1416
2339
2868
2123
2511
1390
1737
2491
369
1749
593
379
2768
2027
832
1651
2959
67
3088
1838
3184
1767
2403
2610
1081
2546
754
732
2712
1485
1906
2801
24
1347
3157
417
2886
2503
2774
579
587
1097
1676
1417
259
745
2971
242
540
1190
3061
330
2507
2315
1682
138
21
2580
1461
2566
2668
1236
3169
899
2165
1519
2164
166
1398
2295
1220
1396
2578
1011
2870
188
1826
114
2236
1112
1918
809
2042
264
2989
1525
2242
539
1578
2743
149
2475
2134
1457
2211
1501
2012
1887
51
147
2872
1402
529
1064
2922
130
1840
18
470
2221
331
705
1556
3005
1376
2048
152
160
2214
933
1555
1724
667
702
520
190
2978
226
666
2843
3073
1429
1869
1941
1163
1580
1003
804
1487
1720
2902
1809
2972
1451
2293
1821
1062
2130
1334
1341
2477
856
931
400
2834
2031
59
1467
2276
2982
940
223
2833
876
1078
639
3103
2014
652
2230
3051
1576
3001
789
633
2396
1530
1120
1364
1979
731
1153
1802
1331
97
2826
310
199
658
3172
2431
3097
746
246
356
2935
818
1304
1238
2189
1692
409
1931
2191
1953
2734
1228
256
2835
2736
1282
1115
5
1393
2576
209
853
742
3160
3038
2883
1945
2761
1278
578
164
682
2349
2784
3144
422
1820
989
74
1403
1074
1394
355
2792
628
2590
1817
2365
1237
2127
1409
2775
279
3092
687
737
570
717
3052
1233
2691
1
2964
2770
1316
189
2314
1634
3032
1212
2789
136
2906
975
960
2579
408
2563
2309
2439
2216
2997
1404
2044
1421
790
2869
293
536
1475
863
1914
1470
111
478
344
566
1773
2379
351
1488
2519
2659
947
4
1185
1633
1969
39
1286
2325
473
270
862
1043
880
2685
1643
1630
2553
377
56
728
1150
206
3154
1757
1877
927
2357
1349
1544
1636
273
3104
903
1854
380
395
2250
2863
2171
2522
3058
2364
2547
2851
1827
1991
3082
1355
2682
19
2106
2203
601
2072
46
2510
1564
2310
2219
2814
2677
1257
955
974
3068
1616
694
2393
254
1763
1098
766
2812
1435
735
2628
3046
454
1053
824
800
2571
1723
1671
573
2733
1428
626
1770
463
2308
1787
1114
2531
1323
844
1308
3143
2344
2275
1836
724
2567
2119
2673
2268
269
904
386
501
2885
1100
1568
1864
1663
1834
707
1645
787
2762
2823
3112
80
1204
298
1178
118
985
2549
2149
285
2501
1035
1865
2352
2217
2517
2604
2009
1956
3002
1712
770
1454
580
1901
1345
2781
874
560
442
1152
381
2518
245
2748
318
2821
641
1258
2142
1527
1370
1679
288
1566
722
1924
523
1607
1639
375
25
323
1606
1339
2938
1118
2565
522
2693
3138
2960
591
1344
2360
157
1005
2994
1208
1776
1013
1443
1594
2183
2323
2400
2468
885
2016
1309
2641
1203
1661
1296
537
2597
1903
2752
2699
2248
910
3072
1946
2064
1726
37
2105
1596
1811
1605
207
1904
1471
1631
3076
604
249
2028
2037
2943
3121
1201
2435
88
1255
1900
2755
329
1725
653
2327
1949
443
1489
315
467
2533
1975
879
751
412
1520
1193
864
2279
282
2020
2929
1898
3081
1769
89
1374
654
987
648
1916
1248
3186
2802
42
574
2162
208
759
2288
163
2958
202
2313
1632
2904
2108
1791
1715
518
1189
2179
1858
1462
2262
2343
224
2445
778
1287
327
622
3098
1057
2029
148
155
441
1734
1646
415
1829
2708
842
2390
1619
258
2132
1727
2199
1656
1816
3066
1896
510
837
490
2620
1405
1700
479
295
75
2212
1857
2166
1917
2058
512
1554
215
606
363
3085
382
1342
2572
2045
101
1406
2655
359
983
14
815
2919
1375
551
2161
1587
2913
1306
1531
866
135
1534
1546
1741
1507
827
336
1356
872
3194
2307
1805
17
3071
686
1018
1586
572
1273
1772
584
1032
2660
3159
1561
969
396
678
2917
2809
265
2631
3107
1771
838
2674
1010
2605
483
2765
2745
1526
115
2871
2078
424
2796
1110
364
2382
680
431
2321
545
924
3187
2257
2317
2753
85
2558
2539
2493
2616
2320
2804
991
373
2049
3147
831
1830
1034
2157
3057
1004
296
1698
2529
332
3087
2204
1298
343
2524
1764
2949
805
1232
2402
142
1983
2624
2619
1765
1718
1815
221
2476
2874
1673
1974
2467
2209
1824
2457
780
1666
2347
2348
1664
1369
2811
2080
2070
1103
1109
2936
664
1041
2759
2554
1464
3059
2008
1433
878
1859
693
33
1040
2961
2034
757
916
1050
2375
3181
1496
61
2627
439
1283
2729
608
1736
2720
920
2188
2384
811
917
289
1430
2180
1247
28
1675
325
2483
1351
1473
2602
2644
2633
260
567
3190
2234
1165
105
2613
2196
2500
923
683
1448
2581
124
94
2415
2225
436
2545
1299
592
1328
161
3109
1972
1866
942
3195
1399
550
433
1484
662
2494
1224
2786
2147
1227
1033
457
2780
3020
1424
1284
1874
471
1060
1210
2858
2087
3099
2903
2520
2102
1000
2316
1687
3083
514
1876
786
2651
2115
1993
3003
576
493
2990
2939
397
945
2664
1301
1535
2817
861
887
3127
2819
2973
1693
458
2158
1051
1860
2210
2184
1108
2983
1944
2584
3056
935
1532
2815
701
1794
3111
2429
1778
716
2407
714
1180
2182
1807
277
2647
1999
2588
2676
1270
2909
2799
2825
962
2066
547
1171
294
1015
3188
858
1380
1140
791
1982
843
128
1930
1871
808
1361
2952
2231
2527
3155
1122
1091
2783
3028
982
1963
1346
2137
2504
292
1549
1174
31
2735
674
1841
1444
2285
2089
1768
1795
2542
2237
64
2336
921
406
2540
1079
2526
1882
1206
1602
2918
779
2911
485
1230
77
665
1689
2591
1099
1523
1318
2424
3161
482
1472
158
2582
29
2773
3021
2767
1226
112
1498
57
943
2984
1006
2010
1239
1524
1459
2377
1581
320
2700
2910
1176
883
524
3164
16
390
998
2694
1196
2178
1410
230
1288
151
1366
1884
1550
84
217
1156
568
1408
2356
1436
141
1275
1279
2625
758
1336
1505
384
394
9
2697
169
2455
1793
121
2019
1235
2615
2284
1516
2552
2702
1213
2509
1603
2671
2614
2061
513
1986
1797
747
1290
2726
1899
1080
773
1529
3080
1502
79
1536
360
2052
1735
785
304
1624
1992
1468
598
2905
241
1998
2607
532
623
2353
2198
2091
335
2506
860
480
1548
2167
2912
877
284
695
212
1317
1542
68
2047
1378
2926
556
109
2136
849
110
521
534
1863
1067
32
826
1438
822
134
1522
914
618
2333
2737
159
1873
1861
1124
2226
349
934
1420
2083
1142
2301
0
2122
1387
911
1584
1367
1400
1518
925
466
1521
2389
792
255
286
367
929
1031
2387
531
2013
73
719
1052
87
2489
3014
2206
613
30
1307
1038
2286
1613
2190
635
2535
2941
1640
1803
906
2125
1192
793
2555
2235
775
2722
1508
2120
1116
339
586
2251
2626
1134
631
980
1132
1157
1926
1182
104
418
1971
1303
782
1478
846
2970
620
2067
1790
892
3016
2609
1419
1996
1151
1082
1068
2749
1753
1609
338
1885
122
582
1649
2687
2460
321
2099
2378
1721
2921
957
939
1782
278
184
995
2837
571
2777
1919
139
3035
2391
176
3175
167
20
92
1055
2707
2005
1426
905
546
283
2844
2488
1731
1635
2461
120
3050
3152
2728
2121
744
2135
3013
2562
2129
1654
150
1990
901
2920
2487
3193
2050
881
1708
2769
1545
2944
715
1601
2282
2536
2186
2596
930
1211
589
1509
675
661
173
1588
760
926
2675
621
561
2380
2841
1477
828
1565
228
434
581
2556
1184
2993
388
950
2069
1604
2836
456
2273
2985
1312
1441
2951
638
1626
2095
2974
2669
240
3125
1880
1751
1143
451
2319
1789
1652
1391
2497
627
2541
341
2499
348
2437
1449
1912
211
2636
894
3054
685
2888
762
1280
60
81
1688
2426
299
2955
681
649
2645
2427
3106
2141
1320
2723
2185
143
1241
2979
2683
3012
2140
696
243
873
2662
2441
1266
1614
2088
821
2810
721
562
1172
619
2169
2592
2421
3119
1637
129
1029
191
2574
1515
776
1988
2355
1353
2721
2608
2222
83
2438
1252
723
936
401
3150
1628
15
840
1486
262
712
302
2433
49
3091
2243
1389
1234
440
699
2681
2484
1028
708
643
3134
1001
430
3023
1130
1119
316
475
308
636
3063
3018
691
2264
1823
140
2163
1575
3140
100
82
2898
2409
2081
614
2376
1503
897
590
214
1325
733
1752
2915
900
2714
2585
2006
2561
1458
871
1254
668
2513
2686
2249
1762
1968
1965
2145
599
2472
909
657
3148
952
352
644
553
1072
2976
2820
2103
2785
2181
2414
1354
2281
36
650
946
2350
1021
2643
642
1905
2782
1249
425
2430
107
376
1593
2238
1833
1126
2331
1589
1683
1779
2690
2766
460
2611
1995
3117
2051
469
1961
2093
718
1431
1543
3084
2889
2763
2177
1024
2252
1440
671
2914
799
1707
472
448
185
481
1229
340
603
1138
558
1149
346
1962
3110
988
769
2392
2107
410
564
1093
416
1166
3113
1620
38
2266
2068
2255
979
2173
3133
898
2716
123
1758
772
2004
1560
1362
845
2160
1360
7
611
1842
3024
1928
2637
2689
1121
53
504
2963
2090
1730
3189
216
2975
2986
1452
98
2818
1145
131
3124
2269
383
577
1243
1958
922
1702
767
1691
2600
555
2892
192
2853
672
1943
3025
1289
725
2715
3096
1980
2965
1642
13
328
1672
146
3183
629
1455
180
2077
2807
1446
1191
2688
1432
2648
794
1909
753
2254
3077
2411
1897
1321
1073
690
2300
951
1828
1397
106
1843
287
2322
1997
132
839
1105
1888
2369
765
1655
1144
836
2193
517
1818
2003
663
2126
2305
187
198
1760
889
2848
1195
2474
882
1893
2946
2205
2001
1447
2233
1878
3090
125
1703
1264
3055
1017
86
248
2650
3153
2440
1128
2621
1845
977
3179
2062
615
3114
229
2758
2847
1511
637
819
2988
2854
2450
764
222
2805
1181
465
2701
1947
796
607
2751
1597
3095
95
2215
596
1641
2730
2678
178
2370
2224
2537
2583
1476
816
713
1466
583
2649
1497
438
1551
1199
2417
1332
783
2573
2779
3034
2304
2458
34
2599
857
549
1319
1862
2035
530
2033
2110
1383
1246
953
1660
3017
3185
2859
3131
2696
2213
2043
2469
1740
2880
768
2124
2980
2466
1256
2449
509
2890
362
1989
1506
1513
2962
3170
2172
807
2416
749
2813
1684
2381
3064
358
103
2486
1111
1867
3176
755
2021
3086
1039
2618
1729
1744
542
1479
2797
1785
1294
814
673
2595
2635
1685
3067
210
1722
2150
3192
1216
2846
2839
459
1107
1872
491
1957
617
2397
961
2055
253
884
1923
70
1825
232
2025
1186
1474
172
1439
1808
1491
62
1592
2666
1701
2041
2114
2374
1450
994
1920
1617
2515
2194
1800
1250
197
2346
1240
1372
1135
1293
1117
497
797
1158
2916
1281
2011
186
3130
3089
2603
2670
752
3015
47
1745
1704
2146
2306
2479
2291
2478
2587
595
1891
1340
1742
1037
902
515
1075
1952
1368
1139
697
2878
1608
2432
967
2617
2026
1611
12
1277
634
2727
2623
174
2060
2966
266
300
1846
2738
1728
1942
2629
1746
677
1382
1123
2256
1167
1313
2947
175
1500
2654
2732
2593
1261
720
788
2932
2569
2263
3173
997
1422
2030
2658
1495
1333
2118
1929
2661
385
2207
137
820
1937
2
2924
1445
3033
1083
2862
307
268
2100
1755
1890
2544
423
535
709
235
1056
750
1359
1089
1967
326
1719
1054
2945
154
2481
2082
2024
1221
528
2706
1853
1415
963
3043
500
1567
1395
1766
1016
2338
487
1329
1847
1819
1579
2594
1231
2873
2223
2174
3168
76
526
2895
2168
2771
1061
2560
726
2881
2434
52
234
1810
972
2612
1096
2568
2362
2492
1385
3141
1591
2663
996
1570
2239
2684
1856
1159
1852
1386
990
314
1084
1086
1577
2887
2575
1699
2931
1188
888
1338
1388
1623
3177
1510
2054
2564
3171
1559
2717
236
2534
1022
204
706
496
3149
257
1881
1574
1291
1571
1716
301
3065
1747
2015
1932
798
2448
2412
1268
1300
2368
3093
1573
1814
2406
3037
44
276
1786
2897
605
1066
1970
3
1330
2731
350
200
420
1269
2923
1625
973
2326
2724
2328
2856
954
569
2398
1200
2159
1964
1935
918
2208
1365
2709
3165
2816
1253
1547
1875
2342
1759
1009
891
610
1092
1392
1927
736
2386
632
625
495
3009
1047
1265
1297
2967
1465
305
263
165
3062
427
2757
2764
2283
2156
50
2246
1058
1030
1310
1094
851
2443
1883
1262
841
2454
1315
823
1922
2405
3060
43
875
1260
2907
90
2750
600
1879
1600
1271
810
508
1537
1071
449
1709
2464
2778
2927
932
2937
1127
437
1638
2954
812
1835
2289
3156
2152
3007
3163
609
96
3040
2436
119
27
1007
145
2452
452
1160
1358
1977
907
3178
250
1713
2036
1647
153
317
3078
548
2557
1244
2505
2893
2318
848
2287
2498
565
1343
3011
976
1892
1839
2747
374
2265
2589
280
2925
1069
1732
275
1739
748
2630
2442
2330
2447
65
6
1164
1849
1563
559
1539
1048
55
411
2451
1538
1326
1302
688
651
251
1245
231
813
2063
1612
428
1832
519
2485
63
71
2788
2790
1913
1517
949
3022
1761
3042
3122
2760
1911
2413
2570
2394
2144
2521
1653
2017
1198
1019
3031
1442
2022
303
1377
958
312
333
1710
1939
1738
1371
357
563
1933
35
252
219
2395
533
1063
22
2410
1976
2532
414
854
2901
1183
2363
2525
2793
1087
575
324
2998
941
541
703
1955
1697
700
3132
1954
2512
2798
612
1162
2065
3180
3116
498
2548
2969
2071
2404
2831
516
1907
2175
1274
455
389
3146
968
867
870
727
1627
777
1950
3115
1155
912
959
1102
2968
1169
474
1194
2332
624
1168
2367
2754
2632
689
1423
1796
313
3074
247
213
1599
116
233
803
594
557
2032
2298
2292
1413
852
1295
656
1558
1784
1677
1848
1981
978
2473
660
2995
1070
1251
2296
2840
740
3045
2138
2622
1695
2143
162
201
956
645
334
2270
309
2656
476
3041
2987
806
2195
1434
2151
1076
1036
2290
1908
2586
865
2977
2354
1706
1106
370
2934
450
738
3142
1756
1783
2076
1314
2444
218
461
825
2247
928
426
2335
1902
1125
392
2828
2864
26
1207
1512
3118
1886
2948
2261
1806
795
2530
1197
829
2232
1629
2385
698
552
2113
91
2824
319
2642
2220
859
3030
2891
1129
2240
1493
2258
1978
1146
919
2857
971
2772
2634
1895
2482
999
3039
2337
2176
272
1494
453
1650
1425
421
2822
1711
238
196
2710
183
2079
2139
1267
2351
3026
1804
2425
1680
193
3027
2098
2074
2704
2606
113
10
2259
1136
1469
1311
1217
2092
505
2267
2086
306
354
1868
2101
763
1514
2116
1463
3006
1214
2324
2692
1045
220
1357
2653
710
2192
1987
2867
2253
2679
3070
2852
2598
2830
1668
2272
1002
2849
984
419
1350
2705
2057
2803
895
1407
965
1717
2329
2865
2480
2806
2201
2940
855
2601
2111
741
1850
1915
1966
1973
171
1492
2996
2340
886
2908
3004
58
2672
69
2698
2187
2718
1335
3044
2227
1133
2882
743
2341
1870
2827
993
1812
729
3166
802
2543
817
239
2800
2345
432
108
1113
1934
2085
402
1090
322
1412
1678
850
692
511
711
1044
1173
1960
3158
1557
756
2577
1615
1427
2109
868
1218
3145
2007
1305
353
2652
616
2744
970
2470
267
365
944
54
99
2117
2228
1460
2845
2408
126
2418
48
646
2260
1481
2038
761
502
477
407
3126
2950
2999
3049
1101
2665
181
538
2372
1276
3167
1023
1984
291
554
1324
3137
869
156
2928
992
405
2787
1657
3047
2719
1705
40
2053
655
78
2148
1754
2876
2197
3101
2039
774
372
1225
1690
182
2756
1658
1219
2312
2842
1480
2638
1799
462
