1598
799
799
575
579
2054
1736
2460
2134
2721
626
986
681
2040
3063
1732
1884
1816
3144
671
140
1121
2192
2271
770
2927
1757
846
1376
915
106
2868
1306
286
2679
713
2307
917
1680
2544
2725
1889
89
2413
1512
2540
652
3126
2440
841
16
2631
1157
1331
500
2285
226
2145
1013
1874
2483
1303
1754
682
829
2940
2210
1378
2272
569
945
130
2445
873
2534
2338
2972
2983
1984
2600
597
274
1241
855
2455
1374
950
2852
2974
757
1222
1231
1003
1344
1417
998
834
1833
2133
1179
195
3154
1940
1384
886
238
1739
827
2393
1390
2843
268
141
46
3175
2489
2297
565
245
1316
1190
627
2452
835
2590
2263
1810
736
2624
2199
529
2607
2343
2235
248
504
3024
775
520
2559
2243
1751
3190
2622
2291
3157
1781
3140
2965
1047
497
1917
1456
2352
1647
2392
2167
60
1451
1234
1600
1725
1202
856
2254
705
1543
370
173
2966
2186
1242
2648
1496
1479
2977
2182
1681
1326
2020
2323
2034
2449
2722
208
1548
2350
1709
2856
2326
1579
583
2463
1635
71
660
2368
2542
2814
1695
1156
38
29
958
3177
207
784
461
2660
1992
2996
2760
2785
2604
2509
1067
1910
1181
2249
2462
932
1675
2370
2244
3075
2503
928
1971
1605
3100
2056
1059
357
2256
2537
1279
2916
878
3037
2189
2328
263
1559
280
1713
228
3083
1339
2952
2504
1442
151
1103
2322
1768
2749
2548
2512
3029
804
1673
2588
831
1858
3176
1678
157
1463
1000
2035
1679
2435
288
2728
1608
571
2267
2543
944
1508
1622
171
2360
982
714
540
1722
2363
1151
774
1920
1611
701
1382
1615
1813
1987
278
605
3101
2755
570
3118
974
2118
341
607
467
3036
1048
80
2802
1862
913
821
1240
703
2388
2669
1063
2044
1902
2954
946
997
1475
1811
2833
514
3027
3019
1962
2120
1707
1950
2935
752
2426
857
1350
1265
137
720
690
3188
1790
628
1472
2196
3048
2886
2203
2409
3092
191
391
2522
1718
1784
26
2736
2638
765
2583
1760
1497
2051
1427
1094
3088
3038
1478
37
941
2127
3171
2720
1656
2823
2067
2340
1280
234
1418
3099
104
2434
1266
2806
2855
918
860
1032
2217
2342
615
936
1105
210
2603
1604
1183
3139
1599
532
3149
2144
1613
108
107
1354
2378
698
443
783
620
91
204
83
2707
773
2508
2907
2869
683
1371
1428
79
421
2398
2045
2902
1345
675
88
1779
584
2798
2746
562
552
1358
425
3
63
621
983
1381
1817
927
2403
3008
574
1470
1873
2092
1692
2799
667
1452
1215
1071
3033
41
1607
2348
429
2670
1846
2906
458
1148
2250
12
1554
17
397
2528
2845
2761
336
1370
1072
1568
2708
466
1180
2651
120
2877
3167
955
2733
2354
7
2269
1375
2303
406
57
224
1085
2609
2057
934
1359
2866
1448
1459
1825
1665
963
2055
902
205
1526
1095
3186
2735
1586
1343
2069
307
868
303
2206
465
929
547
1185
1226
1200
3000
2598
2984
2259
3052
2756
155
2511
2905
725
2154
2621
1081
3016
1617
2216
940
1900
116
3173
1774
1911
1172
715
988
1712
2903
590
1584
695
2541
1935
1606
1450
1959
758
1717
2400
1175
2727
1406
2006
53
2668
1195
413
2377
825
479
1212
2238
1983
898
2991
647
236
1142
1542
888
2985
1723
3129
298
2002
1144
768
3001
75
2851
2353
3025
1329
1553
1982
1863
1423
1290
3077
1981
2402
786
2643
2726
1591
2893
3165
1844
1782
1960
2289
247
1590
2747
2716
1117
2628
1464
1626
1921
2387
1785
602
5
2564
1898
2166
237
3192
2417
335
1792
1338
2195
2804
625
1916
1636
2521
1074
1843
333
2457
2830
448
93
1928
1926
1131
2519
1487
3074
1972
1516
791
1295
2592
59
2680
1581
1084
2021
2787
1936
1821
3094
32
2480
2572
400
1727
1557
769
1019
2385
1269
464
1583
876
2584
109
2329
2897
699
2642
1155
949
1426
1108
1729
2496
1710
36
512
704
1244
534
1196
3002
2938
862
1596
838
1687
2953
2610
1469
3145
1976
1618
1023
1507
596
2766
1968
365
749
3044
1286
2529
201
3142
678
2471
2846
1001
2410
1263
1415
2049
1684
1137
1720
223
509
1173
3039
2076
2408
1251
1366
710
1624
385
2146
2336
344
3136
379
2346
332
477
2813
1324
884
1669
517
665
267
2061
244
2950
1567
2948
2295
476
72
1744
2068
761
1373
2280
1603
2945
300
1648
2359
175
633
2665
396
3097
1031
3189
2390
1473
187
142
895
2961
1401
2327
1527
34
2932
2373
2771
2264
2848
1662
3049
1129
2957
1998
3017
2180
672
1421
47
343
1947
1395
1815
1537
820
996
2125
642
1313
643
555
420
1856
2012
1715
2176
1578
1336
2667
1891
842
3066
1530
2560
2655
909
31
2838
33
2764
1091
1436
2719
1535
916
78
2585
2947
630
1969
1434
1721
2357
1045
3133
439
1218
1163
369
3056
2242
1050
2605
1572
2444
661
1093
1764
594
931
1730
2293
1801
2632
481
1396
2751
1689
402
20
2287
2577
1250
3091
2657
1550
2178
1122
276
2430
2187
6
409
2617
1034
2266
2104
2466
1533
2491
933
2190
1369
1082
702
2825
1848
2358
961
3069
1616
271
2815
358
2898
1587
2694
18
2702
2737
98
1903
1775
1127
1937
2772
2779
2946
1852
696
826
1523
707
1347
308
1708
257
2419
2245
739
3110
2009
790
189
128
1780
3121
299
388
58
451
2644
1403
2710
1037
817
2454
1327
393
717
2072
624
1408
3021
3104
11
1735
2964
1319
1989
3040
1308
249
2181
670
1425
1080
3169
331
1077
566
603
2678
1943
668
925
334
1642
1206
2179
806
1961
2383
1667
3153
2314
289
469
753
1672
1945
2241
2013
1029
1254
1520
441
1918
688
3055
2917
2484
1824
2115
1462
374
664
305
1544
1995
1114
284
1109
797
1126
858
2367
760
1595
2571
2767
194
1227
2010
2026
474
2185
727
1737
798
2821
2084
2492
877
1835
302
437
1777
2123
2420
1640
1249
2659
2071
1619
240
412
99
1204
708
373
2959
398
1257
2229
964
313
2499
843
1571
1228
2103
1688
1362
2849
2870
1807
993
2535
2094
2335
383
2723
1030
1283
1152
518
763
2376
959
1996
1360
1823
1806
329
911
2041
2554
1482
2248
1267
2962
2283
2599
2865
2406
1565
2518
1102
2987
2525
536
454
1632
2488
2770
2782
1311
2397
49
3054
3161
2215
1238
293
782
1864
586
67
432
622
1392
1010
2701
1149
1087
2140
3020
2687
716
2578
2349
2800
1467
3012
2684
1096
446
2008
2762
424
1024
97
2658
2232
880
312
176
2024
3089
1182
1449
3073
2262
3018
1880
731
2837
3124
2859
1955
2894
2473
2653
1861
2527
1912
742
1342
2107
568
1006
1845
2709
1297
3082
581
1333
1320
2911
1738
209
1965
2595
2036
181
292
935
535
850
1033
666
2569
3148
551
427
824
965
2639
563
2646
3194
2910
2968
3107
1818
403
619
1089
3131
2261
1528
1232
2582
1107
2007
905
2490
2986
339
740
2817
2163
1372
2816
1513
601
2446
2082
2818
691
2422
1352
712
1245
68
272
1598
2201
921
2070
1136
2826
1440
1485
1505
2929
629
1035
395
3057
2963
96
143
2458
2506
2712
849
165
2925
776
1420
206
1822
732
1348
2926
3182
2441
2258
604
368
423
1130
1991
2618
145
2899
2500
217
1588
1049
2636
2847
2063
2197
1391
719
315
166
87
490
1546
416
726
1460
2411
807
1099
908
2807
1061
1797
1696
1261
1314
1570
1841
2857
2260
617
1431
957
3032
270
2936
559
85
3185
1753
3011
2982
2469
2623
2613
471
2404
952
2539
1628
1025
920
1270
1235
121
2575
859
1988
1637
1414
2711
655
1322
1747
1022
1997
2224
2000
2301
1484
227
3042
954
2955
2729
2126
1140
2973
2867
1264
456
148
2842
564
1073
1837
69
3079
2763
2704
1886
1573
1677
1088
910
2881
3112
110
593
2060
2168
2547
2834
2999
1547
1110
177
1601
2989
2475
2191
285
805
653
598
1867
762
1252
1756
265
2143
1411
1409
2080
1657
350
2730
2773
2715
883
2091
2016
2975
1980
2990
3130
2581
2105
2611
2619
1939
2211
1446
1979
1938
229
3132
1580
2221
995
2993
2152
2549
1079
1389
942
2682
136
1663
498
1883
2139
1188
1819
2895
816
2391
2459
1690
1999
2713
366
2364
2566
2423
273
577
1432
1949
1009
2997
528
999
3137
342
2281
163
2854
1871
1887
2824
2065
2614
1967
2754
3086
2382
431
1594
1511
1894
2362
623
2759
513
2739
235
2872
158
460
135
2046
1492
3166
613
1703
2086
533
3152
1015
1814
978
3184
1975
2994
1592
2135
407
3003
904
2316
1704
1868
2875
2685
2933
1560
418
250
1661
1161
345
1793
2565
1654
3041
2439
2204
2803
1612
2808
212
1836
1115
2174
2602
3106
112
2011
1193
3034
281
2878
2627
1412
1225
2850
1260
372
1315
3062
1008
3045
2141
1346
408
756
487
25
631
2379
970
2695
2698
2661
42
2169
484
3162
1758
160
1262
734
1258
2331
3117
813
2744
2908
587
1291
937
1759
1499
1351
1098
828
3172
924
1804
463
1211
2218
50
1870
282
1925
3096
2183
52
1394
356
1141
1660
1693
1076
2791
123
755
1840
2467
780
435
260
599
2742
1004
1683
548
685
3111
747
3195
2580
1629
809
70
641
102
1062
2043
1159
1726
1791
126
1051
1273
2586
1112
2567
1847
1349
1728
1652
13
330
2288
687
1875
2381
1134
1292
1545
2472
2372
2124
2783
2318
2153
2100
232
808
2502
2487
2901
2465
1593
2414
853
2274
1934
656
812
1300
680
2918
1285
854
1575
1866
2083
1385
153
1330
2666
832
1865
2116
2980
580
2374
2793
2027
3004
573
3047
1585
1639
836
938
2212
1162
362
1458
473
1380
2039
2292
2494
188
1069
2155
1671
894
2801
170
2819
405
796
869
543
2510
337
2247
1674
1682
1915
40
1676
1933
1407
1410
258
871
502
1145
1055
2553
2934
638
1323
1368
3009
2442
3026
889
8
2797
192
1334
2939
1541
1301
259
2835
453
3187
2477
1309
3164
1770
2276
1555
2740
1771
2188
1461
2879
1052
2396
2090
3095
1272
1919
440
2805
1307
2324
378
390
1020
1355
1778
815
2451
1610
1509
94
1524
1808
2922
1058
100
1549
1216
751
2570
242
1694
459
2652
510
2418
317
2033
2706
953
1638
1119
2809
211
1256
811
167
870
2892
1809
1018
522
1518
1515
2214
1985
2468
1361
301
1437
1413
3183
2616
2844
1078
2028
323
1501
1365
837
912
592
733
3015
2209
3113
1888
3191
2734
1090
1521
2015
472
1514
1104
538
3060
1274
1213
1367
2149
2960
252
3181
2236
635
261
2923
1796
426
803
478
903
1994
2930
2309
793
2173
1748
162
2551
2591
2255
2117
2148
152
1282
353
2505
1890
1500
325
673
1641
3010
772
1208
1552
14
1042
2053
632
2476
2305
430
2574
2546
381
0
55
1086
962
2351
1465
118
2550
1224
2227
1893
2724
95
485
199
382
2941
1491
2951
879
3116
2172
1958
674
1504
3163
1686
1388
2412
389
122
2630
1803
1203
3090
1839
2320
3061
3084
526
1255
2832
992
2768
2113
2302
35
1763
2697
1016
2995
2312
1387
802
73
182
1538
3103
2516
2447
43
144
2200
1650
3168
899
1293
1158
470
74
146
394
523
1666
2748
138
2205
251
576
2530
943
852
428
2561
2915
1043
975
2556
2453
2839
2306
689
3065
2270
169
2321
436
1490
2693
178
1503
1942
2533
1146
2
3058
578
2282
10
2523
926
750
1850
2375
611
2741
1851
507
1948
2656
1755
663
3028
1908
3170
2030
1506
213
494
1194
1749
558
845
1143
486
2731
84
743
2531
1268
297
200
2880
2718
882
2017
2207
801
1488
2432
1198
2717
64
1335
754
3150
896
2014
1646
1011
969
1399
352
848
30
1773
1220
2099
376
2640
2654
1495
636
506
1379
2882
480
939
3178
4
897
2022
1197
1438
1191
186
231
922
614
2096
1532
721
799
539
127
2576
2625
1885
1489
377
1139
1750
1205
947
1028
1974
2347
380
180
1951
44
650
255
874
2114
475
1424
2433
730
86
968
735
2776
3160
746
1287
184
537
2958
2122
39
1769
447
101
2415
1691
1178
2788
1854
1906
694
2841
1522
360
2812
700
1651
2308
556
645
1834
3076
2981
2858
2184
1766
1135
1457
1132
521
3035
2031
1531
2087
129
3053
3120
367
215
3146
1597
1422
1745
1630
1259
1305
1123
2225
545
1321
2913
179
1649
2222
2606
741
392
1957
220
2456
542
1056
1276
881
2384
225
1897
1332
1895
19
1053
1002
1761
241
56
1832
386
651
111
966
1060
254
3119
1820
1698
890
3122
1645
1805
113
2738
347
2284
1097
1733
2524
1476
384
1855
2486
262
3114
3005
1278
1631
600
1113
3156
1623
1364
196
2589
1859
2647
684
1007
706
788
948
1170
103
2333
2992
1719
1064
1416
3193
686
2275
434
745
2136
2164
2563
1734
2223
2110
363
1325
738
2299
3072
2425
2399
1569
2829
1752
1905
399
1800
1494
989
444
1128
1207
2005
1627
115
2587
1027
550
2157
595
1956
1036
450
2240
501
159
287
1772
1169
2300
1199
1668
567
863
54
2138
1171
2689
364
1876
1341
2758
1869
1486
445
1741
2405
1039
2781
1724
321
649
131
1860
561
814
923
190
2663
1896
1970
2501
1247
1589
3141
1070
340
692
2158
1441
1556
156
2874
833
1924
1299
1882
2395
1502
3174
2032
2047
1767
2286
3070
2912
1310
1812
2059
1318
612
658
2871
3108
2325
709
2131
134
2891
1066
1302
3046
1176
2943
1430
404
1248
2831
810
2093
61
1233
1116
2971
2273
1444
2944
1872
2162
168
1100
2949
2967
2401
2219
2128
2863
778
492
1849
2386
582
1393
442
2361
1620
1794
779
1328
2037
1653
2634
781
1621
634
2752
2493
1214
1953
1993
2780
1877
2673
759
290
1701
3180
488
318
1517
1711
971
495
867
1714
2970
3067
2296
2265
1092
264
2920
1026
1219
777
114
525
2436
355
253
1625
2573
2827
2085
1468
1168
1405
728
2596
864
277
1041
216
1356
3159
326
1455
2862
930
338
2394
2675
554
2612
1827
2924
2794
2088
1789
654
718
2102
861
222
105
1439
1914
2753
2048
2165
1519
2448
493
1057
1236
1706
2345
1643
28
1017
2081
1923
991
2978
3085
2474
24
972
3158
1539
1363
1857
2366
3138
3109
2664
1014
2003
2050
256
387
2786
1184
1480
3134
1447
1830
482
2942
296
2597
3147
2279
310
2058
2979
787
1477
3050
2369
640
491
524
2555
2193
2765
785
202
2062
1577
1005
133
1892
1659
1941
1012
161
2151
81
2532
2789
1529
2042
2052
511
1404
2129
2497
279
452
2421
2355
1493
2119
15
872
2672
1445
375
1353
1952
2198
2840
2239
519
3064
66
2696
839
2904
893
2790
193
320
1990
2889
2649
2177
792
2171
1765
1746
359
1705
351
1510
455
1124
1831
2568
3151
2931
1177
985
1564
1481
198
2796
1944
3123
530
693
885
214
3068
1566
2334
549
2732
1986
2330
2650
609
1165
2226
2686
3014
892
139
1402
1454
9
2431
1229
1192
422
2498
2562
976
2688
2416
2937
449
3023
2029
1304
1799
2121
2147
496
1246
1699
662
2641
722
795
3105
1187
907
1147
2194
2914
2479
2520
172
887
2890
2443
1125
266
291
1340
1901
2018
646
2626
1054
185
183
316
1534
2079
3087
2231
1294
1474
515
1731
2313
90
2864
1802
1021
1776
324
348
2671
767
3080
2132
2230
541
2339
901
2884
724
1498
618
2097
956
3013
45
2089
2885
1536
1337
154
1377
1978
2438
967
1927
1740
2750
2130
2233
608
1
3115
1253
1930
1160
457
2822
1716
2745
2437
589
588
2861
218
2629
419
544
306
295
203
124
2142
1634
309
2246
987
1561
3051
283
117
2108
164
822
401
1633
2601
3081
1189
2341
2703
2969
2428
483
1277
415
1977
1239
973
2156
2098
1881
2365
553
1700
1288
2674
723
2795
1576
2579
2594
2150
2677
1201
1787
1742
2066
2545
2450
411
591
2699
1558
503
990
361
2792
2909
1963
2407
468
1433
2101
2526
1540
1609
1973
1853
1429
346
2253
2389
1966
2485
322
2552
840
659
2883
2208
1284
3071
844
3102
2025
48
1828
1083
2380
771
764
275
606
984
2228
2615
1788
2705
1932
2836
2681
3031
2304
1296
2337
314
1471
2019
2887
2106
1150
1289
21
789
2344
2429
62
960
1664
2482
2160
847
3125
1904
499
2311
349
1786
819
489
2919
2662
1118
2692
2073
977
2676
851
560
572
438
1453
2876
22
1879
1186
644
2593
1838
1243
2078
1419
865
891
2743
1120
1221
546
2424
1551
328
994
1563
2515
1383
2074
648
3155
2507
1044
1138
1762
1271
2064
2557
1357
304
3098
2075
2481
1237
246
1075
2111
2637
2175
2310
3179
637
3093
1106
2001
1702
269
2213
2820
875
610
516
2513
2976
1217
1946
3135
3143
1655
1644
794
1210
77
2769
1038
669
1068
2356
2928
3006
1798
371
243
2784
711
1697
1743
2900
2315
585
679
979
914
527
219
2251
82
2109
1164
2633
2371
1046
3127
2778
2159
27
3043
2775
3128
2095
2956
1582
1574
319
1230
1174
919
1317
1065
508
150
2077
2427
2478
2004
657
1040
233
2161
766
1209
2268
239
1398
2896
748
3059
1929
2810
462
2237
818
900
2495
866
1223
2714
906
311
3007
149
2558
2690
2234
2319
1167
1466
221
2202
2608
294
2921
531
1931
92
147
2294
1562
1899
1614
2828
2620
737
2252
677
1878
616
2757
1111
410
1842
1400
1275
2998
2023
2888
2777
951
1795
1525
800
744
1826
1154
697
1443
1954
639
2317
2257
197
230
2700
1483
2464
119
1907
2137
2277
1101
2220
23
676
1397
1602
1685
2461
3022
1153
1312
2988
433
132
2112
2536
2298
1783
2038
1829
2860
2645
1281
2853
2517
2278
981
76
2811
1670
1922
2470
1909
1386
2538
557
2635
327
2170
417
51
2774
65
823
2290
1298
354
2514
1166
830
980
2873
1133
1435
1913
3030
1658
2691
1964
3078
125
174
729
2683
414
2332
505
