1598
799
799
337
1910
1725
2790
849
2616
2798
2628
2956
311
916
2980
2356
1014
782
1745
2921
1657
684
3075
1934
2642
2117
2121
575
1300
548
222
1867
456
1584
2158
2564
2990
1088
2614
3015
430
564
2077
3127
1035
2173
3042
116
692
153
714
2149
1331
1341
405
2103
2876
3100
1885
2969
581
1459
3155
1931
615
2041
999
2142
2738
2236
1005
267
3062
1606
3082
729
1278
2355
2251
1821
1022
204
2550
366
932
1403
1250
1285
1512
499
1708
1875
1133
760
1257
2514
2947
2569
481
2001
1481
2349
1142
90
817
1880
179
1552
341
1940
655
372
2761
501
2589
853
212
1004
448
2817
2343
86
1702
2434
147
1428
820
2526
1209
2793
1991
866
570
1404
1647
1953
1245
2612
2519
135
872
1585
138
2669
2358
890
1290
2816
3163
1652
2930
1665
400
181
2662
558
224
115
816
2273
1872
2983
2775
485
557
2168
1242
1452
2110
1485
2280
1688
2272
1187
1856
2797
2792
1855
2511
336
1042
1292
1259
3168
2585
790
2118
1845
253
993
2675
3023
2005
449
1210
832
1935
506
1718
2303
2481
487
1650
2293
1269
2094
2177
2418
1150
1509
1975
3134
2819
1152
847
627
2223
279
2527
1707
1838
3136
379
1731
2198
1868
2290
2821
2369
3142
2951
2572
2617
2135
3120
334
1896
1930
2169
2397
924
1829
1903
930
3000
2453
2268
2371
1225
6
286
2806
572
3146
1354
434
1144
1600
140
952
2104
1472
663
2654
2987
3016
3008
2246
2128
2655
1733
1182
1349
2408
2599
532
2220
2502
2808
777
445
2381
1061
360
1265
3128
2765
2970
35
25
719
1505
2677
2447
3156
2329
296
1398
2929
210
1237
1632
2936
177
74
37
94
1070
1464
2878
2114
1518
2080
961
673
1389
1865
272
106
2112
753
1316
2455
2623
163
30
1294
1986
1917
1252
2302
91
191
918
2027
1742
1743
828
1074
1489
275
2287
182
141
2064
2701
2306
1134
632
3151
1162
2157
444
957
1580
1026
2050
2608
2430
289
1324
11
1667
713
51
2081
332
698
17
1311
954
928
75
439
546
2776
1479
677
2436
2357
955
276
731
728
1715
2239
230
1495
1914
681
2597
1439
2152
3010
554
1749
788
1564
2571
2879
1460
2997
1800
1633
2295
1303
708
1734
2771
3152
2277
3058
2788
459
327
119
70
2122
1698
724
2437
2823
1360
695
2036
2871
1348
1344
155
1052
2853
1289
2547
3067
2518
2907
9
61
136
2698
2021
2347
217
2629
2919
851
821
775
2374
298
2255
2720
1572
1231
2404
3009
2570
1601
679
304
2861
1063
2340
2215
1999
825
338
77
2958
1706
2090
1194
1818
2324
383
1081
1186
2141
1080
2530
1497
2125
2508
1309
1205
571
1400
2101
1641
3143
1809
173
139
2601
1858
397
2367
1610
2673
1477
1356
915
1198
1121
623
2732
21
1002
1592
429
1846
762
2973
1272
2856
2710
1645
1504
2258
2444
2802
940
1969
676
408
2737
2124
1256
1765
2913
102
2676
1987
194
274
2944
911
2097
2637
1437
47
68
1330
2107
1056
2517
1514
1597
424
2163
483
438
2952
1466
2120
2630
2640
629
2762
2728
3125
1041
2634
784
2018
221
470
415
2108
2943
704
2905
1948
299
2901
2665
2267
257
282
2442
269
323
1283
40
2026
2652
1539
767
160
105
725
435
1426
1115
349
1099
1000
1523
2222
628
1417
2417
2314
764
1060
2767
198
2207
2751
1406
2312
73
361
2935
2217
1217
1378
2610
2317
1476
2109
346
2115
486
1515
2066
2407
14
1200
1531
841
1116
1006
146
1376
1440
2047
1710
642
261
861
1798
1028
3140
2887
2484
897
2552
789
1364
1613
737
769
2099
2155
2229
437
169
2336
1038
2685
880
1293
494
2022
66
1420
2934
1720
783
314
706
1690
2895
1275
3037
1380
109
1047
300
1370
522
2912
2465
2756
2639
1801
2462
694
2753
3157
2840
944
387
1646
1823
2838
1131
2249
2445
1778
964
845
1799
2375
183
2061
2466
650
2537
1590
1315
2145
446
1219
2822
2069
1522
2772
1207
649
359
2752
2202
2049
31
231
3086
1979
1203
2586
259
2523
1221
2031
2835
2334
2770
3132
1723
2283
2832
1965
887
1767
322
1955
463
1752
1699
1603
1358
3005
2012
1067
2995
3012
2304
2859
2992
1735
2463
3054
2928
2828
3150
758
868
2075
283
2735
2256
1581
867
2507
929
544
1213
1787
1023
2252
2633
1159
1974
2891
1844
227
1078
156
1224
925
39
2681
2852
1501
2486
1007
1695
800
2890
1836
223
1642
2506
873
1366
1179
1808
2248
2488
1387
3177
2595
2337
1535
1320
2583
2040
3049
937
2390
1928
1617
1301
124
2043
1188
1992
827
803
792
2364
2739
1670
2206
1640
220
1039
2421
1694
726
643
3030
748
1532
3123
2694
608
2428
589
514
203
2485
2868
2894
2540
1739
688
3026
950
755
3108
2865
754
794
1111
2209
1604
2885
1949
567
2399
1701
990
833
1340
250
142
1636
2235
1730
2288
95
2150
1637
2536
1985
612
2201
1087
376
2742
2270
2620
340
1751
578
2848
166
1097
1160
1211
727
235
997
1090
1040
1333
1549
3051
2800
1462
2134
843
3195
3194
3107
1626
1279
1469
2424
2834
1008
128
1827
2626
2576
472
170
1864
518
2247
1860
498
1402
3159
79
241
258
2200
2841
1494
1878
137
640
2478
1771
205
871
1795
1794
3191
385
810
1583
2493
3044
1010
934
671
1009
2068
603
1226
2961
1422
3111
896
1623
1612
1517
1901
1149
1502
201
770
2849
214
326
3185
2419
2516
2072
2755
2111
1618
585
2680
78
1529
1577
2183
1138
292
1691
2133
13
742
2554
3118
1947
660
2058
42
2839
2446
1379
1021
582
96
1815
1408
620
1866
1248
1470
1775
2706
914
2320
3024
3153
2294
273
1117
3099
277
1881
2067
778
2988
2670
1126
1839
2038
1124
1671
1168
1933
1412
2400
697
2714
2212
523
2218
2727
1263
426
2242
1228
1012
2020
497
2902
1178
2085
121
2984
625
399
2234
1155
960
977
496
1526
1317
870
1465
2636
707
108
2380
3137
335
2499
294
1413
113
104
1241
2119
2503
348
3014
2244
2803
2683
2372
652
162
1629
1681
3003
171
2690
1571
3122
968
339
219
1342
89
254
752
1019
3018
1740
2926
1772
2286
1247
1059
2653
1174
2048
1546
920
1862
1254
2551
1457
2330
1763
3091
1461
1591
1024
981
193
2039
3061
1267
1085
92
903
1092
2228
3055
635
2346
384
2203
2584
1578
1280
2411
1942
844
1898
475
161
440
2966
1374
917
631
2051
653
2733
1768
402
2335
865
54
1972
2136
2471
516
178
396
1563
2170
2703
110
1031
894
1540
2796
2053
2477
2473
143
2006
2686
24
1365
3126
3095
1638
2403
1449
44
1582
1685
2789
1261
1475
3112
1530
2100
2166
2893
3064
2528
1468
2000
2881
2558
480
2750
2070
2910
3187
902
1427
469
2237
994
1861
1214
492
736
922
2214
1418
168
973
2292
1828
1113
1796
3031
1680
452
213
1371
1202
2911
1096
1323
1561
893
1017
2573
43
422
2401
447
2221
1471
1683
1446
641
2882
1326
2459
218
3032
1359
2131
1791
1764
2017
3109
1328
3077
50
1125
3060
683
251
65
1478
2524
2146
2607
2605
185
822
2900
1560
1980
2985
2954
215
2663
1954
2745
2271
433
2704
1020
488
1507
2726
2744
912
2575
3019
2449
2216
1258
423
2548
1651
3092
1414
2779
2373
3178
718
1555
2307
1204
1432
672
2055
535
1773
1180
1912
1310
1050
1631
1570
1696
959
3173
1599
1746
8
1335
823
2855
114
2264
1424
1813
2433
798
889
935
328
1781
3093
2724
2231
978
2820
2007
2098
2631
2541
1789
1819
511
2957
750
1873
610
1153
1894
1166
1891
2602
2587
1598
432
945
2032
1277
1998
352
1854
2378
665
2931
252
1105
2600
1448
2730
646
1343
1852
2643
103
2705
3059
963
2709
1474
329
1329
1793
908
2627
2844
2774
174
3035
2768
462
2577
971
2534
1362
1220
491
265
1547
2352
690
1760
1184
2156
1484
2731
2940
1106
2700
2054
2986
2086
946
1139
2711
1877
411
2299
2309
1682
1593
766
1923
561
82
1127
83
1556
451
1759
3154
883
1297
508
1551
1621
839
1786
455
2284
2949
2009
1282
420
1483
2191
2624
1480
2164
3119
1454
1066
1968
2667
2266
858
2084
801
985
2555
3081
2179
302
869
2999
3068
2509
2458
1083
2846
404
431
152
1548
904
884
2490
464
1101
3169
878
1978
3053
2791
148
2011
2319
1234
392
2784
1967
551
500
3182
382
2253
621
1273
3069
345
1488
248
1810
2813
1900
1966
664
3135
779
2162
278
2194
2898
3179
717
2877
3183
1141
1156
2071
1084
4
3110
3105
1543
2746
371
2443
1191
1
2622
2065
1490
2644
892
2713
2782
3047
2578
1777
389
598
2510
967
2002
482
3071
1425
2298
1990
2863
2603
3148
414
687
2276
32
1093
515
3070
877
126
1102
1995
377
563
320
1924
1619
1177
111
1964
1409
1669
2192
806
1754
2034
527
401
2376
255
388
1223
765
12
524
1201
390
127
2195
1605
2917
2398
1932
1499
947
3114
1185
270
3190
2028
939
2648
378
1444
2525
2056
949
2315
2181
2405
1915
232
2965
1447
517
101
1013
1785
804
333
1916
1157
473
394
1545
905
953
3052
592
1030
355
1907
1783
129
735
2321
2691
2275
815
1747
593
2087
1082
354
1853
386
2974
2171
1997
2451
2426
2880
1566
285
2971
824
381
2354
1467
741
15
2904
3083
605
1419
1029
901
675
2996
2978
2448
645
2023
852
2078
3103
1929
862
1982
2483
318
2505
988
2495
2328
1395
2664
2588
774
56
52
46
1541
2941
347
1016
2721
1401
3138
2938
2847
2962
2896
2780
364
1834
705
921
2736
2827
2491
1193
1458
2747
2208
2205
2899
1197
2429
2692
2393
2854
1089
1883
2889
1918
1503
2763
1181
1352
3097
2240
351
531
1843
97
599
943
1506
2825
2989
2154
2382
1542
1170
1709
419
2646
1782
208
1110
2521
2282
84
2230
2557
247
3139
1586
175
2815
1524
1270
305
1876
331
840
1567
2903
580
1044
1036
1863
123
1620
1208
2082
555
1648
1307
2431
1167
2073
2450
1831
2568
2410
2260
2873
573
493
1766
477
785
630
3080
117
1171
545
1971
647
1288
984
1140
1962
1411
3166
786
3174
1114
1576
2661
1216
1792
2513
2439
2857
3002
60
1608
2225
69
1697
1393
942
2611
228
1871
2025
410
2836
1908
624
3020
2497
1803
2238
1058
1025
2543
1094
856
2708
2916
1345
324
1656
910
2927
3098
972
3007
543
1048
1308
807
2468
2702
2123
2809
721
1859
211
1644
881
1643
2743
2824
2760
281
2140
1595
2172
1137
2361
238
1984
678
909
1732
1450
306
2860
3045
134
172
2265
1381
587
2998
3101
2461
2532
1498
312
604
1071
144
982
245
1253
303
1996
802
243
1415
3149
1569
2757
316
965
2074
313
1206
793
668
2425
2261
1145
1536
356
2289
450
2482
3189
1103
597
2470
2562
813
2805
654
358
2559
1143
574
1804
1120
3130
974
2406
62
1091
700
1757
2829
287
2254
2416
2781
133
1229
595
1634
1129
2925
2348
2520
1338
3017
1375
3175
826
796
2866
1870
1363
1616
547
1100
1519
1274
1251
1196
59
759
130
2196
1076
1079
1286
2787
242
2515
693
2224
3141
1456
2672
1774
2945
1909
1664
1385
93
2972
1298
882
2186
1405
1327
1899
3102
1957
1072
99
288
321
1887
2684
441
1588
319
72
3124
425
1175
857
2383
3056
2657
158
1830
507
1312
202
2687
2967
2679
2178
1407
2316
2412
2487
1970
674
1189
3188
2093
1693
2197
667
2363
465
2862
588
1146
1243
639
421
1361
2342
1321
2176
996
1069
1538
1232
1118
2826
2129
271
520
2592
2035
761
1614
670
367
1700
1812
3115
2476
2127
2333
2963
2232
1958
685
3076
1553
406
513
768
565
38
1442
1744
2389
2950
2322
16
1879
2396
1062
1339
2311
1684
2391
1988
63
1660
2148
1814
503
659
1944
1811
2830
2456
457
233
1729
2414
2566
1521
542
395
1372
812
657
1383
831
1496
2143
1911
991
3072
1920
3028
1346
1336
1981
76
2549
1753
2095
1558
1130
3131
927
2226
317
2492
1169
747
2392
391
596
931
1443
2635
256
763
2030
2678
2313
342
1676
240
2544
2327
1847
805
2785
3073
2501
2651
2454
1963
1711
2130
1260
874
1235
10
200
2696
1611
2864
2981
268
1262
2331
2542
427
2953
1513
609
622
656
2660
1689
2
1268
837
2716
976
2884
970
715
2388
27
638
1886
2250
26
559
895
1959
1921
2161
29
2647
57
2531
3087
1190
1302
1842
1244
669
2946
2621
180
2778
863
1086
658
2850
744
519
1904
2723
616
1882
3162
2982
22
1399
1065
1627
192
2869
2833
591
1663
2870
1906
2263
540
1557
1516
5
1807
634
2339
1832
2344
2892
0
2285
756
1628
2362
2159
1937
2190
1941
368
3041
2189
611
1554
1154
1463
36
145
696
3147
3038
1368
2718
906
3040
1983
1741
3001
1609
1579
1015
2512
2529
2496
1615
2693
428
2126
1445
1055
898
1895
330
184
2741
2402
1319
2810
1163
556
2279
2377
888
33
1227
85
1173
1797
787
2033
151
1433
773
1373
295
2291
926
1318
2494
1132
315
1212
2432
2758
549
484
983
3186
2060
2052
362
1936
1011
112
619
1112
2535
795
1525
1692
190
1850
834
3192
886
2368
1679
1589
374
1355
814
1635
3180
2350
3088
207
3011
309
989
854
1034
88
751
1857
1271
2858
3170
67
3065
1520
1218
1233
1486
2729
3172
2452
1075
1889
1236
466
2420
2233
2480
1817
34
3048
443
2948
2105
2804
2596
539
510
1045
1761
1678
1622
2734
363
860
100
1976
2632
2013
1176
1158
2719
2044
2955
2561
1054
1313
1487
2604
1573
566
1790
2413
2269
3074
2318
2567
2042
1027
521
2688
2010
1493
1662
2310
2556
680
2469
125
1705
468
2814
3006
2274
3
703
537
2606
907
1822
2046
3117
1453
1276
1956
216
2441
2037
2116
3079
509
1961
1222
2076
7
772
2939
55
1780
2353
1215
1382
808
2180
80
1350
3104
1533
2812
1927
3084
569
1938
2922
1122
998
541
2906
2370
876
1756
1431
1183
1835
1386
2656
1043
373
885
2574
1192
1848
159
2641
1077
2262
1562
1661
2764
357
1672
1802
2795
1528
1172
2538
584
237
743
846
1559
2843
407
2546
3036
1046
2241
478
781
1624
633
941
711
403
3106
1377
471
2582
2769
418
260
1264
1939
1750
2715
188
1575
412
3021
53
1758
602
107
836
2748
502
2137
2837
1438
626
2365
307
2609
2326
1334
691
2438
2387
2842
2257
3145
436
811
1849
1511
2993
2645
2968
495
417
661
2959
1423
2773
249
1390
1779
343
1951
799
2618
28
2498
2794
2345
2666
225
1655
3090
187
2658
2811
1890
476
2395
1322
2386
2384
197
3184
1762
1977
2004
2786
2199
2580
157
2872
2638
1367
1161
2897
936
239
2613
479
980
490
1874
702
3066
791
2323
1287
1239
1128
662
2594
2427
2565
2801
2668
2591
2818
560
797
576
2918
3193
740
2563
1993
2385
2598
2920
2423
1922
1824
732
1246
1037
1770
1565
1788
64
87
58
2489
2139
2883
1304
962
1851
618
1713
2341
2991
1051
1049
1436
900
1537
1508
1325
1032
18
2014
648
1003
1769
1388
1945
3161
1776
461
1596
2759
1357
720
2831
2204
835
2259
2296
848
244
746
167
505
2088
1491
2553
1687
2015
600
1064
2522
1392
293
938
3063
398
1587
583
1230
590
2092
1510
2360
1148
3133
2689
1816
2807
3096
2305
2300
1639
2138
1716
350
636
2083
1784
2379
1833
528
2754
1755
266
1291
118
1840
1369
2184
577
533
1296
1165
2875
780
2975
723
529
512
454
1989
262
2440
525
534
1550
1654
855
2338
553
353
734
2590
1722
3029
1659
1674
81
2725
489
1607
2245
3050
606
1826
1728
1434
1238
2671
1727
526
2091
809
154
3013
1199
1314
987
1952
579
2994
2457
1736
1394
1451
2045
2151
2182
2308
2281
1973
1719
686
3171
2351
2160
3094
2979
864
2165
409
607
2219
2332
1332
3176
2977
2908
1396
601
919
986
2174
1073
1033
1666
975
48
2500
613
2467
2359
1902
2057
199
3113
830
699
2479
2886
301
689
189
2062
206
375
226
1107
2560
458
3057
290
716
1109
958
2096
2278
2674
2777
1095
263
1717
164
2132
2144
2325
71
1737
186
3034
776
2227
3121
453
325
98
2063
2167
416
467
1960
196
562
536
1337
2933
2024
3116
2942
1625
951
1534
3046
933
2749
1658
1240
1136
3078
2366
2712
1441
2079
1820
1721
291
1994
1123
842
3144
709
45
3129
2799
1410
2301
1712
2851
460
2740
2649
617
530
891
1266
1806
1594
1351
1825
966
1602
2625
2243
2415
1884
1724
818
1748
859
3158
1714
749
1147
1430
2003
3181
712
2924
1284
1104
2717
2695
2435
2147
1098
3165
637
1455
236
738
19
1703
1544
3039
1195
2188
209
2722
504
2193
41
474
3089
644
365
1482
771
2960
2659
2185
23
369
1299
2539
2783
234
2102
899
1119
2964
1675
1704
1135
3033
2845
344
2187
2019
195
3085
149
49
2579
550
2113
1943
2867
20
2106
538
2175
733
1568
1574
370
1391
2016
1738
284
3164
1500
3043
1686
120
3167
701
1668
2888
2464
1281
2210
246
979
2545
1295
229
1421
1905
132
969
2915
1305
1919
2874
2029
150
1653
2472
1255
1805
552
2089
2682
1068
722
992
1869
2581
568
3022
2914
1527
651
1151
879
730
2059
1347
3160
739
122
913
1492
2707
1926
2297
1018
2923
2474
380
1893
1053
2504
1841
819
614
2976
1677
2909
165
442
1429
1649
1888
1108
2213
3027
710
2932
131
1249
176
310
2422
2615
1946
1384
2619
1726
1473
745
682
2533
1306
3004
829
666
1925
2650
1950
2699
923
1892
2937
594
1397
2460
280
393
1897
1630
1001
1057
850
757
2409
1913
2593
1435
308
2211
1164
586
2394
1837
3025
2475
875
2153
838
297
2008
2766
956
264
2697
1353
413
948
995
1416
1673
