178
90
90
276
49
208
120
32
25
174
295
304
159
320
355
67
53
42
81
206
126
180
230
96
256
197
161
242
58
201
13
287
259
35
286
352
249
282
271
26
144
329
277
245
325
152
283
247
266
172
216
347
118
292
11
162
330
349
18
30
17
106
298
195
74
63
215
97
5
211
302
272
51
149
252
222
89
85
23
235
351
341
44
157
260
160
317
239
73
151
334
248
258
326
205
105
119
196
323
327
98
140
19
250
324
181
227
303
220
217
112
296
52
70
75
24
204
41
148
305
233
90
267
9
339
185
21
104
309
71
357
253
238
219
127
114
68
38
59
102
115
153
91
269
184
199
43
332
228
147
83
328
165
310
78
306
345
209
312
170
350
0
190
12
262
274
60
61
103
338
254
7
39
66
155
55
146
82
69
291
225
47
116
79
210
356
265
108
132
188
121
231
307
54
218
10
136
171
207
187
4
221
131
300
93
237
113
342
308
76
133
158
86
202
154
261
263
311
125
275
294
194
128
164
65
34
100
255
257
241
37
183
88
50
340
20
33
48
313
318
45
213
223
117
22
110
142
331
8
77
244
279
16
251
150
319
143
333
3
354
189
134
46
167
335
15
87
336
240
297
186
107
138
203
236
2
243
280
64
27
278
57
163
166
175
270
316
173
31
353
177
36
198
40
137
6
322
99
141
232
299
285
281
176
273
129
344
72
94
62
168
301
234
156
289
179
321
337
124
229
178
264
224
80
139
193
192
200
293
92
123
56
122
212
284
28
315
288
290
268
169
348
111
343
29
145
191
182
135
214
226
346
95
130
109
101
1
314
14
246
84
