178
90
90
175
227
12
276
218
128
299
55
50
172
9
44
208
76
235
237
339
71
88
244
205
141
307
90
298
344
22
247
209
92
107
335
168
99
304
296
254
87
329
291
62
310
96
348
317
118
125
336
297
167
232
182
147
78
150
332
173
308
187
183
3
123
19
63
20
23
331
301
192
264
243
70
194
211
279
29
230
131
261
219
333
260
275
146
38
85
152
210
228
53
345
246
191
60
74
37
45
229
354
338
101
35
314
188
116
325
320
350
7
14
95
171
216
124
108
283
324
162
10
249
148
217
153
213
224
0
43
287
258
277
80
176
8
21
318
306
355
73
156
127
151
231
100
250
154
17
302
49
280
106
234
197
206
91
322
115
305
241
274
321
340
255
225
236
13
39
189
184
343
204
140
177
68
268
2
145
226
223
84
98
143
65
40
135
97
311
27
46
67
181
94
160
119
269
33
157
212
353
233
286
193
52
30
121
337
11
133
15
117
110
351
199
122
242
253
36
180
281
25
328
185
263
326
272
72
273
295
158
109
93
203
309
139
259
178
165
161
347
77
137
47
170
174
200
239
220
69
164
342
214
130
169
313
18
126
81
136
31
34
288
163
4
57
75
66
356
144
149
104
89
28
159
41
26
293
312
166
282
266
202
252
16
132
59
285
315
83
195
79
179
129
32
86
201
102
352
330
56
186
6
300
42
155
270
105
134
1
271
323
82
222
64
120
257
319
58
248
111
198
262
113
327
207
215
284
61
48
303
221
114
256
278
357
112
251
289
294
267
290
103
346
245
316
238
54
196
190
142
240
265
138
24
334
349
5
51
292
341
