178
90
90
182
212
53
188
59
306
338
13
194
140
343
267
68
213
69
340
127
83
233
286
195
161
8
292
128
130
60
184
296
78
106
249
27
265
308
141
259
220
72
67
200
159
201
26
295
20
210
137
178
281
55
1
40
150
185
57
0
205
312
232
290
311
102
305
252
302
15
332
272
197
87
43
257
275
339
73
285
282
101
79
5
245
287
227
114
273
167
109
243
7
248
151
191
234
261
30
352
187
242
171
198
24
39
170
77
309
216
225
211
177
139
218
64
47
355
277
207
289
333
168
204
38
33
71
117
266
255
76
115
116
169
315
228
334
16
21
254
319
271
330
356
174
324
288
45
173
246
46
183
279
230
235
10
138
136
144
307
84
214
297
344
70
6
303
270
31
32
4
190
90
28
186
91
107
41
236
180
278
80
148
22
124
337
348
241
251
318
118
108
19
44
23
58
260
237
35
325
327
94
110
347
209
179
18
50
95
36
153
120
274
345
17
298
231
66
133
239
100
165
283
280
208
321
135
193
14
219
48
222
98
129
157
299
351
99
268
143
49
176
85
158
154
223
326
105
269
12
264
155
96
244
301
293
215
2
314
331
3
121
93
81
152
122
354
62
346
258
103
112
262
328
52
113
349
166
322
253
123
160
88
224
54
226
163
317
175
9
181
342
125
29
104
300
256
335
75
341
86
145
149
65
357
196
313
192
131
63
276
240
146
294
229
89
217
291
42
304
336
238
203
353
74
25
97
162
250
199
320
329
323
202
263
189
92
119
126
284
172
34
132
156
310
82
61
111
350
221
164
147
37
11
247
134
142
51
56
206
316
