178
90
90
212
53
143
232
253
333
168
46
102
227
25
257
61
269
29
317
205
132
49
107
262
240
32
20
73
2
86
278
207
165
313
153
104
77
88
325
138
119
23
226
188
209
315
310
24
274
10
123
348
275
178
159
142
263
181
115
164
112
246
324
39
319
208
307
241
6
22
148
179
280
183
90
289
157
308
245
37
203
285
338
177
110
318
150
50
9
128
295
42
350
352
249
221
43
239
252
129
170
184
51
15
127
211
126
349
316
149
224
355
304
268
202
332
292
326
305
154
166
210
94
45
254
291
284
103
330
328
52
293
16
276
229
248
7
223
299
213
67
71
122
247
290
354
80
267
298
191
27
356
120
144
346
342
60
116
216
281
279
69
155
296
189
64
244
91
89
87
84
347
250
59
311
198
8
101
341
218
41
345
306
48
136
152
194
331
339
57
70
114
251
75
265
76
151
200
124
118
96
277
302
161
0
225
260
140
266
195
196
97
228
286
100
135
141
237
31
192
62
327
243
38
334
337
322
131
187
282
231
303
5
133
139
134
185
28
180
287
21
300
312
95
219
30
125
235
323
3
343
18
335
14
230
222
130
106
234
83
158
171
13
160
147
314
321
186
68
92
176
65
44
35
270
111
55
357
336
294
172
36
169
353
93
201
163
242
214
109
256
79
217
4
56
272
58
17
78
121
259
146
271
182
26
174
288
309
167
33
193
233
54
199
340
105
255
137
47
190
351
238
197
19
98
162
329
264
34
81
206
173
99
236
85
297
220
74
258
12
11
113
145
215
108
320
63
117
175
344
156
82
1
273
301
261
204
40
72
283
66
