178
90
90
264
107
32
242
251
181
98
320
236
158
340
39
141
193
225
11
228
257
210
144
117
89
350
76
338
169
49
138
230
110
337
355
217
309
280
307
220
64
105
83
222
289
197
206
108
223
15
48
78
19
109
313
143
214
34
7
29
186
172
311
127
57
52
92
140
346
308
336
226
111
152
343
20
200
317
47
120
276
213
243
53
224
253
190
146
119
81
209
345
291
208
254
112
134
88
178
35
23
205
94
277
293
27
55
262
80
40
25
3
26
21
218
101
357
86
302
104
0
183
272
270
153
133
8
284
268
132
187
207
4
18
125
63
149
310
349
131
237
97
256
67
348
246
162
315
155
28
167
139
285
332
54
2
335
166
73
342
306
323
266
79
204
24
245
135
314
51
298
103
147
283
6
126
177
41
95
316
160
188
65
168
30
295
288
261
16
14
211
287
182
232
36
265
115
9
249
93
189
87
215
74
161
334
229
269
90
82
62
124
275
333
59
71
42
56
273
274
38
150
248
305
5
170
235
102
114
294
10
326
339
303
325
330
241
227
258
159
61
321
91
352
123
240
174
199
233
58
260
196
318
100
327
75
344
304
163
165
341
45
219
12
319
238
175
118
244
184
106
151
173
329
77
301
192
290
85
31
296
300
171
176
113
203
116
353
351
70
122
1
279
128
292
234
13
201
129
221
202
44
46
255
286
216
136
33
157
145
247
347
250
263
154
69
179
50
148
198
194
271
84
66
331
281
37
43
156
17
130
99
22
252
180
297
282
312
142
267
354
185
239
72
356
322
278
195
328
299
324
60
96
137
121
259
164
191
231
68
212
