4
4
2
1.0
0.0
0.0
0.0
0.10135135427117348
0.0
-1
0.0
0.0
1.0
0.0
0.0714285708963871
0.0
-1
0.0
0.0
0.0
0.0
0.0
0.0
0
0.0
0.0
0.0
1.0
0.010416666977107525
0.0
-1
0.0
0.0
0.0
1.0
0.421875
0.0
-1
0.0
0.0
0.0
0.0
0.0
0.0
-1
0.0
0.0
0.0
0.0
0.0
0.0
-1
0.0
0.0
0.0
0.0
0.0
0.0
0
0.0
0.0
0.0
0.0
0.0
0.0
0
0.0
0.0
0.0
0.0
0.0
0.0
1
0.0
1.0
0.0
0.0
0.17346938699483871
0.0
-1
0.0
0.0
0.0
0.0
0.0
0.0
-1
0.0
0.0
0.0
0.0
0.0
0.0
-1
0.0
0.0
0.0
0.0
0.0
0.0
-1
0.0
0.0
0.0
0.0
0.0
0.0
-1
-1
-1
-1
-1
-1
-1
0
0
-1
-1
-1
-1
-1
-1
-1
-1
