4
4
2
1.0
0.0
0.0
0.0
0.10135135427117348
0.0
-1
0.0
0.0
1.0
0.0
0.0714285708963871
0.0
-1
0.0
1.0
0.0
0.0
0.3163265287876129
0.0
-1
0.0
0.0
0.0
1.0
0.010416666977107525
0.0
-1
0.0
0.0
0.0
1.0
0.421875
0.0
-1
0.0
0.0
0.0
0.0
0.0
0.0
0
0.0
0.0
0.0
0.0
0.0
0.0
1
0.0
0.0
0.0
0.0
0.0
0.0
0
0.0
0.0
0.0
0.0
0.0
0.0
0
0.0
0.0
0.0
1.0
0.171875
0.0
-1
0.0
0.0
0.0
1.0
0.953125
0.0
-1
0.0
0.0
0.0
0.0
0.0
0.0
-1
0.0
0.0
0.0
0.0
0.0
0.0
-1
0.0
0.0
0.0
0.0
0.0
0.0
-1
0.0
0.0
0.0
0.0
0.0
0.0
-1
-1
-1
-1
-1
1
1
0
1
-1
-1
-1
-1
-1
-1
-1
-1
