4
4
2
1.0
0.0
0.0
0.0
0.0878378376364708
0.0
-1
0.0
0.0
1.0
0.0
0.05102040804922581
0.0
-1
0.0
0.0
1.0
0.0
0.03061224427074194
0.0
-1
0.0
0.0
0.0
1.0
0.0052083334885537624
0.0
-1
0.0
0.0
0.0
1.0
0.984375
0.0
-1
1.0
0.0
0.0
0.0
0.29729729890823364
0.0
-1
0.0
0.0
0.0
1.0
0.234375
0.0
-1
0.0
0.0
1.0
0.0
0.010204081423580647
0.0
-1
1.0
0.0
0.0
0.0
0.04729729704558849
0.0
-1
0.0
0.0
0.0
1.0
0.8125
0.0
-1
0.0
0.0
0.0
0.0
0.0
0.0
1
0.0
0.0
0.0
1.0
0.1770833358168602
0.0
-1
0.0
0.0
0.0
0.0
0.0
0.0
0
0.0
0.0
1.0
0.0
0.0714285708963871
0.0
-1
1.0
0.0
0.0
0.0
0.3310810774564743
0.0
-1
0
0
0
0
1
0
-1
-1
0
0
-1
-1
0
0
0
0
