4
4
2
1.0
0.0
0.0
0.0
0.0878378376364708
0.0
-1
0.0
1.0
0.0
0.0
0.05102040804922581
0.0
-1
0.0
1.0
0.0
0.0
0.03061224427074194
0.0
-1
0.0
1.0
0.0
0.0
0.010204081423580647
0.0
-1
0.0
0.0
0.0
1.0
0.4947916716337204
0.0
-1
0.0
0.0
0.0
0.0
0.0
0.0
0
0.0
0.0
0.0
1.0
0.234375
0.0
-1
0.0
0.0
0.0
0.0
0.0
0.0
0
0.0
0.0
0.0
1.0
0.1041666679084301
0.0
-1
0.0
0.0
0.0
1.0
0.3020833283662796
0.0
-1
0.0
0.0
0.0
0.0
0.0
0.0
0
0.0
0.0
0.0
0.0
0.0
0.0
-1
0.0
0.0
0.0
0.0
0.0
0.0
-1
0.0
0.0
0.0
0.0
0.0
0.0
0
0.0
1.0
0.0
0.0
0.13265306502580643
0.0
-1
-1
-1
0
0
1
1
-1
-1
-1
-1
-1
-1
-1
-1
0
0
