4
4
2
1.0
0.0
0.0
0.0
0.10135135427117348
0.0
-1
0.0
0.0
1.0
0.0
0.0714285708963871
0.0
-1
0.0
0.0
0.0
1.0
0.5260416567325592
0.0
-1
1.0
0.0
0.0
0.0
0.033783783204853535
0.0
-1
0.0
0.0
0.0
1.0
0.4166666716337204
0.0
-1
0.0
0.0
1.0
0.0
0.0714285708963871
0.0
-1
0.0
0.0
0.0
0.0
0.0
0.0
0
0.0
0.0
0.0
1.0
0.0885416679084301
0.0
-1
0.0
0.0
0.0
0.0
0.0
0.0
0
0.0
0.0
0.0
1.0
0.2604166716337204
0.0
-1
0.0
0.0
1.0
0.0
0.2142857164144516
0.0
-1
0.0
0.0
0.0
0.0
0.0
0.0
0
0.0
0.0
0.0
0.0
0.0
0.0
0
0.0
0.0
0.0
0.0
0.0
0.0
-1
0.0
0.0
0.0
0.0
0.0
0.0
-1
0
0
-1
-1
1
1
0
0
-1
-1
-1
-1
-1
-1
-1
-1
