4
4
2
1.0
0.0
0.0
0.0
0.10135135427117348
0.0
-1
0.0
1.0
0.0
0.0
0.0714285708963871
0.0
-1
0.0
0.0
1.0
0.0
0.3163265287876129
0.0
-1
0.0
0.0
0.0
1.0
0.010416666977107525
0.0
-1
0.0
0.0
0.0
1.0
0.421875
0.0
-1
0.0
1.0
0.0
0.0
0.05102040804922581
0.0
-1
0.0
0.0
0.0
0.0
0.0
0.0
1
0.0
1.0
0.0
0.0
0.010204081423580647
0.0
-1
0.0
0.0
0.0
1.0
0.1041666679084301
0.0
-1
0.0
0.0
0.0
1.0
0.171875
0.0
-1
0.0
0.0
0.0
1.0
0.953125
0.0
-1
0.0
0.0
0.0
1.0
0.2604166716337204
0.0
-1
1.0
0.0
0.0
0.0
0.3445945978164673
0.0
-1
0.0
0.0
0.0
0.0
0.0
0.0
-1
0.0
0.0
0.0
0.0
0.0
0.0
-1
0
0
0
0
1
1
0
1
0
0
0
1
-1
-1
-1
-1
