4
4
2
1.0
0.0
0.0
0.0
0.0878378376364708
0.0
-1
0.0
0.0
1.0
0.0
0.03061224427074194
0.0
-1
0.0
0.0
1.0
0.0
0.03061224427074194
0.0
-1
0.0
0.0
0.0
0.0
0.0
0.0
0
0.0
0.0
0.0
1.0
0.4895833283662796
0.0
-1
0.0
0.0
0.0
0.0
0.0
0.0
0
0.0
0.0
0.0
1.0
0.5260416567325592
0.0
-1
0.0
0.0
0.0
0.0
0.0
0.0
-1
0.0
0.0
0.0
0.0
0.0
0.0
-1
0.0
1.0
0.0
0.0
0.0714285708963871
0.0
-1
0.0
0.0
0.0
0.0
0.0
0.0
0
0.0
0.0
0.0
0.0
0.0
0.0
-1
0.0
0.0
0.0
0.0
0.0
0.0
-1
0.0
0.0
0.0
0.0
0.0
0.0
0
0.0
0.0
0.0
0.0
0.0
0.0
0
-1
-1
-1
-1
0
1
-1
-1
-1
-1
-1
-1
-1
-1
-1
-1
