4
4
2
1.0
0.0
0.0
0.0
0.10135135427117348
0.0
-1
0.0
1.0
0.0
0.0
0.34693877398967743
0.0
-1
0.0
0.0
0.0
1.0
0.5260416567325592
0.0
-1
0.0
0.0
0.0
1.0
0.4791666716337204
0.0
-1
0.0
0.0
1.0
0.0
0.41836734116077423
0.0
-1
0.0
0.0
0.0
1.0
0.484375
0.0
-1
0.0
1.0
0.0
0.0
0.3163265287876129
0.0
-1
0.0
0.0
1.0
0.0
0.0714285708963871
0.0
-1
1.0
0.0
0.0
0.0
0.0810810811817646
0.0
-1
0.0
0.0
0.0
0.0
0.0
0.0
1
0.0
0.0
1.0
0.0
0.632653072476387
0.0
-1
0.0
0.0
1.0
0.0
0.09183673560619354
0.0
-1
0.0
0.0
0.0
1.0
0.4947916716337204
0.0
-1
0.0
0.0
0.0
0.0
0.0
0.0
0
0.0
1.0
0.0
0.0
0.33673469722270966
0.0
-1
0
1
0
1
-1
-1
0
1
0
0
1
0
-1
-1
1
0
