4
4
2
1.0
0.0
0.0
0.0
0.10135135427117348
0.0
-1
0.0
1.0
0.0
0.0
0.0714285708963871
0.0
-1
0.0
1.0
0.0
0.0
0.05102040804922581
0.0
-1
0.0
0.0
0.0
1.0
0.010416666977107525
0.0
-1
0.0
0.0
0.0
1.0
0.421875
0.0
-1
0.0
0.0
0.0
1.0
0.2604166716337204
0.0
-1
0.0
1.0
0.0
0.0
0.15306122601032257
0.0
-1
0.0
0.0
0.0
0.0
0.0
0.0
0
0.0
0.0
0.0
1.0
0.1041666679084301
0.0
-1
0.0
0.0
0.0
1.0
0.328125
0.0
-1
0.0
0.0
1.0
0.0
0.17346938699483871
0.0
-1
0.0
0.0
0.0
1.0
0.1875
0.0
-1
0.0
0.0
0.0
0.0
0.0
0.0
0
0.0
1.0
0.0
0.0
0.09183673560619354
0.0
-1
0.0
0.0
0.0
0.0
0.0
0.0
0
-1
-1
0
0
1
1
0
0
0
0
-1
-1
0
0
-1
-1
