4
4
2
1.0
0.0
0.0
0.0
0.0810810811817646
0.0
-1
0.0
1.0
0.0
0.0
0.2755102068185806
0.0
-1
1.0
0.0
0.0
0.0
0.30405405163764954
0.0
-1
0.0
0.0
0.0
1.0
0.4375
0.0
-1
0.0
0.0
0.0
0.0
0.0
0.0
1
0.0
0.0
0.0
1.0
0.1614583283662796
0.0
-1
0.0
0.0
0.0
0.0
0.0
0.0
0
0.0
1.0
0.0
0.0
0.09183673560619354
0.0
-1
0.0
0.0
0.0
0.0
0.0
0.0
0
0.0
0.0
0.0
0.0
0.0
0.0
-1
0.0
0.0
0.0
0.0
0.0
0.0
-1
1.0
0.0
0.0
0.0
0.1621621623635292
0.0
-1
0.0
0.0
0.0
1.0
0.2135416641831398
0.0
-1
0.0
0.0
0.0
0.0
0.0
0.0
-1
0.0
0.0
0.0
0.0
0.0
0.0
-1
0
1
-1
-1
-1
-1
-1
-1
0
0
0
0
-1
-1
-1
-1
