4
4
2
1.0
0.0
0.0
0.0
0.0878378376364708
0.0
-1
0.0
0.0
1.0
0.0
0.03061224427074194
0.0
-1
1.0
0.0
0.0
0.0
0.12837837636470795
0.0
-1
1.0
0.0
0.0
0.0
0.06756756640970707
0.0
-1
0.0
0.0
0.0
1.0
0.4895833283662796
0.0
-1
0.0
0.0
0.0
1.0
0.359375
0.0
-1
0.0
0.0
0.0
1.0
0.2135416641831398
0.0
-1
0.0
0.0
0.0
1.0
0.1041666679084301
0.0
-1
0.0
0.0
0.0
0.0
0.0
0.0
1
0.0
1.0
0.0
0.0
0.0714285708963871
0.0
-1
0.0
0.0
1.0
0.0
0.23469387739896774
0.0
-1
0.0
0.0
0.0
0.0
0.0
0.0
0
0.0
1.0
0.0
0.0
0.15306122601032257
0.0
-1
0.0
0.0
0.0
0.0
0.0
0.0
0
0.0
0.0
0.0
0.0
0.0
0.0
0
0
0
-1
-1
0
1
0
1
-1
-1
1
0
-1
-1
-1
-1
