4
4
2
1.0
0.0
0.0
0.0
0.0810810811817646
0.0
-1
0.0
0.0
1.0
0.0
0.2755102068185806
0.0
-1
1.0
0.0
0.0
0.0
0.30405405163764954
0.0
-1
0.0
0.0
0.0
1.0
0.4375
0.0
-1
0.0
1.0
0.0
0.0
0.47959183156490326
0.0
-1
1.0
0.0
0.0
0.0
0.29054054617881775
0.0
-1
1.0
0.0
0.0
0.0
0.3445945978164673
0.0
-1
0.0
1.0
0.0
0.0
0.09183673560619354
0.0
-1
0.0
1.0
0.0
0.0
0.23469387739896774
0.0
-1
0.0
0.0
0.0
1.0
0.5520833134651184
0.0
-1
0.0
0.0
0.0
0.0
0.0
0.0
1
0.0
0.0
1.0
0.0
0.010204081423580647
0.0
-1
0.0
0.0
0.0
0.0
0.0
0.0
1
0.0
0.0
0.0
0.0
0.0
0.0
0
1.0
0.0
0.0
0.0
0.4324324280023575
0.0
-1
0
1
0
0
1
1
-1
-1
0
0
-1
-1
-1
-1
1
0
