4
4
2
1.0
0.0
0.0
0.0
0.0878378376364708
0.0
-1
0.0
1.0
0.0
0.0
0.05102040804922581
0.0
-1
0.0
0.0
1.0
0.0
0.03061224427074194
0.0
-1
0.0
0.0
0.0
1.0
0.0052083334885537624
0.0
-1
0.0
0.0
0.0
1.0
0.984375
0.0
-1
0.0
0.0
0.0
0.0
0.0
0.0
0
0.0
0.0
0.0
1.0
0.234375
0.0
-1
0.0
0.0
0.0
0.0
0.0
0.0
0
1.0
0.0
0.0
0.0
0.04729729704558849
0.0
-1
0.0
0.0
0.0
1.0
0.8125
0.0
-1
0.0
0.0
0.0
0.0
0.0
0.0
1
0.0
0.0
0.0
0.0
0.0
0.0
-1
0.0
0.0
0.0
0.0
0.0
0.0
-1
1.0
0.0
0.0
0.0
0.14189188927412033
0.0
-1
1.0
0.0
0.0
0.0
0.3310810774564743
0.0
-1
-1
-1
0
0
1
0
-1
-1
-1
-1
-1
-1
0
0
0
0
