374
187
187
317
549
473
118
383
678
19
555
579
71
541
20
713
417
571
45
225
557
207
620
574
121
259
119
529
639
711
565
80
193
467
96
718
446
536
393
491
591
219
432
400
228
615
7
695
398
114
140
607
388
282
59
688
136
51
640
690
73
583
724
696
256
326
476
243
339
310
82
81
252
271
570
642
682
190
515
171
301
452
418
448
641
285
553
457
495
523
30
74
675
654
176
152
294
455
343
731
9
321
430
58
658
720
518
562
412
222
524
517
234
47
485
1
334
460
162
198
358
90
237
333
257
303
84
597
2
513
209
156
614
332
580
611
180
587
295
202
280
129
528
29
69
267
671
364
399
329
44
366
120
53
174
660
422
458
516
49
63
604
373
502
37
17
442
619
314
36
657
689
674
551
144
264
369
468
342
533
415
168
128
330
25
161
139
88
685
188
669
89
709
694
668
560
649
509
173
626
527
76
395
537
477
743
558
150
489
134
437
62
312
4
95
232
702
548
67
52
125
729
92
263
169
338
258
506
75
514
717
741
601
357
194
165
265
38
699
113
266
719
670
714
272
575
287
598
540
309
220
102
568
138
645
408
648
233
313
91
249
629
633
581
327
462
106
66
627
185
363
449
376
199
262
389
643
679
634
246
407
28
602
447
18
255
703
595
351
403
145
167
482
177
471
659
550
108
564
380
147
206
505
15
484
609
231
251
328
456
475
414
184
525
681
594
211
172
290
427
223
496
72
372
379
23
577
665
340
582
50
337
315
360
610
344
104
229
746
547
693
213
218
230
158
83
501
57
14
431
521
178
238
384
142
22
425
439
13
349
60
101
726
130
248
46
706
444
239
154
618
603
569
85
617
578
304
735
196
148
426
345
324
270
480
621
698
737
6
105
589
708
616
508
440
543
115
691
576
651
700
497
175
520
664
40
556
103
182
284
12
316
93
728
269
646
35
348
163
322
662
470
318
143
41
584
16
306
300
56
636
459
656
54
722
683
410
261
652
204
236
387
394
126
429
630
546
107
210
268
734
739
216
512
307
428
151
116
292
77
742
692
386
97
155
325
605
530
510
346
519
644
545
192
288
370
385
744
350
296
374
68
632
183
78
740
221
676
137
48
507
481
359
464
244
704
697
738
465
404
450
241
70
596
736
365
715
191
8
127
666
275
197
608
0
132
474
567
411
511
3
673
273
260
34
274
122
637
563
299
31
5
214
235
10
396
100
625
212
572
311
331
94
401
532
622
435
655
355
747
612
409
635
419
110
32
170
433
281
534
42
187
566
628
21
382
217
653
402
297
561
123
531
441
368
466
733
588
347
124
504
335
208
253
181
227
293
361
494
436
79
472
434
684
487
745
732
686
27
189
224
367
146
112
461
61
298
416
585
378
159
599
278
405
397
64
98
413
201
486
647
705
289
99
375
600
453
483
354
661
463
667
554
277
493
205
320
242
24
195
492
573
593
86
663
503
43
286
687
111
701
131
279
371
391
420
707
730
157
179
247
613
356
650
559
323
552
55
590
638
424
499
479
592
149
716
33
490
377
305
631
710
500
166
672
352
542
421
291
283
215
245
87
26
438
392
725
712
11
445
721
117
109
624
454
538
240
544
153
341
451
381
135
539
469
226
498
443
488
526
203
276
535
390
336
727
623
319
200
164
423
39
141
522
308
250
302
65
677
254
606
723
586
680
362
160
406
133
478
186
353
