374
187
187
353
19
601
481
629
707
79
248
320
702
20
624
449
4
517
403
76
465
357
60
540
272
405
154
241
106
562
685
202
75
127
572
534
643
613
175
155
69
511
273
25
389
457
33
112
293
456
115
471
216
335
513
70
73
7
5
709
278
152
495
461
502
558
569
264
131
265
640
509
625
254
612
642
204
678
281
211
575
125
352
635
22
361
400
633
654
28
538
436
395
203
477
302
723
3
473
535
91
51
434
623
269
286
598
13
650
627
493
498
190
386
415
296
16
697
539
680
474
482
321
130
339
140
215
301
78
196
593
604
45
235
137
544
636
567
516
638
679
630
483
365
308
256
148
327
279
346
577
735
527
385
490
470
27
31
310
247
732
113
443
441
228
442
219
659
380
584
383
30
156
307
88
36
50
61
622
101
222
652
334
409
181
304
605
201
57
126
665
109
455
462
309
566
67
337
32
360
1
559
240
139
149
244
435
97
341
143
212
727
611
197
120
563
93
609
406
179
649
169
167
312
407
114
246
111
657
39
371
231
299
424
225
736
47
35
191
662
85
171
271
741
348
263
351
412
551
480
87
510
193
214
260
355
147
518
585
744
195
485
110
98
464
608
289
576
275
581
142
326
660
531
615
189
437
63
737
158
418
166
525
83
717
168
491
522
591
381
731
586
504
387
729
571
368
486
284
402
722
690
144
484
325
306
706
682
282
684
129
71
359
372
720
186
89
124
500
719
121
594
224
487
266
138
448
506
416
317
159
425
40
691
666
718
536
499
297
367
54
252
37
100
364
135
432
188
64
328
648
94
226
583
96
210
392
738
553
65
600
587
694
703
46
123
632
253
398
182
332
55
11
43
187
414
466
283
492
399
314
145
377
644
696
552
354
305
570
592
560
227
288
160
2
574
411
220
270
626
295
528
579
554
440
119
84
454
672
530
459
29
597
699
688
53
150
17
82
541
9
213
373
303
375
564
742
338
695
653
363
580
229
410
72
277
218
468
521
713
90
95
81
44
590
439
469
533
664
379
616
174
136
176
578
251
316
276
708
258
692
157
183
542
524
356
617
250
255
628
669
429
161
711
588
349
568
170
602
426
725
687
607
52
745
595
378
549
151
99
721
49
529
315
450
514
331
555
507
8
133
606
358
747
209
705
350
545
42
311
77
23
68
66
243
526
589
446
651
619
423
739
261
221
164
267
62
501
376
734
676
173
646
369
192
294
726
388
162
488
12
59
700
194
724
489
347
674
104
419
342
280
102
329
573
323
683
618
217
681
238
496
452
417
671
274
532
505
408
431
242
475
257
663
557
647
519
10
41
716
285
396
103
463
393
200
333
451
433
15
56
165
259
420
508
298
322
344
80
292
232
290
300
391
620
740
515
58
48
237
467
712
730
444
637
343
370
199
453
134
675
543
701
239
38
565
324
698
236
428
0
447
178
746
427
472
374
118
401
262
208
6
345
198
291
547
319
655
146
184
26
661
390
18
494
631
743
116
656
610
318
128
205
438
287
177
14
249
223
728
476
641
268
421
172
658
180
362
668
621
234
548
599
645
74
86
733
207
714
330
141
546
230
105
233
445
670
404
107
394
422
117
556
596
430
460
689
163
340
366
550
512
413
561
497
667
185
686
479
614
34
673
537
313
336
397
603
693
710
520
458
245
384
582
24
677
523
639
715
132
122
92
478
634
21
704
153
382
206
503
108
