374
187
187
394
55
636
405
697
492
389
240
303
530
246
34
661
0
365
476
462
206
621
356
637
404
136
366
175
481
656
314
44
220
164
96
537
102
609
354
177
689
409
588
309
264
423
605
450
64
42
418
138
513
470
18
342
583
426
424
600
114
202
371
477
308
279
666
694
328
126
532
316
485
56
699
91
491
282
271
407
36
258
161
646
586
374
82
663
305
14
606
323
307
255
581
594
633
574
541
23
357
45
444
331
7
109
728
75
512
701
527
8
724
40
733
441
156
346
466
729
11
174
200
268
662
180
639
367
679
382
496
569
630
577
111
65
483
386
69
684
188
623
340
516
614
439
440
345
71
113
515
148
677
643
215
352
182
673
723
480
604
710
747
511
284
167
573
85
3
561
38
718
602
317
195
274
291
253
219
505
362
497
147
302
353
278
524
610
597
129
103
522
558
127
607
232
628
32
619
563
734
451
209
168
197
159
33
254
648
117
595
262
133
70
257
86
144
326
658
644
154
152
149
94
327
431
115
448
406
475
251
370
634
726
571
173
157
509
243
435
568
43
413
690
486
1
104
187
631
347
589
611
500
143
626
54
472
112
297
288
227
567
612
555
165
53
12
77
399
27
415
393
121
414
576
719
201
401
142
363
238
554
691
244
741
739
207
172
559
287
19
419
343
300
242
224
50
132
301
358
438
145
685
412
442
213
433
692
727
712
118
62
548
125
732
170
235
10
329
350
146
260
190
189
181
223
596
421
488
106
410
122
686
591
443
584
547
183
344
6
98
553
564
234
682
67
458
510
372
447
702
373
35
155
283
716
292
369
162
731
30
454
520
657
743
171
379
92
324
119
427
408
457
503
720
711
593
737
523
436
17
178
13
231
383
582
645
487
2
616
21
214
315
128
216
281
715
273
680
134
320
449
428
276
603
538
498
332
184
15
501
107
294
556
579
46
533
186
5
474
58
211
66
494
495
20
95
360
717
730
349
135
493
266
437
248
208
642
247
59
256
229
377
88
700
236
289
518
295
453
68
29
179
141
203
150
590
669
333
543
249
286
4
51
31
375
230
746
664
627
539
265
217
422
322
742
738
290
47
298
745
355
76
678
41
529
275
735
562
417
397
198
63
110
361
540
269
131
245
478
93
463
318
504
395
598
744
28
696
471
396
210
640
140
506
163
99
550
79
557
660
416
473
560
620
479
460
205
61
502
570
337
72
364
465
384
304
261
551
432
687
368
313
381
193
339
52
668
708
674
272
659
191
575
87
578
411
81
681
176
385
387
672
24
108
653
615
566
212
676
484
400
587
459
585
670
334
169
222
572
722
90
270
403
709
293
390
60
531
225
388
580
218
617
507
378
277
592
338
695
139
49
469
721
306
706
467
341
351
693
192
151
239
429
461
655
688
336
233
392
105
521
267
166
536
398
665
675
402
525
311
137
22
335
196
299
499
78
704
565
84
130
725
647
629
73
455
26
667
376
508
48
552
101
221
671
228
654
57
124
535
434
517
632
420
683
430
425
100
526
545
736
359
740
652
204
649
325
542
252
116
153
391
226
705
613
80
158
199
599
608
713
285
39
624
549
120
650
601
445
25
456
534
97
622
707
237
468
625
310
490
89
321
464
714
519
618
544
698
489
296
528
514
638
263
546
194
330
123
482
241
635
9
160
250
380
185
319
83
37
16
641
312
259
446
452
703
280
348
651
74
