374
187
187
53
558
418
521
636
691
157
647
523
168
687
596
385
588
675
124
518
572
26
474
441
470
228
471
172
77
336
611
319
118
739
531
234
402
369
263
66
273
70
158
567
99
190
741
306
200
355
45
571
123
219
444
209
163
365
55
23
497
352
545
294
693
288
714
680
198
357
14
542
740
177
272
265
463
62
478
31
639
252
194
475
58
377
182
716
136
429
399
694
280
119
122
727
318
251
367
147
189
396
701
309
651
660
107
708
627
349
598
109
643
40
96
375
609
537
650
618
35
334
197
569
257
217
335
726
613
13
715
304
353
183
298
232
115
459
363
515
386
507
260
499
351
607
412
30
539
550
154
408
237
562
520
117
508
203
439
281
218
695
667
315
332
186
142
275
16
532
102
462
69
736
286
576
283
72
626
730
224
113
167
0
666
262
322
669
2
728
371
155
220
86
472
239
248
664
343
274
253
245
338
704
487
746
333
686
250
502
307
435
19
261
410
348
747
74
452
552
721
133
587
690
39
191
454
633
173
354
37
513
362
468
608
447
199
129
484
610
139
56
649
734
247
595
654
125
296
563
22
449
403
655
317
427
603
547
689
634
10
207
723
504
416
424
722
278
9
221
692
602
88
629
409
717
457
178
582
366
34
645
132
152
346
215
420
289
33
216
73
590
290
461
703
359
659
496
671
670
356
271
358
696
640
705
68
241
644
631
711
82
17
700
719
480
339
361
308
575
445
94
259
584
104
340
592
81
59
710
446
25
249
514
672
44
466
193
476
498
510
720
91
434
543
411
344
685
413
12
225
742
642
238
673
192
536
231
621
229
28
380
658
597
745
500
464
208
75
699
276
135
570
326
84
305
350
384
108
179
171
560
488
538
574
744
527
48
737
313
465
561
310
713
606
530
100
425
486
614
287
501
393
341
448
57
455
437
7
404
378
331
676
641
138
240
106
524
712
144
503
64
254
485
187
174
674
725
143
593
47
467
698
417
97
495
668
677
169
36
663
528
93
585
223
131
149
255
568
553
137
391
738
612
702
525
549
134
398
632
599
195
321
32
469
83
638
244
160
492
616
697
314
591
140
433
688
422
679
114
718
328
71
512
43
555
227
303
661
473
50
522
61
628
236
534
729
440
578
111
52
11
292
546
401
128
345
407
648
156
451
360
268
743
646
605
267
285
517
80
329
364
580
724
279
29
95
594
381
226
51
458
127
370
604
432
54
526
211
373
589
87
426
243
327
112
657
477
379
196
79
316
3
583
213
295
450
297
65
456
423
266
8
153
202
98
453
20
442
166
493
683
282
4
176
205
529
511
242
419
1
159
312
214
105
330
392
185
624
101
490
559
656
406
41
368
323
110
121
299
258
577
5
184
681
151
557
732
428
376
389
301
489
387
170
46
270
505
619
635
615
405
431
27
49
388
652
397
67
483
145
383
623
246
24
235
653
201
161
395
277
230
222
302
600
556
617
148
551
126
78
382
494
38
554
544
625
506
707
130
394
516
162
706
581
181
180
206
320
165
90
324
620
141
586
210
269
264
42
662
15
400
684
735
300
233
566
150
665
548
519
733
18
430
533
284
443
421
116
311
291
682
678
337
564
120
438
372
460
601
535
212
63
89
347
540
293
21
479
565
60
573
188
175
491
390
709
436
164
415
76
204
342
731
541
325
6
414
85
622
637
481
482
256
509
579
630
103
374
92
146
