374
187
187
198
662
225
58
622
653
704
229
337
420
241
535
226
441
400
236
267
7
146
161
391
537
329
436
482
532
640
356
384
607
405
177
114
276
512
562
645
265
585
208
621
290
358
248
559
162
181
435
413
262
509
164
682
131
191
173
415
5
648
194
24
364
685
465
219
373
461
8
560
263
149
548
43
729
540
716
232
377
299
240
282
665
479
370
679
518
199
604
392
121
697
87
334
557
238
175
46
285
294
628
603
128
417
293
578
57
593
510
688
551
690
366
655
246
12
483
684
577
158
460
60
185
142
375
396
67
184
332
16
81
318
742
663
380
119
51
138
633
279
98
312
561
505
91
251
327
19
467
50
357
230
99
568
233
634
469
176
9
566
345
344
456
574
710
452
579
689
555
434
178
23
580
681
431
511
220
347
316
253
587
62
147
470
213
324
20
654
692
406
341
563
724
602
283
86
567
350
369
528
30
206
611
101
278
212
703
614
157
93
34
122
160
680
497
713
261
38
575
702
404
148
41
247
100
6
533
13
589
33
385
521
626
515
485
462
643
426
495
56
408
223
116
17
66
21
523
281
529
513
638
75
202
608
693
664
221
569
556
714
738
389
166
712
214
534
416
10
504
171
31
572
494
459
584
249
530
132
433
301
302
694
524
741
449
272
549
617
618
493
522
637
546
14
135
61
284
326
422
205
49
277
553
289
129
558
661
386
486
489
74
615
423
150
335
411
718
387
630
673
298
598
475
63
82
1
92
594
403
499
381
88
127
172
96
382
668
371
720
624
307
743
252
632
480
744
424
471
44
554
73
667
687
597
328
448
700
596
95
363
733
118
297
72
29
445
117
397
115
108
644
151
28
309
508
612
444
639
305
203
340
488
338
110
658
218
601
35
268
642
25
610
543
419
163
507
418
120
473
501
672
254
239
321
271
269
581
209
619
210
458
394
250
359
636
155
542
516
351
215
625
646
447
731
196
651
141
47
699
197
747
64
586
170
27
48
143
583
496
649
200
746
234
503
186
336
437
76
227
478
398
399
726
719
466
97
94
2
189
616
659
401
165
666
136
732
68
104
204
339
429
55
70
343
78
650
425
570
280
113
506
464
670
182
188
410
303
224
32
342
154
360
201
259
353
438
576
85
531
11
112
258
54
235
126
368
539
159
313
491
541
192
333
725
547
26
257
352
80
367
330
145
0
519
706
393
291
552
123
319
22
245
590
69
365
308
362
631
180
538
3
174
674
153
717
588
90
144
421
288
620
331
187
228
627
443
451
304
484
520
349
430
442
457
641
102
296
105
273
428
565
140
745
544
300
379
111
315
260
256
133
314
571
600
255
103
735
42
325
550
179
168
106
77
476
686
722
52
635
322
502
514
109
660
107
372
376
463
730
490
477
15
395
217
564
383
657
244
740
287
727
432
453
37
167
130
65
323
222
647
472
683
306
736
492
89
139
137
715
243
526
427
652
412
609
439
59
40
695
455
124
361
183
216
242
45
274
678
84
409
545
354
134
39
286
525
527
623
125
402
591
698
599
721
374
606
275
156
18
454
237
4
696
709
739
355
474
671
676
677
211
656
53
193
79
613
270
292
592
701
264
295
195
595
708
388
311
573
320
481
498
36
605
675
414
346
190
450
152
517
440
707
536
378
348
207
231
468
446
317
669
691
582
310
737
500
169
711
629
390
734
407
705
728
71
487
83
266
723
