384
192
192
0
2
4
5
6
7
11
13
19
22
24
28
29
32
33
34
37
39
41
43
44
46
47
51
52
55
57
63
64
66
67
72
73
74
77
80
83
85
90
91
93
97
98
102
103
104
105
107
110
113
116
120
121
124
126
127
128
132
136
137
138
139
143
144
146
149
150
151
154
157
160
162
163
164
168
169
170
171
172
175
176
178
180
182
186
189
190
191
192
194
195
197
198
199
204
205
208
209
210
211
213
214
215
218
221
222
223
226
228
229
230
232
233
235
237
240
242
243
246
248
249
250
251
253
254
256
258
259
260
261
264
265
266
269
271
277
278
280
283
284
287
289
293
294
295
297
302
303
305
306
310
311
312
313
314
315
319
320
322
324
325
326
332
335
336
340
344
346
348
351
352
354
355
356
357
358
360
361
363
364
365
366
367
370
375
376
377
380
381
382
385
388
390
391
393
396
397
400
401
402
404
405
406
407
408
413
414
415
418
419
422
423
424
425
426
427
428
430
432
439
442
443
445
446
450
452
454
457
458
459
460
461
462
463
466
467
469
472
477
479
480
482
483
484
485
491
492
493
494
495
497
499
500
501
504
505
506
510
514
516
517
518
519
521
525
527
528
529
535
538
539
540
542
543
545
548
550
554
556
558
560
564
566
574
575
578
582
583
584
586
589
590
593
594
595
596
597
598
599
600
601
602
605
609
612
613
614
620
624
627
628
629
631
633
635
637
642
643
644
645
648
649
651
653
655
656
657
662
663
667
669
670
671
672
674
675
679
680
681
682
684
686
687
689
690
692
693
695
696
698
700
701
702
703
704
705
707
711
713
714
715
717
720
721
725
728
731
732
733
734
735
736
740
742
744
746
751
755
757
759
760
761
762
766
3
8
10
12
15
17
18
21
23
25
26
30
31
35
36
50
54
56
58
59
60
68
70
71
78
81
84
86
88
92
96
99
100
101
108
109
114
118
129
131
134
140
141
147
152
155
156
158
159
161
174
177
181
185
187
188
200
202
207
212
216
217
227
231
236
238
245
262
267
272
273
275
281
282
285
286
296
298
300
307
321
323
327
328
329
330
333
341
342
345
347
349
353
368
369
371
373
379
387
395
409
412
416
421
429
431
433
436
440
444
451
453
456
470
471
473
475
486
487
489
490
502
503
508
509
515
522
524
534
537
541
544
547
549
551
552
553
555
557
561
563
565
569
570
571
573
579
580
585
607
610
615
616
617
619
621
625
630
632
634
636
640
641
652
658
659
661
664
665
668
676
677
685
688
699
706
709
710
712
723
724
726
727
737
738
739
745
749
753
754
758
765
1
9
14
16
20
27
38
40
42
45
48
49
53
61
62
65
69
75
76
79
82
87
89
94
95
106
111
112
115
117
119
122
123
125
130
133
135
142
145
148
153
165
166
167
173
179
183
184
193
196
201
203
206
219
220
224
225
234
239
241
244
247
252
255
257
263
268
270
274
276
279
288
290
291
292
299
301
304
308
309
316
317
318
331
334
337
338
339
343
350
359
362
372
374
378
383
384
386
389
392
394
398
399
403
410
411
417
420
434
435
437
438
441
447
448
449
455
464
465
468
474
476
478
481
488
496
498
507
511
512
513
520
523
526
530
531
532
533
536
546
559
562
567
568
572
576
577
581
587
588
591
592
603
604
606
608
611
618
622
623
626
638
639
646
647
650
654
660
666
673
678
683
691
694
697
708
716
718
719
722
729
730
741
743
747
748
750
752
756
763
764
767
