384
192
192
0
2
5
6
8
13
16
17
19
20
22
23
25
27
31
33
34
35
36
37
38
39
43
44
47
49
50
51
54
55
56
57
59
62
63
65
71
72
73
74
78
79
80
85
88
90
91
92
93
94
97
99
101
102
105
106
108
109
110
111
113
114
115
122
123
127
129
132
134
138
140
141
143
144
145
149
151
152
153
160
161
162
168
171
172
173
174
177
178
179
180
181
182
184
185
186
188
189
190
191
193
194
198
202
203
205
213
215
217
218
219
220
221
222
223
224
225
226
229
231
232
237
238
239
240
245
247
249
251
252
253
254
260
261
263
264
266
268
269
272
273
274
280
281
289
290
296
297
298
299
300
302
304
306
309
310
315
319
321
323
327
329
331
333
335
337
338
339
341
344
348
349
352
353
355
357
358
361
362
363
364
366
367
368
375
376
378
380
381
384
386
388
390
391
392
395
399
401
402
405
406
409
410
414
415
416
418
419
421
422
423
424
428
430
432
433
435
443
445
446
450
451
453
456
458
462
464
466
468
472
474
475
477
478
480
484
485
486
488
489
491
492
494
495
498
499
501
504
505
507
508
511
512
513
515
516
517
519
521
522
524
525
526
530
532
535
537
538
541
542
543
545
549
552
555
556
557
558
560
563
567
569
570
572
575
576
578
581
582
584
587
589
590
592
594
595
598
602
603
605
609
610
611
612
613
615
616
618
620
621
622
623
624
627
629
631
635
636
637
638
639
642
643
646
647
649
650
651
652
653
656
657
659
660
662
665
667
669
670
674
677
679
680
681
682
688
692
694
695
696
698
699
700
701
704
705
706
709
710
714
715
717
719
722
724
725
726
727
731
732
734
735
736
737
742
744
745
746
751
753
755
756
757
765
1
3
4
10
12
14
15
18
26
30
32
41
45
46
48
53
68
75
76
81
82
84
86
87
98
103
107
116
117
119
120
130
135
136
139
142
150
154
158
164
165
183
195
196
197
204
208
209
210
211
212
233
235
236
243
244
246
250
256
257
258
259
275
279
283
284
286
291
292
293
294
295
303
311
312
313
314
316
317
318
325
332
334
336
340
343
345
346
350
354
365
371
372
374
377
379
383
396
400
404
408
417
425
429
431
434
436
439
440
442
447
448
455
459
460
465
469
471
476
482
487
490
493
497
506
509
510
514
520
527
528
531
540
546
547
550
551
553
559
561
562
568
573
574
577
580
591
593
596
597
600
601
607
608
614
617
619
625
626
628
633
634
640
655
658
663
664
668
671
675
683
686
687
689
690
702
703
708
711
712
723
728
729
738
743
747
748
752
758
760
763
767
7
9
11
21
24
28
29
40
42
52
58
60
61
64
66
67
69
70
77
83
89
95
96
100
104
112
118
121
124
125
126
128
131
133
137
146
147
148
155
156
157
159
163
166
167
169
170
175
176
187
192
199
200
201
206
207
214
216
227
228
230
234
241
242
248
255
262
265
267
270
271
276
277
278
282
285
287
288
301
305
307
308
320
322
324
326
328
330
342
347
351
356
359
360
369
370
373
382
385
387
389
393
394
397
398
403
407
411
412
413
420
426
427
437
438
441
444
449
452
454
457
461
463
467
470
473
479
481
483
496
500
502
503
518
523
529
533
534
536
539
544
548
554
564
565
566
571
579
583
585
586
588
599
604
606
630
632
641
644
645
648
654
661
666
672
673
676
678
684
685
691
693
697
707
713
716
718
720
721
730
733
739
740
741
749
750
754
759
761
762
764
766
