384
192
192
0
1
2
4
5
12
13
14
16
22
24
25
26
30
31
34
35
36
38
39
40
41
44
45
46
47
48
50
53
54
55
56
60
62
63
67
69
72
73
74
77
80
81
82
85
86
89
91
92
93
94
96
99
101
105
111
114
115
116
117
118
119
121
124
125
129
130
132
133
141
142
145
147
148
152
153
154
155
157
160
164
165
167
169
170
172
173
177
178
179
182
185
189
190
193
196
199
200
201
202
203
204
205
207
209
210
211
212
217
218
220
223
226
227
228
229
231
232
238
244
246
247
249
250
256
261
262
263
267
270
276
278
281
283
284
286
290
291
292
293
294
295
297
298
299
300
304
305
308
309
311
312
319
320
321
323
324
325
327
331
332
333
335
336
340
344
347
348
350
351
352
353
354
357
358
361
362
363
366
368
370
372
375
376
378
380
381
382
384
385
386
388
391
392
393
394
395
396
398
400
405
407
409
410
411
412
415
418
420
421
422
424
425
427
430
433
434
435
440
442
443
445
446
447
448
449
451
453
456
457
458
459
461
463
464
465
467
471
476
477
479
482
483
486
487
490
492
494
495
497
498
506
507
508
509
510
513
516
517
521
525
526
529
531
533
534
537
538
540
541
542
543
544
545
546
547
549
551
555
558
560
563
564
565
566
569
570
571
573
579
580
582
585
586
590
592
593
597
598
601
607
609
611
612
614
615
616
617
618
621
622
623
626
627
629
630
631
634
635
638
640
641
643
644
645
646
648
650
651
652
657
658
660
661
662
664
665
666
667
671
672
673
674
676
682
683
685
688
696
698
700
703
705
708
710
713
719
720
721
722
723
724
732
735
736
737
738
739
740
741
745
747
750
751
752
755
756
757
758
763
764
765
766
767
7
10
17
23
27
28
29
32
33
37
42
52
58
59
66
68
70
76
79
83
84
88
95
98
103
104
106
108
109
112
122
127
128
131
135
138
139
140
143
146
150
156
159
161
162
163
168
171
175
180
183
184
187
191
192
194
195
197
198
206
213
215
222
224
230
239
240
242
243
245
248
252
255
257
258
259
264
265
271
272
273
275
296
306
307
310
313
315
326
329
338
339
341
342
345
349
355
360
365
373
374
377
379
383
389
397
399
401
402
403
404
406
413
414
419
423
428
431
436
438
444
450
454
460
466
468
469
470
473
488
491
499
502
503
504
505
515
524
527
535
548
552
554
556
562
574
575
578
583
589
596
599
602
604
605
608
610
624
625
628
632
633
636
647
654
655
663
668
669
677
680
684
686
687
692
695
697
699
707
711
715
718
725
726
727
728
729
733
743
748
759
761
3
6
8
9
11
15
18
19
20
21
43
49
51
57
61
64
65
71
75
78
87
90
97
100
102
107
110
113
120
123
126
134
136
137
144
149
151
158
166
174
176
181
186
188
208
214
216
219
221
225
233
234
235
236
237
241
251
253
254
260
266
268
269
274
277
279
280
282
285
287
288
289
301
302
303
314
316
317
318
322
328
330
334
337
343
346
356
359
364
367
369
371
387
390
408
416
417
426
429
432
437
439
441
452
455
462
472
474
475
478
480
481
484
485
489
493
496
500
501
511
512
514
518
519
520
522
523
528
530
532
536
539
550
553
557
559
561
567
568
572
576
577
581
584
587
588
591
594
595
600
603
606
613
619
620
637
639
642
649
653
656
659
670
675
678
679
681
689
690
691
693
694
701
702
704
706
709
712
714
716
717
730
731
734
742
744
746
749
753
754
760
762
