384
192
192
0
3
4
5
6
7
12
13
15
16
20
21
22
26
29
30
33
34
35
38
44
46
51
54
56
59
60
61
63
65
66
69
73
74
77
81
83
88
89
90
92
93
96
100
101
102
104
105
106
107
108
109
112
114
116
120
124
125
126
127
132
133
134
135
136
137
141
144
146
153
154
155
158
159
160
161
163
164
165
167
168
171
173
176
178
179
185
186
188
189
190
191
194
195
199
200
205
206
208
211
213
217
218
219
220
221
223
224
225
229
231
232
233
237
238
243
245
246
252
254
255
259
262
264
268
270
276
281
282
284
289
290
293
294
295
297
298
299
300
304
308
309
311
312
315
320
322
325
329
330
332
333
334
336
337
339
340
341
342
343
345
346
347
348
353
356
357
358
360
361
363
367
369
372
375
376
378
379
384
389
390
391
392
393
394
397
400
401
402
405
407
412
414
418
420
421
424
425
426
427
428
429
432
433
434
435
436
437
439
440
441
446
447
449
453
454
455
457
458
460
465
466
467
470
473
474
475
477
478
480
481
483
484
485
487
489
491
492
493
494
495
497
498
501
502
504
505
506
508
509
511
513
514
516
517
519
520
521
522
523
531
532
533
534
535
538
539
540
541
542
545
547
549
553
557
558
561
564
566
567
569
570
571
573
576
579
580
584
585
587
590
592
596
601
604
609
613
614
615
616
618
620
621
625
627
628
630
631
634
635
636
637
641
642
644
645
647
649
650
652
654
655
656
657
658
663
665
666
668
669
673
674
676
678
679
680
681
682
685
686
689
690
692
693
695
696
699
700
701
702
708
710
711
712
713
715
716
719
721
722
724
730
731
732
733
734
741
742
743
745
747
748
749
751
752
755
757
758
761
762
764
765
766
767
9
11
19
23
24
25
28
32
36
41
42
43
47
53
57
58
67
70
72
80
82
84
86
87
91
94
95
98
99
110
111
115
117
119
121
123
128
129
130
131
138
139
143
147
148
149
151
152
166
169
174
177
180
182
183
184
192
197
201
203
207
209
212
216
226
227
228
234
244
248
256
257
260
265
269
273
274
275
277
280
286
287
288
291
292
296
305
307
314
321
323
324
326
328
335
349
359
368
370
371
373
377
381
383
387
388
396
398
410
411
423
430
431
438
442
444
445
448
450
459
461
464
469
472
486
488
507
510
512
515
525
528
537
543
544
550
551
552
554
555
559
560
562
565
574
581
589
591
594
595
598
599
600
606
607
610
611
612
617
629
633
639
643
646
651
659
660
664
667
670
675
677
684
688
697
703
705
707
709
714
717
718
723
726
727
729
738
746
753
754
759
763
1
2
8
10
14
17
18
27
31
37
39
40
45
48
49
50
52
55
62
64
68
71
75
76
78
79
85
97
103
113
118
122
140
142
145
150
156
157
162
170
172
175
181
187
193
196
198
202
204
210
214
215
222
230
235
236
239
240
241
242
247
249
250
251
253
258
261
263
266
267
271
272
278
279
283
285
301
302
303
306
310
313
316
317
318
319
327
331
338
344
350
351
352
354
355
362
364
365
366
374
380
382
385
386
395
399
403
404
406
408
409
413
415
416
417
419
422
443
451
452
456
462
463
468
471
476
479
482
490
496
499
500
503
518
524
526
527
529
530
536
546
548
556
563
568
572
575
577
578
582
583
586
588
593
597
602
603
605
608
619
622
623
624
626
632
638
640
648
653
661
662
671
672
683
687
691
694
698
704
706
720
725
728
735
736
737
739
740
744
750
756
760
