384
192
192
3
4
6
8
9
11
13
18
21
23
25
26
28
29
30
32
34
36
39
40
41
42
43
45
46
53
54
56
58
60
64
66
67
68
71
73
74
76
78
79
81
85
86
87
88
91
93
95
99
100
103
104
108
109
110
116
124
127
128
129
132
136
141
151
152
154
156
157
161
163
164
165
167
168
169
172
173
174
175
176
177
179
180
181
182
184
185
186
191
193
194
195
197
202
203
208
210
212
213
214
215
217
219
222
223
224
228
230
231
232
234
235
237
239
241
248
249
251
252
256
258
260
261
263
264
268
269
271
273
276
277
278
280
282
284
285
286
288
293
294
295
297
298
300
301
306
309
310
313
316
317
318
319
320
321
322
325
326
327
330
331
334
335
338
341
344
349
350
353
354
355
357
359
360
361
362
363
366
372
373
375
376
377
379
382
387
389
395
397
398
399
401
403
404
405
406
407
408
412
413
418
421
426
427
432
433
434
435
436
437
438
440
441
445
448
449
451
452
454
458
460
461
462
463
465
466
471
472
474
476
478
483
486
491
492
493
495
496
497
499
501
502
504
507
508
509
510
511
513
515
518
519
521
522
524
525
528
529
531
532
533
535
538
539
542
543
544
545
547
556
557
558
561
562
564
565
569
572
575
576
577
578
580
581
583
586
587
588
589
590
591
592
593
594
595
596
598
599
600
601
602
603
604
605
609
612
614
616
617
618
620
621
624
626
628
631
635
637
639
640
643
644
645
646
647
648
649
651
653
657
658
660
661
667
670
671
676
677
678
679
680
683
685
686
689
695
696
697
700
701
706
707
708
710
711
713
715
717
718
724
727
729
730
731
732
733
734
737
738
741
746
748
752
753
754
756
757
758
759
761
764
765
766
767
0
1
2
15
16
17
19
20
24
31
33
44
57
61
69
70
75
77
80
90
97
98
105
107
112
113
114
115
118
121
125
130
131
133
134
137
138
139
143
144
148
149
159
162
166
170
183
187
196
198
200
201
204
205
206
207
211
220
225
227
242
243
245
250
257
259
262
266
267
270
275
281
287
290
292
302
305
312
314
323
324
329
333
336
343
346
347
351
356
364
365
367
374
380
381
383
385
386
390
391
393
400
402
409
414
416
417
419
423
424
431
443
446
447
450
453
455
457
464
470
473
477
485
487
489
490
494
506
512
516
517
520
534
536
540
541
546
549
551
552
553
554
559
566
568
570
571
574
585
606
611
615
619
622
623
625
627
629
633
636
638
650
652
659
663
664
672
673
675
681
682
684
688
690
704
705
709
716
719
720
723
726
728
735
739
743
745
747
750
755
760
762
5
7
10
12
14
22
27
35
37
38
47
48
49
50
51
52
55
59
62
63
65
72
82
83
84
89
92
94
96
101
102
106
111
117
119
120
122
123
126
135
140
142
145
146
147
150
153
155
158
160
171
178
188
189
190
192
199
209
216
218
221
226
229
233
236
238
240
244
246
247
253
254
255
265
272
274
279
283
289
291
296
299
303
304
307
308
311
315
328
332
337
339
340
342
345
348
352
358
368
369
370
371
378
384
388
392
394
396
410
411
415
420
422
425
428
429
430
439
442
444
456
459
467
468
469
475
479
480
481
482
484
488
498
500
503
505
514
523
526
527
530
537
548
550
555
560
563
567
573
579
582
584
597
607
608
610
613
630
632
634
641
642
654
655
656
662
665
666
668
669
674
687
691
692
693
694
698
699
702
703
712
714
721
722
725
736
740
742
744
749
751
763
