168
84
84
26
20
303
311
298
89
278
198
161
52
175
5
319
192
326
45
33
111
327
125
75
331
143
294
183
62
55
64
122
57
91
44
51
252
226
138
8
59
293
144
61
35
247
121
41
160
99
170
70
74
109
38
152
68
323
335
185
263
212
258
225
240
94
291
260
87
18
88
242
310
276
208
126
204
210
25
257
84
287
209
297
47
329
110
0
2
269
157
9
71
78
150
123
318
48
46
67
101
3
28
155
186
320
218
305
40
332
54
39
265
1
36
137
135
148
173
118
179
191
254
72
10
197
136
221
139
162
134
309
128
264
304
145
273
187
102
58
171
195
333
253
22
296
119
4
82
256
301
106
27
203
285
299
116
206
105
249
282
53
174
223
158
113
308
166
233
238
60
280
178
306
56
63
324
14
315
115
172
133
214
302
236
180
16
288
120
13
202
317
21
313
316
239
34
188
127
93
169
184
98
112
271
159
300
86
314
267
37
117
216
266
190
229
83
292
262
231
232
234
124
246
328
268
215
66
154
274
156
248
243
181
227
69
129
307
141
11
6
23
165
164
132
130
241
24
237
228
49
95
107
142
167
279
284
97
17
295
29
270
224
334
114
19
322
283
85
100
211
222
140
153
177
189
286
235
80
217
230
330
194
196
205
277
272
244
76
201
168
290
7
261
31
259
321
325
103
251
207
77
81
90
92
200
312
176
151
96
32
79
149
193
108
43
275
213
281
255
73
163
245
104
30
42
15
131
146
289
50
220
219
147
65
199
12
250
182
