168
84
84
117
10
142
135
154
306
149
104
242
193
326
235
265
8
51
164
308
262
98
200
89
282
57
91
85
205
18
309
196
152
155
21
133
15
246
318
78
162
22
113
252
201
25
218
301
71
253
322
102
95
112
105
181
39
260
130
313
307
125
79
264
328
248
127
215
28
299
281
5
66
302
211
210
230
330
191
249
41
116
146
185
121
221
187
217
175
214
150
250
241
140
323
122
118
294
298
120
87
232
176
199
247
168
99
165
327
44
178
278
171
103
192
1
240
70
129
77
231
179
94
159
197
34
36
43
236
239
261
69
20
263
335
80
144
243
86
58
73
251
297
203
55
172
97
101
31
50
124
226
12
280
300
108
16
157
257
81
147
206
198
324
107
182
123
229
35
212
180
174
329
17
234
315
303
209
6
92
216
119
277
128
37
213
204
283
27
258
319
275
38
48
225
0
67
2
186
273
90
173
109
126
304
46
24
177
270
167
332
114
228
106
96
237
219
88
9
223
42
63
314
334
76
49
4
245
47
269
295
194
284
325
153
141
320
202
305
312
279
7
148
132
233
220
222
32
190
111
83
166
26
289
170
56
285
93
316
137
188
29
45
72
158
184
207
139
317
288
287
267
75
224
292
74
161
272
3
100
227
53
136
291
266
110
259
62
61
33
255
311
271
274
131
138
293
268
134
19
183
54
64
163
169
151
256
310
59
14
11
40
286
296
333
143
30
276
290
208
65
52
84
195
160
331
156
115
189
145
60
23
82
254
238
244
68
13
321
