168
84
84
164
110
54
201
140
109
40
327
309
240
33
80
208
199
35
144
66
41
273
95
271
303
190
176
229
155
58
247
124
210
231
304
250
134
8
322
236
104
301
90
73
244
21
94
93
106
10
150
161
330
65
5
174
64
168
282
321
211
241
294
329
204
279
101
252
197
280
105
131
20
187
156
38
83
277
192
11
287
129
249
28
177
225
135
3
323
153
16
260
270
172
108
317
220
57
200
45
196
198
133
216
328
22
17
291
326
119
171
120
310
52
0
78
214
266
191
113
194
136
188
334
186
23
100
324
318
202
180
60
319
18
281
51
149
331
118
55
272
302
205
59
132
167
296
56
325
36
312
13
248
77
138
175
239
125
245
137
259
154
96
84
25
143
222
112
286
300
215
267
86
212
254
158
27
107
1
290
299
320
39
275
183
121
26
269
221
130
251
74
276
218
97
34
307
235
30
306
123
264
62
178
14
213
91
265
224
49
160
332
182
314
230
223
76
297
99
292
4
159
242
116
47
103
63
157
253
32
82
243
311
284
285
316
293
185
151
333
50
227
209
29
152
24
274
7
173
237
42
87
111
126
6
256
234
48
283
98
46
81
189
335
278
258
228
115
61
207
79
148
102
226
122
232
117
262
70
75
315
261
184
37
238
181
313
31
71
257
128
217
88
44
179
246
295
141
43
72
2
165
170
12
19
127
146
233
142
305
69
288
255
68
139
9
219
289
85
145
263
308
298
67
147
268
53
114
162
92
169
166
163
89
206
203
195
193
15
