168
84
84
59
93
21
88
228
17
274
136
304
192
0
102
168
189
207
296
226
191
289
6
19
104
200
180
323
255
307
118
15
188
24
264
205
119
310
281
278
202
36
190
71
267
292
322
147
132
12
217
100
258
81
18
141
5
49
305
98
108
30
91
38
87
44
286
311
222
208
29
54
46
172
294
133
43
303
20
170
3
284
242
10
40
11
135
175
76
295
157
31
52
53
318
82
48
145
171
276
123
1
27
211
293
4
273
250
42
214
181
14
176
26
153
279
50
206
210
73
55
103
126
306
243
302
160
193
111
269
227
121
266
219
70
270
179
154
231
314
75
315
61
196
220
47
149
80
215
39
288
143
35
198
151
330
233
72
164
163
268
83
261
178
105
85
327
122
166
22
259
184
238
63
204
134
110
260
161
253
138
254
96
247
94
201
186
332
324
326
174
78
230
7
64
263
120
213
37
203
60
86
152
225
33
107
249
51
237
244
334
194
256
224
239
155
169
229
56
13
148
301
308
173
41
333
282
69
112
131
320
283
245
125
156
137
99
9
89
328
236
90
290
212
331
280
34
32
277
312
241
127
140
114
58
325
158
251
159
335
257
92
79
97
187
272
285
23
95
139
57
287
130
124
216
218
74
67
252
275
291
185
182
329
240
25
117
16
68
2
84
129
298
128
319
209
299
62
109
246
162
116
221
316
232
262
248
144
271
195
177
223
45
113
101
199
297
28
321
77
150
235
265
106
300
234
115
317
167
142
165
66
313
183
309
8
146
65
197
