168
84
84
84
63
154
236
213
6
266
83
225
306
158
206
268
202
157
139
253
143
211
71
281
100
233
136
113
153
33
207
160
151
184
34
242
291
219
331
246
204
115
257
2
45
107
214
111
7
285
112
17
88
247
181
74
317
189
178
182
267
101
274
10
232
212
49
152
163
319
205
78
79
256
106
69
116
24
199
128
334
328
172
222
272
22
127
29
323
332
126
238
330
31
179
264
194
271
38
137
93
209
321
180
190
169
15
201
165
227
318
94
108
241
55
298
228
288
12
258
193
58
251
44
149
250
67
142
261
198
26
48
155
279
216
124
171
14
239
81
167
99
255
62
27
335
273
249
280
168
35
200
284
41
53
82
98
208
97
164
103
289
185
19
234
243
72
307
304
16
283
230
173
262
245
68
39
130
220
105
326
56
322
8
159
302
135
77
305
87
170
260
64
294
147
254
110
133
85
75
275
296
282
248
65
32
210
9
11
95
13
90
3
104
320
299
177
221
161
119
57
60
36
5
218
109
102
270
20
118
129
316
287
259
187
138
301
252
51
76
122
86
203
191
54
188
311
325
174
329
162
166
52
42
61
192
293
327
310
176
141
18
226
196
30
47
46
4
59
144
315
237
114
96
150
50
295
66
278
183
231
25
224
132
131
215
269
312
73
156
123
277
229
91
146
125
80
240
292
70
145
263
140
40
28
175
286
313
314
121
235
23
89
265
308
21
37
300
276
1
297
197
0
134
217
223
195
186
244
324
120
148
333
92
290
309
303
43
117
