4
9
2
0.0
1.0
0.0
0.0
0.0
0.0
0.0
0.0
0.0
0.2777777835726738
0.0
-1
1.0
0.0
0.0
0.0
0.0
0.0
0.0
0.0
0.0
0.6111111342906952
0.0
-1
0.0
1.0
0.0
0.0
0.0
0.0
0.0
0.0
0.0
0.3888888955116272
0.0
-1
0.0
0.0
0.0
0.0
0.0
1.0
0.0
0.0
0.0
0.2777777835726738
0.0
-1
0.0
0.0
0.0
0.0
0.0
0.0
0.0
0.0
0.0
0.0
0.0
1
0.0
0.0
0.0
0.0
1.0
0.0
0.0
0.0
0.0
0.6111111342906952
0.0
-1
0.0
0.0
0.0
1.0
0.0
0.0
0.0
0.0
0.0
0.0555555559694767
0.0
-1
0.0
0.0
0.0
0.0
0.0
0.0
0.0
1.0
0.0
0.8333333432674408
0.0
-1
0.0
0.0
0.0
0.0
0.0
0.0
1.0
0.0
0.0
0.0555555559694767
0.0
-1
0.0
0.0
0.0
0.0
0.0
0.0
0.0
0.0
0.0
0.0
0.0
-1
0.0
0.0
0.0
0.0
0.0
0.0
0.0
0.0
0.0
0.0
0.0
-1
1.0
0.0
0.0
0.0
0.0
0.0
0.0
0.0
0.0
0.3888888955116272
0.0
-1
0.0
0.0
0.0
0.0
0.0
0.0
0.0
0.0
0.0
0.0
0.0
0
1.0
0.0
0.0
0.0
0.0
0.0
0.0
0.0
0.0
0.6666666865348816
0.0
-1
0.0
0.0
0.0
0.0
0.0
0.0
0.0
1.0
0.0
0.1666666679084301
0.0
-1
0
1
0
1
-1
-1
-1
-1
0
1
-1
-1
0
1
1
1
