4
9
2
0.0
1.0
0.0
0.0
0.0
0.0
0.0
0.0
0.0
0.1666666679084301
0.0
-1
1.0
0.0
0.0
0.0
0.0
0.0
0.0
0.0
0.0
0.6666666865348816
0.0
-1
0.0
0.0
0.0
0.0
0.0
1.0
0.0
0.0
0.0
0.2777777835726738
0.0
-1
0.0
0.0
0.0
0.0
0.0
0.0
0.0
1.0
0.0
0.3888889029622078
0.0
-1
0.0
0.0
0.0
0.0
0.0
0.0
0.0
0.0
0.0
0.0
0.0
1
0.0
1.0
0.0
0.0
0.0
0.0
0.0
0.0
0.0
0.4444444626569748
0.0
-1
0.0
0.0
0.0
0.0
0.0
0.0
0.0
0.0
0.0
0.0
0.0
1
0.0
0.0
0.0
0.0
0.0
0.0
0.0
0.0
0.0
0.0
0.0
0
0.0
0.0
0.0
0.0
0.0
0.0
0.0
0.0
0.0
0.0
0.0
1
0.0
0.0
0.0
0.0
0.0
0.0
0.0
0.0
0.0
0.0
0.0
-1
0.0
0.0
0.0
0.0
0.0
0.0
0.0
0.0
0.0
0.0
0.0
-1
0.0
0.0
0.0
1.0
0.0
0.0
0.0
0.0
0.0
0.2777777835726738
0.0
-1
0.0
0.0
0.0
0.0
0.0
0.0
0.0
0.0
0.0
0.0
0.0
1
0.0
0.0
0.0
0.0
0.0
0.0
0.0
0.0
0.0
0.0
0.0
-1
0.0
0.0
0.0
0.0
0.0
0.0
0.0
0.0
0.0
0.0
0.0
-1
-1
-1
-1
-1
-1
-1
-1
-1
0
1
-1
-1
-1
-1
-1
-1
