4
9
2
0.0
1.0
0.0
0.0
0.0
0.0
0.0
0.0
0.0
0.2777777835726738
0.0
-1
0.0
0.0
0.0
0.0
0.0
1.0
0.0
0.0
0.0
0.5555555671453476
0.0
-1
0.0
0.0
0.0
0.0
0.0
0.0
1.0
0.0
0.0
0.2777777835726738
0.0
-1
0.0
0.0
0.0
0.0
0.0
0.0
0.0
1.0
0.0
0.2777777835726738
0.0
-1
1.0
0.0
0.0
0.0
0.0
0.0
0.0
0.0
0.0
0.1111111119389534
0.0
-1
1.0
0.0
0.0
0.0
0.0
0.0
0.0
0.0
0.0
0.611111119389534
0.0
-1
0.0
0.0
0.0
0.0
0.0
0.0
0.0
0.0
0.0
0.0
0.0
1
0.0
0.0
0.0
0.0
0.0
0.0
0.0
0.0
0.0
0.0
0.0
0
0.0
0.0
1.0
0.0
0.0
0.0
0.0
0.0
0.0
0.1666666679084301
0.0
-1
0.0
0.0
0.0
0.0
0.0
0.0
0.0
0.0
0.0
0.0
0.0
0
0.0
0.0
0.0
0.0
0.0
0.0
0.0
0.0
0.0
0.0
0.0
1
0.0
0.0
0.0
1.0
0.0
0.0
0.0
0.0
0.0
0.5000000149011612
0.0
-1
0.0
0.0
0.0
0.0
0.0
0.0
0.0
0.0
0.0
0.0
0.0
1
0.0
0.0
0.0
0.0
0.0
0.0
0.0
0.0
0.0
0.0
0.0
-1
0.0
0.0
0.0
0.0
0.0
0.0
0.0
0.0
0.0
0.0
0.0
-1
-1
-1
0
1
-1
-1
-1
-1
0
1
-1
-1
-1
-1
-1
-1
