4
9
2
0.0
1.0
0.0
0.0
0.0
0.0
0.0
0.0
0.0
0.2777777835726738
0.0
-1
0.0
0.0
0.0
0.0
0.0
1.0
0.0
0.0
0.0
0.2777777835726738
0.0
-1
0.0
1.0
0.0
0.0
0.0
0.0
0.0
0.0
0.0
0.3888888955116272
0.0
-1
1.0
0.0
0.0
0.0
0.0
0.0
0.0
0.0
0.0
0.6111111342906952
0.0
-1
0.0
0.0
1.0
0.0
0.0
0.0
0.0
0.0
0.0
0.0555555559694767
0.0
-1
0.0
0.0
0.0
0.0
0.0
1.0
0.0
0.0
0.0
0.722222238779068
0.0
-1
0.0
0.0
0.0
0.0
0.0
0.0
0.0
0.0
0.0
0.0
0.0
1
0.0
0.0
0.0
0.0
0.0
0.0
0.0
0.0
0.0
0.0
0.0
0
0.0
0.0
0.0
0.0
0.0
1.0
0.0
0.0
0.0
0.1111111119389534
0.0
-1
0.0
0.0
0.0
0.0
0.0
0.0
1.0
0.0
0.0
0.1666666679084301
0.0
-1
0.0
0.0
0.0
0.0
0.0
0.0
1.0
0.0
0.0
0.1111111119389534
0.0
-1
0.0
0.0
0.0
0.0
0.0
0.0
0.0
1.0
0.0
0.3333333358168602
0.0
-1
0.0
0.0
0.0
0.0
0.0
0.0
0.0
0.0
0.0
0.0
0.0
1
0.0
0.0
0.0
0.0
0.0
0.0
0.0
0.0
0.0
0.0
0.0
-1
0.0
0.0
0.0
0.0
0.0
0.0
0.0
0.0
0.0
0.0
0.0
-1
-1
-1
0
1
1
0
0
1
0
1
-1
-1
-1
-1
-1
-1
