341
171
171
379
408
386
213
299
644
431
82
192
154
282
636
525
187
620
269
103
345
43
526
7
467
352
513
244
312
434
535
581
124
629
55
24
610
660
21
374
51
72
656
307
70
186
673
429
235
373
180
158
659
641
80
457
285
612
645
149
81
361
292
11
179
639
71
401
614
471
205
517
129
638
18
618
199
648
68
130
159
483
189
635
366
166
569
520
183
25
195
560
85
291
222
626
283
194
450
347
338
360
263
622
578
65
112
549
2
281
46
136
462
605
410
607
414
521
271
395
498
496
489
444
470
380
212
476
519
631
566
455
501
473
134
126
550
388
348
532
469
538
334
247
41
83
643
267
153
606
226
543
201
516
385
671
256
662
258
227
472
118
259
585
160
468
203
320
53
357
135
448
540
253
122
571
608
113
66
301
251
461
164
603
511
116
493
487
190
240
214
287
311
172
672
415
353
16
102
64
634
554
650
514
191
38
494
221
73
324
382
384
391
661
637
242
424
246
261
30
649
182
328
668
670
20
422
546
518
196
474
152
229
438
573
381
268
403
329
35
63
143
29
211
666
369
423
613
533
371
531
539
678
627
6
165
596
651
232
266
537
218
3
93
197
170
138
31
588
279
392
193
84
234
368
396
91
579
260
545
280
465
305
241
262
17
479
67
530
568
207
349
563
62
239
302
574
556
27
412
600
350
481
597
490
49
86
619
107
436
623
523
237
676
508
342
583
176
439
295
669
594
12
185
541
553
364
628
417
52
296
150
97
175
95
272
75
125
484
402
365
435
333
621
42
289
522
331
156
44
236
94
69
640
284
278
132
657
217
142
411
665
47
177
321
358
8
512
632
456
181
220
286
4
502
168
463
654
664
57
127
313
230
228
270
184
527
210
536
273
544
133
58
557
601
677
144
288
48
505
442
87
681
593
141
486
421
161
433
140
243
335
332
274
394
233
40
119
60
238
325
34
378
552
157
458
54
633
367
449
330
611
327
245
115
323
50
586
565
100
155
250
509
293
390
39
437
413
564
372
59
572
200
528
92
14
387
202
304
146
482
74
503
575
430
427
151
558
445
131
123
447
308
625
405
534
652
492
425
105
642
452
322
663
300
340
475
139
383
264
443
255
198
658
577
9
223
480
506
101
108
416
343
576
667
674
404
319
615
567
451
507
375
174
630
682
5
453
515
500
589
276
208
309
219
275
355
460
106
570
111
599
547
148
79
88
215
265
499
13
32
315
337
555
675
61
624
298
393
454
336
314
400
376
163
420
363
529
257
398
542
464
162
359
477
89
441
418
121
354
225
109
397
290
145
592
584
254
178
341
316
591
679
120
303
680
377
77
370
389
15
446
173
561
26
99
653
440
171
1
604
326
491
310
188
209
466
297
582
249
426
10
114
22
45
318
587
495
485
104
548
206
595
488
248
459
351
294
90
419
504
216
36
56
117
78
339
646
344
137
306
617
231
559
524
497
428
23
277
346
169
76
110
407
510
562
147
598
399
432
28
356
616
98
362
551
167
19
37
252
580
655
609
33
590
128
224
647
317
204
96
478
409
602
0
406
