341
171
171
76
273
364
576
303
426
351
444
323
455
632
67
495
548
394
535
593
443
664
390
73
511
128
669
458
438
384
457
676
250
245
229
483
282
279
74
226
498
405
371
475
525
615
392
32
373
196
468
310
201
124
562
258
288
152
7
569
533
653
546
410
490
53
283
83
539
103
228
14
563
461
314
278
84
82
614
516
275
619
362
618
223
127
184
179
189
335
567
555
79
132
292
668
304
97
482
68
211
510
545
487
471
601
311
636
604
190
315
529
205
120
592
329
243
415
494
174
106
319
493
221
413
589
378
241
286
616
234
324
91
385
631
69
222
188
240
252
98
320
460
21
71
522
40
48
607
259
207
110
442
268
650
242
186
671
504
453
165
87
422
376
368
305
485
377
508
365
663
102
121
523
45
271
363
583
547
270
349
43
639
575
595
200
399
147
36
610
266
261
366
560
116
122
156
300
406
450
64
678
564
566
237
4
388
153
289
541
208
339
29
652
293
54
18
465
612
133
160
112
316
624
148
464
637
134
27
387
126
500
295
161
581
327
617
51
6
656
520
434
59
649
129
138
454
380
60
544
49
528
56
233
86
435
219
35
554
472
466
367
537
70
297
451
474
370
369
478
217
431
118
456
660
568
627
556
642
175
644
534
414
423
361
425
585
530
635
101
400
590
182
248
172
643
236
225
602
239
16
321
254
409
178
249
345
39
515
218
598
262
666
149
230
527
162
596
95
427
681
117
294
109
488
680
603
640
344
580
216
317
142
150
597
654
506
322
452
166
80
272
281
411
296
356
52
477
420
214
397
623
672
677
561
600
386
518
105
463
433
341
565
12
638
298
44
169
65
542
301
512
10
629
436
391
342
307
143
155
47
543
486
46
137
532
157
246
75
13
265
183
264
255
318
382
130
408
398
582
586
429
358
459
481
679
274
675
199
350
244
620
416
66
447
550
347
430
346
158
440
30
85
154
659
531
123
313
33
584
331
326
151
81
11
355
57
360
412
540
509
176
170
104
19
263
309
594
467
50
648
5
611
651
206
213
280
552
538
180
559
177
17
333
574
284
572
446
621
267
389
312
578
549
505
253
164
524
343
579
136
131
251
401
591
1
171
507
432
38
403
502
328
276
220
111
553
197
260
348
107
499
235
587
383
551
257
374
302
195
633
31
469
407
661
421
606
393
215
658
287
146
338
670
24
330
325
203
357
514
159
88
119
62
501
489
625
212
419
167
445
334
428
496
513
359
193
599
93
577
204
89
224
191
473
381
34
25
290
667
100
144
20
15
476
202
395
140
628
168
0
375
402
114
352
125
141
396
3
418
570
609
291
379
558
192
613
113
185
424
470
588
231
519
655
277
337
449
238
682
247
665
58
94
491
630
41
571
37
608
646
210
497
2
674
340
308
78
256
641
645
557
285
139
437
622
372
526
503
336
42
232
194
441
626
92
145
28
439
306
26
492
634
8
198
647
353
269
90
462
96
163
61
77
479
9
22
55
480
536
484
573
187
135
173
673
404
605
63
417
181
209
72
299
108
657
23
521
227
448
354
99
517
662
115
332
