575
288
288
0
5
7
8
11
13
15
16
21
24
32
33
34
36
37
39
40
42
43
44
46
48
49
50
51
52
53
54
55
56
63
64
66
70
71
74
75
77
82
90
91
95
99
104
105
106
110
113
115
116
118
119
122
124
126
127
128
130
132
133
134
135
136
138
139
142
143
144
145
146
148
149
155
157
158
163
166
168
169
170
173
178
180
184
192
193
194
195
196
197
198
201
203
205
207
208
211
213
214
217
219
222
223
225
226
227
228
229
230
233
237
238
240
241
244
248
249
250
252
254
255
256
259
260
261
263
266
268
273
275
276
277
279
280
283
285
287
288
289
291
293
294
295
297
299
301
302
304
308
309
310
312
314
316
323
325
327
330
331
332
335
336
343
347
352
353
355
357
360
361
362
363
364
365
366
367
368
370
372
374
380
382
383
384
385
386
388
393
394
397
398
399
401
404
405
408
410
411
412
419
420
423
427
428
429
435
437
438
440
441
442
443
445
446
447
448
450
452
454
458
459
460
461
462
463
464
466
469
470
474
476
477
478
479
480
485
488
490
491
493
494
496
499
500
503
504
506
507
508
512
513
516
517
518
520
521
522
523
525
528
530
531
532
533
538
539
540
541
542
543
545
548
551
554
555
558
560
563
564
565
566
567
570
574
575
577
582
584
588
589
590
594
596
599
601
602
604
605
606
609
611
612
613
618
619
622
624
627
629
631
632
637
642
643
648
649
651
653
654
656
659
660
661
662
665
666
667
669
671
672
673
675
676
677
680
681
682
684
688
690
694
695
696
697
698
700
701
704
705
706
707
710
711
716
720
721
722
723
725
727
730
739
740
741
744
749
750
751
752
755
757
758
761
762
764
765
766
767
770
775
778
781
784
787
792
794
798
802
804
808
809
810
811
813
818
822
823
824
829
830
832
833
836
837
838
839
843
844
847
849
850
851
852
853
856
858
860
864
869
870
875
879
881
883
884
885
886
887
888
889
890
892
893
894
897
898
899
900
902
903
904
905
908
909
912
916
917
918
919
925
928
930
932
933
934
935
936
941
942
945
946
947
948
949
950
951
952
953
956
957
958
959
961
963
965
966
968
978
979
980
981
982
986
987
988
989
990
992
994
1000
1001
1002
1007
1009
1013
1015
1017
1018
1019
1020
1021
1022
1023
1027
1030
1031
1032
1035
1036
1042
1043
1044
1046
1051
1052
1054
1057
1058
1059
1060
1063
1064
1065
1066
1067
1068
1071
1072
1074
1079
1080
1081
1084
1085
1086
1088
1090
1091
1092
1093
1096
1097
1098
1100
1101
1102
1103
1104
1106
1109
1110
1111
1114
1115
1116
1117
1121
1122
1124
1125
1126
1127
1128
1132
1133
1134
1135
1138
1139
1141
1142
1143
1144
1146
1148
2
3
12
18
19
23
25
26
30
31
35
47
58
59
60
67
68
72
73
80
81
84
86
88
92
96
97
98
100
101
102
108
120
121
129
131
141
147
151
152
156
159
161
171
174
175
177
181
182
185
188
189
190
200
202
209
210
212
215
216
218
221
232
235
236
245
251
262
264
267
282
284
286
298
303
306
307
313
319
320
321
322
324
328
329
340
341
342
345
348
349
369
371
373
375
377
379
387
391
395
396
409
413
416
421
422
431
432
433
436
439
444
451
453
457
471
472
473
475
483
484
486
487
492
495
497
502
509
514
524
527
529
534
535
537
544
547
549
553
557
559
561
569
571
573
579
580
585
593
595
597
600
607
610
614
615
616
617
621
623
625
628
630
633
634
636
641
646
652
658
664
668
683
685
686
687
692
702
715
717
731
733
734
735
738
742
745
748
754
759
760
763
769
772
773
774
776
783
785
786
788
795
805
806
807
814
815
826
831
834
835
842
845
848
854
861
863
866
872
873
878
880
882
891
895
896
901
911
915
920
922
923
927
938
939
940
954
955
964
970
971
972
974
975
976
977
983
993
995
996
997
998
999
1006
1010
1014
1016
1025
1033
1034
1037
1038
1039
1040
1041
1045
1047
1048
1049
1055
1061
1069
1075
1076
1087
1094
1095
1099
1107
1118
1119
1123
1129
1131
1140
1145
1147
1149
1
4
6
9
10
14
17
20
22
27
28
29
38
41
45
57
61
62
65
69
76
78
79
83
85
87
89
93
94
103
107
109
111
112
114
117
123
125
137
140
150
153
154
160
162
164
165
167
172
176
179
183
186
187
191
199
204
206
220
224
231
234
239
242
243
246
247
253
257
258
265
269
270
271
272
274
278
281
290
292
296
300
305
311
315
317
318
326
333
334
337
338
339
344
346
350
351
354
356
358
359
376
378
381
389
390
392
400
402
403
406
407
414
415
417
418
424
425
426
430
434
449
455
456
465
467
468
481
482
489
498
501
505
510
511
515
519
526
536
546
550
552
556
562
568
572
576
578
581
583
586
587
591
592
598
603
608
620
626
635
638
639
640
644
645
647
650
655
657
663
670
674
678
679
689
691
693
699
703
708
709
712
713
714
718
719
724
726
728
729
732
736
737
743
746
747
753
756
768
771
777
779
780
782
789
790
791
793
796
797
799
800
801
803
812
816
817
819
820
821
825
827
828
840
841
846
855
857
859
862
865
867
868
871
874
876
877
906
907
910
913
914
921
924
926
929
931
937
943
944
960
962
967
969
973
984
985
991
1003
1004
1005
1008
1011
1012
1024
1026
1028
1029
1050
1053
1056
1062
1070
1073
1077
1078
1082
1083
1089
1105
1108
1112
1113
1120
1130
1136
1137
1150
