575
288
288
0
1
2
9
11
13
14
15
16
18
20
21
24
25
26
30
31
34
36
38
39
40
41
42
43
44
48
52
53
54
58
61
62
63
64
65
67
69
72
73
75
79
86
89
90
92
93
94
95
97
99
101
105
107
109
110
114
115
119
121
122
123
125
126
128
129
130
131
133
141
143
145
147
153
154
156
157
160
162
164
166
169
170
171
172
173
178
179
182
183
188
189
190
192
193
199
200
201
203
205
208
210
211
212
215
216
217
218
219
220
221
223
224
225
227
228
232
234
235
237
240
241
244
245
249
250
251
253
256
260
261
266
267
268
269
270
274
276
277
278
280
281
282
283
287
289
290
291
294
296
298
299
303
304
308
314
316
317
320
327
328
332
334
336
337
338
340
343
348
350
351
353
357
359
361
362
366
368
369
371
376
378
382
383
387
388
391
393
398
399
402
404
406
410
411
412
415
417
419
420
422
423
425
429
430
436
437
438
440
441
442
443
444
447
448
449
452
455
461
462
463
464
472
474
475
478
479
480
482
483
484
487
489
491
494
495
496
500
501
508
510
511
512
514
516
517
518
520
522
523
527
528
529
530
534
537
538
540
542
543
545
546
547
550
551
553
557
558
559
563
564
565
566
567
569
570
571
573
576
577
580
581
582
586
587
588
589
592
593
594
597
598
599
601
602
603
606
607
609
611
617
619
620
622
624
627
628
630
631
637
639
640
642
643
644
645
646
647
651
652
654
657
659
660
664
667
668
669
670
672
678
679
683
684
685
687
688
689
690
691
693
694
698
700
706
711
713
714
715
717
718
721
724
726
728
729
730
731
732
733
734
735
737
739
740
741
742
743
744
746
747
749
753
754
756
757
761
763
764
766
767
768
772
785
789
790
793
794
795
796
798
799
800
802
803
807
809
812
813
814
820
825
826
829
830
833
836
837
838
839
841
842
843
845
846
849
850
851
852
853
854
856
858
860
862
869
870
871
872
873
876
878
879
880
881
883
884
887
890
891
892
894
895
896
898
901
904
906
907
909
910
911
912
913
915
917
918
919
923
925
926
927
931
934
937
938
940
941
943
944
946
950
951
952
955
956
957
958
962
964
969
970
973
976
980
981
984
985
986
987
996
997
1003
1004
1005
1006
1007
1008
1010
1011
1012
1013
1016
1017
1018
1023
1025
1027
1029
1030
1031
1032
1034
1036
1038
1040
1041
1042
1043
1044
1045
1047
1048
1049
1050
1054
1055
1060
1062
1063
1064
1065
1066
1069
1073
1074
1077
1081
1084
1085
1087
1089
1090
1092
1094
1096
1097
1098
1099
1101
1102
1107
1110
1115
1116
1117
1118
1119
1123
1126
1127
1129
1130
1131
1133
1135
1138
1141
1143
1144
1145
1147
1148
1149
1150
7
10
12
17
23
27
28
32
33
37
47
50
56
59
66
68
76
83
84
85
88
96
98
103
104
106
108
112
116
117
124
127
138
139
140
142
146
150
155
159
163
168
177
180
184
185
187
191
195
196
197
198
206
209
213
222
229
230
238
239
242
243
246
252
257
258
259
262
263
264
265
272
273
284
295
300
305
306
307
310
311
312
313
315
331
335
339
342
344
345
349
355
360
363
365
370
373
374
377
379
380
385
386
396
397
401
403
405
413
418
421
427
428
431
435
445
446
450
453
458
459
460
466
467
468
469
473
476
488
490
497
498
499
502
503
504
505
506
507
509
515
521
524
525
531
535
548
552
556
562
574
575
578
585
590
595
596
604
605
610
613
614
615
616
618
621
623
625
629
632
633
636
641
650
655
661
662
663
666
671
673
674
676
677
681
695
697
701
702
703
704
708
710
716
720
745
755
758
760
770
774
777
780
781
783
786
787
788
801
805
806
810
811
815
822
824
828
834
840
847
857
861
863
865
868
877
882
885
889
897
900
920
922
924
928
929
930
933
935
942
948
960
963
965
966
971
972
978
979
988
990
992
993
995
1000
1001
1020
1021
1024
1028
1035
1037
1053
1056
1058
1070
1076
1079
1082
1088
1091
1100
1103
1105
1106
1108
1109
1111
1113
1114
1120
1124
1125
1128
1132
1134
1139
1146
3
4
5
6
8
19
22
29
35
45
46
49
51
55
57
60
70
71
74
77
78
80
81
82
87
91
100
102
111
113
118
120
132
134
135
136
137
144
148
149
151
152
158
161
165
167
174
175
176
181
186
194
202
204
207
214
226
231
233
236
247
248
254
255
271
275
279
285
286
288
292
293
297
301
302
309
318
319
321
322
323
324
325
326
329
330
333
341
346
347
352
354
356
358
364
367
372
375
381
384
389
390
392
394
395
400
407
408
409
414
416
424
426
432
433
434
439
451
454
456
457
465
470
471
477
481
485
486
492
493
513
519
526
532
533
536
539
541
544
549
554
555
560
561
568
572
579
583
584
591
600
608
612
626
634
635
638
648
649
653
656
658
665
675
680
682
686
692
696
699
705
707
709
712
719
722
723
725
727
736
738
748
750
751
752
759
762
765
769
771
773
775
776
778
779
782
784
791
792
797
804
808
816
817
818
819
821
823
827
831
832
835
844
848
855
859
864
866
867
874
875
886
888
893
899
902
903
905
908
914
916
921
932
936
939
945
947
949
953
954
959
961
967
968
974
975
977
982
983
989
991
994
998
999
1002
1009
1014
1015
1019
1022
1026
1033
1039
1046
1051
1052
1057
1059
1061
1067
1068
1071
1072
1075
1078
1080
1083
1086
1093
1095
1104
1112
1121
1122
1136
1137
1140
1142
