575
288
288
0
3
4
6
7
9
10
12
13
16
17
19
20
21
22
26
30
35
37
38
39
40
42
43
46
47
48
50
51
53
54
56
59
62
63
66
68
70
71
74
76
78
79
83
89
90
92
93
95
96
100
101
102
104
105
106
107
109
112
113
116
118
119
120
125
126
127
131
132
133
134
135
137
140
143
144
145
147
150
153
154
155
156
157
158
160
162
163
164
165
167
170
171
172
173
177
178
179
181
185
188
190
191
193
194
195
205
206
208
210
211
213
214
215
218
219
220
222
223
225
226
227
229
230
233
235
236
237
238
241
242
243
245
246
248
250
252
253
255
258
259
260
261
262
264
265
266
271
276
278
279
280
281
282
284
285
288
292
293
299
300
301
304
305
306
309
310
312
313
315
316
318
320
321
325
327
329
330
331
332
334
336
337
339
343
344
345
346
348
350
352
353
354
355
358
360
364
365
369
371
372
374
375
378
379
380
382
385
386
389
390
391
392
396
400
401
403
404
405
406
407
408
409
410
411
415
416
417
418
419
422
424
426
428
432
433
436
437
439
441
443
447
449
451
454
455
456
460
462
463
468
470
472
473
475
476
477
480
483
490
493
496
497
498
499
500
502
503
504
512
513
515
516
517
518
519
520
521
524
527
530
531
532
533
534
536
538
540
542
550
554
557
558
563
566
567
568
569
570
572
573
574
575
577
578
582
583
584
585
586
587
589
590
592
593
596
597
601
602
603
605
606
608
610
612
613
617
618
620
622
624
626
628
630
631
632
635
636
638
640
641
643
646
647
648
649
650
653
654
655
661
666
667
669
670
677
678
679
682
683
685
686
687
688
690
693
698
699
703
704
707
711
712
713
715
718
720
721
724
725
729
732
733
738
743
746
748
750
752
754
758
760
766
769
772
773
775
780
783
785
786
789
790
793
794
795
796
800
801
805
808
809
811
813
815
817
818
820
822
823
826
827
829
831
832
837
838
840
844
846
851
852
853
854
855
857
858
859
861
863
864
867
869
870
873
875
877
880
885
887
890
891
892
893
897
900
903
906
907
911
912
914
918
927
929
930
932
937
938
941
944
946
947
948
949
950
951
953
957
958
959
960
962
963
965
966
967
968
969
971
975
978
980
984
985
986
992
993
994
995
998
1000
1001
1002
1003
1005
1006
1007
1010
1011
1015
1016
1018
1021
1024
1025
1026
1027
1030
1031
1032
1034
1037
1039
1040
1041
1048
1049
1050
1053
1054
1055
1056
1064
1065
1070
1072
1073
1074
1075
1078
1080
1081
1083
1084
1086
1088
1089
1090
1098
1099
1101
1106
1107
1110
1111
1114
1116
1118
1120
1122
1124
1126
1127
1128
1130
1131
1133
1134
1136
1138
1141
1148
1149
1150
11
23
24
25
28
29
32
33
36
41
44
57
61
67
69
72
73
80
84
86
87
88
91
94
98
99
110
111
114
115
117
121
123
128
129
130
136
138
139
146
148
149
151
152
166
168
169
174
176
180
189
197
199
201
203
207
209
212
216
217
221
228
232
234
244
254
256
257
273
274
275
277
286
287
289
290
291
296
297
307
314
322
323
324
326
335
340
341
347
349
357
368
370
373
376
377
381
383
387
388
393
394
398
414
421
429
430
438
444
445
446
448
450
459
461
464
469
488
507
508
509
510
514
525
528
537
539
541
543
544
547
552
555
556
559
560
562
579
591
594
595
598
599
600
607
611
616
621
623
627
633
637
639
645
657
659
662
663
668
673
675
684
694
696
697
701
705
708
709
710
714
716
719
726
727
730
734
735
739
749
753
755
756
763
765
767
768
770
771
774
777
778
779
782
791
797
798
799
802
803
804
806
807
812
814
816
821
835
839
843
845
849
850
860
865
868
871
872
876
882
884
886
888
889
894
899
908
909
910
917
919
924
925
926
928
931
952
954
955
956
964
970
972
973
976
981
989
1004
1009
1017
1019
1020
1022
1029
1033
1035
1036
1038
1042
1043
1044
1045
1046
1052
1063
1066
1068
1069
1071
1077
1079
1093
1094
1095
1096
1104
1108
1109
1117
1119
1121
1129
1132
1135
1137
1139
1140
1147
1
2
5
8
14
15
18
27
31
34
45
49
52
55
58
60
64
65
75
77
81
82
85
97
103
108
122
124
141
142
159
161
175
182
183
184
186
187
192
196
198
200
202
204
224
231
239
240
247
249
251
263
267
268
269
270
272
283
294
295
298
302
303
308
311
317
319
328
333
338
342
351
356
359
361
362
363
366
367
384
395
397
399
402
412
413
420
423
425
427
431
434
435
440
442
452
453
457
458
465
466
467
471
474
478
479
481
482
484
485
486
487
489
491
492
494
495
501
505
506
511
522
523
526
529
535
545
546
548
549
551
553
561
564
565
571
576
580
581
588
604
609
614
615
619
625
629
634
642
644
651
652
656
658
660
664
665
671
672
674
676
680
681
689
691
692
695
700
702
706
717
722
723
728
731
736
737
740
741
742
744
745
747
751
757
759
761
762
764
776
781
784
787
788
792
810
819
824
825
828
830
833
834
836
841
842
847
848
856
862
866
874
878
879
881
883
895
896
898
901
902
904
905
913
915
916
920
921
922
923
933
934
935
936
939
940
942
943
945
961
974
977
979
982
983
987
988
990
991
996
997
999
1008
1012
1013
1014
1023
1028
1047
1051
1057
1058
1059
1060
1061
1062
1067
1076
1082
1085
1087
1091
1092
1097
1100
1102
1103
1105
1112
1113
1115
1123
1125
1142
1143
1144
1145
1146
