575
288
288
0
2
6
7
8
9
13
14
16
17
18
19
20
21
22
24
25
26
27
28
35
36
37
38
42
43
44
47
49
50
51
52
53
54
55
56
57
58
59
64
65
66
67
68
69
70
73
74
75
77
79
80
81
85
86
88
90
91
92
94
96
97
100
101
102
105
109
110
115
121
123
126
129
131
133
134
137
138
139
140
141
143
145
147
148
149
151
152
153
154
157
158
159
161
162
163
167
168
170
171
172
173
176
177
179
180
182
184
185
187
189
191
194
195
198
199
200
204
205
213
214
215
216
217
218
219
220
222
223
225
226
229
231
233
238
239
240
242
243
245
249
251
252
253
254
257
258
261
262
263
267
268
269
270
271
273
274
276
278
280
284
286
287
288
289
292
296
297
298
299
300
301
302
304
306
307
309
310
313
317
318
320
321
322
323
325
327
328
331
335
338
339
341
342
344
348
349
352
353
355
357
360
364
366
370
378
384
386
388
389
391
392
393
394
395
399
403
405
407
409
414
416
419
420
421
424
426
427
430
432
435
437
438
449
451
452
454
457
458
461
463
464
467
468
473
474
475
476
479
481
484
485
486
488
489
491
498
501
502
503
504
506
507
511
517
518
524
525
529
532
533
534
539
542
545
548
549
551
552
554
557
560
561
562
563
566
567
569
570
576
578
579
581
582
583
586
587
588
589
590
591
592
594
598
599
601
603
604
609
611
612
613
615
616
618
620
621
623
624
626
630
632
634
635
637
638
639
641
643
646
647
652
653
655
660
661
662
665
666
668
670
672
674
675
676
677
680
684
685
686
688
690
693
695
698
699
700
703
705
707
709
710
712
714
715
716
717
720
724
726
730
731
734
735
737
738
742
746
747
751
752
755
756
759
763
764
765
770
773
775
776
777
778
779
782
783
788
791
795
797
799
800
801
802
803
804
805
807
808
810
811
813
816
820
821
824
825
826
828
829
831
832
833
834
835
838
839
841
843
844
845
848
849
850
853
854
856
859
860
866
868
869
870
871
875
876
879
880
882
884
889
890
892
893
899
900
902
903
905
906
907
912
914
917
918
920
922
923
926
927
930
935
936
937
941
943
945
946
947
948
949
950
951
956
958
959
960
962
967
968
970
973
974
975
976
982
983
984
985
988
990
995
997
1000
1001
1003
1004
1007
1008
1009
1010
1013
1017
1018
1019
1022
1024
1027
1030
1031
1032
1034
1035
1036
1037
1039
1040
1041
1043
1046
1047
1048
1049
1051
1053
1054
1059
1061
1065
1066
1067
1069
1070
1071
1076
1079
1082
1088
1089
1090
1091
1094
1097
1101
1106
1109
1110
1112
1114
1115
1116
1118
1120
1122
1123
1125
1126
1127
1128
1138
1139
1141
1143
1146
1147
1
3
5
10
12
15
23
30
31
32
41
45
46
48
82
84
87
98
103
106
107
114
116
119
120
127
130
132
135
136
144
150
164
165
174
178
186
193
196
197
203
209
210
211
212
224
236
237
244
246
250
259
260
264
279
283
291
293
295
303
311
312
314
316
332
333
334
336
337
340
343
345
346
350
354
358
365
368
371
372
374
377
379
380
381
383
390
396
402
404
408
417
418
425
429
431
433
434
436
439
440
442
447
448
455
459
460
462
465
469
471
472
478
482
487
490
493
494
505
508
509
510
513
514
520
521
526
527
528
531
540
546
547
550
553
558
559
564
565
568
572
573
574
575
577
580
584
595
600
606
608
617
619
625
627
628
633
640
642
649
654
657
659
663
664
669
673
682
687
689
691
692
694
696
702
711
713
721
723
727
728
729
739
743
744
745
749
753
754
757
758
761
771
774
784
785
786
787
789
793
794
806
814
815
819
837
840
855
857
861
863
864
873
874
877
887
898
904
908
909
911
913
919
921
924
928
931
932
933
938
939
940
953
954
955
957
963
965
969
971
979
986
991
992
996
999
1005
1006
1014
1020
1021
1023
1025
1028
1029
1033
1038
1042
1045
1050
1056
1058
1060
1064
1077
1081
1086
1092
1093
1096
1100
1103
1105
1107
1108
1111
1113
1119
1121
1124
1129
1130
1131
1132
1133
1137
1140
1149
4
11
29
33
34
39
40
60
61
62
63
71
72
76
78
83
89
93
95
99
104
108
111
112
113
117
118
122
124
125
128
142
146
155
156
160
166
169
175
181
183
188
190
192
201
202
206
207
208
221
227
228
230
232
234
235
241
247
248
255
256
265
266
272
275
277
281
282
285
290
294
305
308
315
319
324
326
329
330
347
351
356
359
361
362
363
367
369
373
375
376
382
385
387
397
398
400
401
406
410
411
412
413
415
422
423
428
441
443
444
445
446
450
453
456
466
470
477
480
483
492
495
496
497
499
500
512
515
516
519
522
523
530
535
536
537
538
541
543
544
555
556
571
585
593
596
597
602
605
607
610
614
622
629
631
636
644
645
648
650
651
656
658
667
671
678
679
681
683
697
701
704
706
708
718
719
722
725
732
733
736
740
741
748
750
760
762
766
767
768
769
772
780
781
790
792
796
798
809
812
817
818
822
823
827
830
836
842
846
847
851
852
858
862
865
867
872
878
881
883
885
886
888
891
894
895
896
897
901
910
915
916
925
929
934
942
944
952
961
964
966
972
977
978
980
981
987
989
993
994
998
1002
1011
1012
1015
1016
1026
1044
1052
1055
1057
1062
1063
1068
1072
1073
1074
1075
1078
1080
1083
1084
1085
1087
1095
1098
1099
1102
1104
1117
1134
1135
1136
1142
1144
1145
1148
1150
