575
288
288
3
5
6
8
9
11
12
13
22
23
24
26
27
28
30
31
32
33
34
36
37
38
39
40
41
43
45
46
47
51
53
54
55
58
60
63
64
65
67
69
70
71
73
74
75
76
78
80
81
85
88
91
92
93
97
99
100
102
103
104
108
110
115
116
117
120
121
122
123
126
127
128
129
132
133
134
138
139
140
142
145
146
147
151
153
155
156
160
161
162
164
165
169
171
173
174
176
177
178
179
180
181
185
186
190
191
193
194
195
197
203
205
208
210
213
215
219
221
223
224
227
228
229
230
232
237
238
239
241
245
246
247
248
251
253
256
258
260
261
264
265
266
268
269
272
273
275
277
279
284
285
288
289
293
295
299
300
302
303
307
309
310
316
318
327
330
331
337
339
341
342
346
348
349
350
351
352
353
354
355
360
366
367
369
371
372
375
376
377
381
382
385
387
388
389
392
396
398
399
403
405
407
408
410
411
413
418
420
422
423
426
427
428
429
430
432
434
437
440
443
445
452
454
458
459
460
461
464
466
473
474
478
479
483
486
488
491
493
494
495
496
498
499
500
501
502
503
505
507
509
510
514
515
518
520
525
527
528
533
535
536
537
539
541
543
544
545
548
549
550
552
555
556
558
561
562
563
567
568
569
570
571
573
574
579
580
582
583
585
587
590
591
592
593
595
596
597
598
599
600
603
609
610
611
612
616
618
620
624
628
629
632
634
635
639
642
643
645
646
649
650
651
653
654
656
658
659
662
666
667
669
671
672
675
676
678
680
681
682
685
687
691
693
694
695
696
698
701
703
706
711
712
714
715
718
723
725
726
728
729
730
732
734
735
736
740
741
744
747
748
749
750
752
753
759
763
764
766
770
771
773
774
778
780
781
783
790
791
792
793
794
795
799
802
804
806
807
816
817
818
819
822
824
825
827
829
830
842
844
845
848
849
851
853
856
857
860
861
864
866
867
869
870
871
872
873
875
876
877
878
880
884
886
887
889
890
891
894
895
896
897
898
900
903
904
906
907
908
909
912
917
918
921
922
923
927
929
930
933
937
939
944
945
946
947
948
949
950
951
952
955
956
957
958
959
961
962
966
971
972
973
976
978
981
990
992
993
994
998
1000
1001
1002
1003
1004
1006
1007
1009
1013
1015
1016
1017
1018
1019
1021
1022
1024
1025
1027
1028
1029
1030
1031
1032
1036
1038
1039
1040
1041
1043
1045
1046
1049
1050
1053
1056
1058
1059
1060
1061
1066
1068
1069
1070
1071
1072
1074
1076
1082
1083
1086
1087
1088
1090
1095
1096
1097
1099
1102
1104
1105
1107
1108
1109
1110
1111
1112
1113
1114
1116
1118
1119
1120
1125
1128
1129
1130
1134
1135
1137
1140
1141
1144
1147
1148
1150
0
1
2
15
16
17
18
19
20
29
44
77
87
90
98
105
107
112
113
118
125
130
131
137
143
144
148
149
152
163
166
170
172
183
184
187
196
198
200
201
204
206
207
212
220
222
231
234
242
243
249
250
257
259
267
270
281
287
292
297
301
306
312
314
317
319
321
322
323
324
329
333
334
335
336
338
343
347
356
359
361
362
364
374
379
380
383
386
391
393
395
400
402
404
409
416
417
419
421
441
446
449
450
451
453
455
457
463
470
477
485
487
489
490
497
506
508
511
512
519
523
524
530
531
534
538
540
542
546
551
553
554
559
566
572
578
589
601
607
615
619
621
622
623
625
627
630
633
636
637
638
641
648
660
664
665
668
670
673
683
684
686
688
692
697
700
704
709
716
720
721
727
731
737
742
743
745
751
754
755
757
761
762
767
772
775
776
779
784
786
787
788
796
798
805
808
811
815
820
821
828
831
833
834
835
836
837
838
840
843
846
847
852
854
855
858
859
863
868
882
883
893
899
901
910
911
913
915
916
924
935
936
942
953
960
963
964
967
968
969
970
974
977
982
986
989
991
995
997
999
1005
1010
1012
1026
1033
1034
1037
1048
1054
1055
1057
1062
1065
1067
1075
1077
1079
1080
1081
1084
1085
1091
1093
1094
1098
1100
1101
1115
1121
1122
1127
1131
1133
1138
1139
1142
1145
1149
4
7
10
14
21
25
35
42
48
49
50
52
56
57
59
61
62
66
68
72
79
82
83
84
86
89
94
95
96
101
106
109
111
114
119
124
135
136
141
150
154
157
158
159
167
168
175
182
188
189
192
199
202
209
211
214
216
217
218
225
226
233
235
236
240
244
252
254
255
262
263
271
274
276
278
280
282
283
286
290
291
294
296
298
304
305
308
311
313
315
320
325
326
328
332
340
344
345
357
358
363
365
368
370
373
378
384
390
394
397
401
406
412
414
415
424
425
431
433
435
436
438
439
442
444
447
448
456
462
465
467
468
469
471
472
475
476
480
481
482
484
492
504
513
516
517
521
522
526
529
532
547
557
560
564
565
575
576
577
581
584
586
588
594
602
604
605
606
608
613
614
617
626
631
640
644
647
652
655
657
661
663
674
677
679
689
690
699
702
705
707
708
710
713
717
719
722
724
733
738
739
746
756
758
760
765
768
769
777
782
785
789
797
800
801
803
809
810
812
813
814
823
826
832
839
841
850
862
865
874
879
881
885
888
892
902
905
914
919
920
925
926
928
931
932
934
938
940
941
943
954
965
975
979
980
983
984
985
987
988
996
1008
1011
1014
1020
1023
1035
1042
1044
1047
1051
1052
1063
1064
1073
1078
1089
1092
1103
1106
1117
1123
1124
1126
1132
1136
1143
1146
