2217
1109
1109
2
4
5
6
8
9
10
11
13
14
15
16
18
19
20
26
27
29
32
35
37
38
40
41
43
44
47
48
50
52
53
54
55
56
58
59
60
64
65
66
67
68
69
71
73
75
76
77
80
81
82
84
89
91
96
97
98
101
102
106
107
108
109
110
113
114
119
121
122
128
129
132
133
135
137
139
140
141
143
144
145
147
149
152
155
157
158
161
163
166
169
171
172
175
176
177
178
179
184
186
187
188
190
191
194
198
200
204
205
206
208
210
211
212
215
219
228
231
232
233
235
238
240
243
244
247
249
250
251
254
255
258
259
260
262
264
265
267
268
269
270
271
272
273
274
277
278
279
285
287
290
293
297
299
300
301
303
305
306
309
310
312
314
315
316
317
318
319
320
323
328
330
332
335
336
338
339
340
341
342
344
349
351
353
354
355
357
358
359
360
361
362
364
365
366
367
368
369
370
371
372
373
376
377
384
385
386
388
390
391
392
393
394
396
399
401
406
407
411
412
413
414
416
420
422
425
426
427
431
432
434
435
436
438
441
442
443
445
446
450
454
455
456
458
459
461
464
468
471
473
474
475
476
477
478
479
484
486
488
490
493
494
498
503
505
506
507
509
510
511
512
513
516
518
519
522
524
529
532
535
539
540
542
547
549
551
552
554
557
561
563
564
565
568
570
574
579
580
583
585
588
589
590
593
596
597
600
601
602
603
609
610
611
616
618
619
628
631
632
633
642
643
644
646
649
652
653
654
655
657
658
665
670
672
674
676
677
679
680
682
686
687
688
689
693
700
701
702
703
710
711
713
715
717
718
719
721
722
723
724
725
726
728
733
737
740
743
744
745
746
750
752
757
758
759
760
762
763
764
766
767
769
772
774
778
779
781
782
783
784
785
786
789
791
792
793
795
796
800
801
805
806
810
811
813
814
815
818
819
820
822
823
826
828
831
832
835
838
839
846
847
849
850
852
855
856
859
862
863
864
865
868
874
875
876
877
879
880
881
884
886
887
889
890
892
893
899
904
909
912
913
914
915
916
921
923
924
926
929
930
932
934
936
937
940
942
943
946
948
951
954
955
957
958
960
963
964
966
969
970
972
974
976
978
981
984
986
987
988
989
990
992
993
994
995
997
999
1000
1003
1004
1007
1008
1010
1013
1014
1015
1016
1017
1018
1023
1025
1026
1027
1029
1030
1031
1032
1036
1037
1038
1039
1041
1044
1045
1047
1048
1049
1050
1052
1054
1055
1057
1058
1059
1060
1061
1063
1064
1067
1070
1074
1075
1076
1078
1079
1080
1081
1083
1086
1087
1088
1089
1093
1094
1096
1097
1099
1100
1101
1103
1105
1106
1108
1110
1112
1117
1122
1123
1124
1126
1128
1129
1132
1135
1136
1137
1138
1139
1140
1142
1143
1145
1146
1147
1150
1151
1154
1155
1156
1157
1158
1164
1165
1166
1168
1171
1173
1174
1175
1180
1182
1183
1184
1187
1188
1189
1191
1192
1193
1195
1196
1197
1199
1200
1203
1205
1210
1211
1212
1213
1215
1216
1217
1218
1222
1223
1225
1226
1227
1228
1229
1230
1231
1234
1235
1236
1238
1240
1244
1245
1249
1251
1252
1254
1255
1256
1257
1258
1260
1263
1264
1265
1266
1268
1269
1270
1272
1278
1279
1280
1281
1283
1284
1285
1288
1292
1293
1294
1295
1296
1297
1299
1301
1302
1304
1306
1310
1311
1312
1313
1314
1315
1316
1317
1318
1322
1323
1324
1325
1329
1335
1338
1339
1340
1341
1345
1346
1347
1348
1350
1352
1354
1355
1356
1358
1359
1361
1363
1364
1370
1371
1372
1373
1374
1377
1378
1381
1388
1393
1395
1396
1397
1403
1405
1406
1407
1411
1414
1417
1420
1421
1422
1423
1424
1426
1435
1436
1444
1446
1448
1449
1451
1452
1453
1454
1455
1456
1457
1458
1459
1462
1463
1465
1466
1467
1476
1477
1484
1485
1486
1491
1492
1496
1498
1499
1500
1503
1506
1509
1511
1512
1514
1515
1516
1518
1520
1521
1523
1526
1528
1537
1538
1539
1541
1543
1548
1549
1550
1553
1554
1555
1558
1560
1565
1567
1568
1570
1572
1573
1575
1577
1578
1579
1585
1587
1588
1590
1591
1592
1593
1594
1595
1596
1597
1598
1599
1603
1604
1606
1610
1611
1612
1613
1617
1619
1620
1622
1624
1626
1627
1628
1631
1633
1635
1636
1637
1639
1642
1643
1644
1646
1647
1648
1649
1650
1651
1654
1655
1656
1658
1661
1663
1664
1665
1668
1673
1674
1675
1676
1677
1678
1679
1680
1681
1682
1683
1686
1689
1693
1694
1695
1696
1697
1698
1703
1704
1709
1710
1714
1716
1717
1719
1723
1724
1725
1728
1729
1730
1733
1735
1737
1739
1742
1744
1746
1748
1753
1754
1756
1758
1760
1761
1763
1764
1765
1766
1767
1771
1773
1774
1776
1778
1779
1780
1781
1785
1786
1787
1788
1791
1798
1801
1802
1806
1808
1809
1816
1817
1818
1820
1822
1826
1827
1832
1833
1834
1840
1841
1843
1844
1845
1846
1848
1851
1852
1853
1854
1857
1858
1859
1864
1866
1876
1878
1880
1881
1883
1884
1885
1892
1893
1894
1895
1897
1898
1901
1903
1905
1906
1907
1912
1915
1917
1918
1919
1920
1922
1923
1925
1927
1929
1930
1934
1935
1939
1940
1942
1943
1944
1946
1947
1950
1953
1957
1958
1959
1962
1964
1965
1966
1968
1970
1976
1978
1980
1981
1983
1984
1985
1988
1991
1994
1995
1998
2001
2004
2005
2009
2010
2011
2014
2015
2016
2017
2018
2020
2026
2028
2029
2030
2032
2033
2035
2036
2037
2039
2043
2045
2049
2050
2053
2054
2055
2056
2057
2058
2061
2062
2063
2064
2067
2070
2071
2073
2074
2076
2077
2078
2079
2081
2082
2083
2084
2085
2087
2089
2090
2091
2092
2093
2095
2096
2097
2099
2102
2103
2106
2108
2109
2110
2111
2113
2114
2115
2116
2119
2122
2124
2126
2128
2130
2131
2132
2133
2140
2141
2143
2144
2146
2147
2148
2154
2155
2156
2158
2159
2160
2162
2165
2166
2168
2170
2172
2175
2179
2181
2182
2183
2184
2188
2189
2190
2192
2198
2200
2202
2205
2207
2208
2209
2210
2212
2213
2215
2216
2218
2219
2224
2225
2229
2230
2231
2232
2233
2235
2238
2239
2241
2242
2244
2245
2246
2248
2249
2254
2255
2259
2262
2263
2265
2266
2267
2268
2271
2275
2279
2280
2284
2288
2289
2291
2294
2295
2297
2300
2302
2305
2306
2308
2310
2312
2313
2314
2316
2320
2321
2324
2325
2326
2327
2328
2330
2331
2333
2334
2337
2339
2340
2342
2347
2348
2351
2355
2356
2357
2358
2360
2363
2365
2366
2367
2372
2374
2377
2379
2381
2382
2384
2388
2390
2395
2398
2399
2401
2402
2403
2407
2408
2409
2410
2411
2412
2416
2417
2420
2422
2424
2425
2426
2429
2430
2432
2436
2438
2439
2441
2443
2445
2449
2454
2455
2456
2462
2465
2466
2468
2472
2473
2474
2476
2479
2481
2482
2483
2484
2485
2490
2491
2493
2497
2498
2501
2503
2504
2505
2506
2510
2512
2514
2515
2516
2518
2521
2522
2527
2528
2529
2530
2533
2535
2539
2542
2545
2548
2551
2552
2553
2554
2558
2559
2560
2561
2563
2564
2566
2567
2568
2572
2574
2575
2578
2581
2582
2583
2584
2585
2587
2591
2592
2596
2597
2602
2606
2612
2615
2616
2618
2619
2621
2624
2625
2626
2627
2629
2630
2631
2632
2637
2638
2640
2641
2643
2645
2650
2651
2652
2654
2656
2664
2666
2667
2668
2669
2672
2673
2674
2677
2678
2680
2682
2686
2688
2690
2692
2693
2694
2695
2696
2698
2702
2703
2704
2706
2707
2708
2709
2713
2714
2715
2716
2717
2718
2720
2722
2725
2726
2727
2728
2729
2735
2737
2740
2741
2746
2747
2749
2754
2758
2760
2761
2762
2764
2765
2769
2772
2773
2776
2777
2780
2782
2783
2784
2785
2792
2793
2796
2800
2801
2802
2803
2804
2809
2810
2812
2815
2819
2821
2823
2826
2828
2829
2830
2834
2836
2838
2839
2841
2842
2843
2844
2845
2846
2848
2849
2851
2853
2856
2857
2859
2862
2865
2866
2868
2869
2871
2877
2879
2880
2883
2884
2886
2887
2888
2889
2891
2895
2900
2901
2906
2910
2911
2919
2920
2921
2926
2929
2931
2932
2935
2936
2939
2940
2941
2942
2943
2945
2946
2948
2950
2953
2954
2955
2959
2961
2966
2970
2973
2975
2980
2981
2986
2988
2990
2991
2996
2998
3002
3004
3005
3007
3008
3009
3010
3011
3012
3013
3014
3016
3018
3019
3020
3021
3022
3025
3027
3028
3029
3030
3031
3032
3033
3034
3035
3036
3037
3039
3042
3043
3044
3045
3047
3051
3052
3053
3054
3056
3058
3059
3062
3064
3066
3068
3069
3071
3073
3075
3076
3077
3082
3084
3086
3088
3092
3094
3097
3098
3100
3103
3104
3106
3108
3111
3113
3117
3119
3120
3122
3126
3127
3129
3130
3131
3133
3135
3138
3139
3140
3141
3145
3147
3152
3153
3158
3159
3161
3163
3164
3167
3169
3170
3171
3173
3174
3175
3176
3177
3179
3181
3182
3183
3184
3185
3188
3193
3194
3195
3197
3198
3199
3200
3201
3202
3203
3209
3211
3213
3215
3218
3222
3228
3229
3231
3232
3234
3236
3237
3240
3242
3245
3247
3248
3249
3254
3255
3256
3257
3258
3260
3261
3262
3263
3270
3274
3276
3281
3287
3288
3293
3297
3301
3303
3304
3307
3309
3312
3313
3314
3323
3325
3333
3334
3340
3341
3343
3345
3346
3348
3351
3353
3354
3355
3357
3360
3363
3365
3367
3368
3370
3371
3372
3375
3376
3377
3378
3379
3380
3381
3382
3385
3386
3387
3388
3392
3397
3399
3400
3401
3405
3406
3407
3408
3414
3416
3417
3422
3423
3425
3429
3434
3435
3438
3439
3443
3448
3452
3453
3456
3459
3460
3462
3464
3469
3471
3472
3473
3474
3475
3476
3477
3479
3481
3484
3485
3487
3488
3489
3490
3493
3494
3495
3496
3497
3498
3499
3500
3501
3502
3503
3504
3506
3507
3512
3514
3515
3517
3519
3522
3526
3527
3528
3535
3537
3539
3543
3544
3545
3546
3551
3552
3553
3554
3555
3559
3561
3562
3563
3564
3569
3571
3572
3573
3574
3575
3576
3577
3579
3584
3585
3594
3600
3602
3603
3606
3608
3609
3615
3617
3619
3620
3621
3624
3625
3627
3628
3634
3637
3638
3639
3640
3644
3646
3647
3648
3651
3652
3653
3657
3660
3661
3663
3666
3669
3670
3671
3672
3677
3679
3680
3681
3682
3683
3684
3687
3688
3690
3696
3701
3703
3705
3706
3707
3709
3710
3711
3712
3713
3716
3718
3719
3720
3725
3726
3727
3728
3733
3739
3741
3743
3747
3750
3755
3756
3758
3759
3761
3763
3764
3765
3766
3768
3769
3771
3772
3773
3775
3776
3779
3783
3785
3787
3789
3797
3798
3799
3801
3803
3804
3806
3809
3813
3816
3817
3818
3820
3822
3826
3827
3829
3831
3832
3833
3834
3836
3838
3840
3841
3843
3844
3845
3846
3847
3849
3850
3851
3853
3856
3858
3859
3861
3865
3866
3869
3870
3873
3874
3875
3876
3877
3878
3880
3882
3883
3884
3890
3891
3894
3900
3901
3902
3905
3906
3909
3914
3915
3920
3921
3923
3925
3932
3933
3934
3935
3938
3939
3941
3943
3944
3946
3947
3948
3950
3951
3952
3953
3954
3955
3958
3962
3963
3966
3972
3973
3974
3978
3981
3984
3985
3986
3987
3989
3991
3992
3993
3997
3998
4002
4003
4004
4005
4010
4013
4014
4016
4020
4021
4023
4025
4031
4032
4034
4035
4036
4037
4038
4041
4043
4044
4047
4050
4052
4053
4054
4056
4057
4058
4061
4062
4065
4066
4067
4068
4073
4074
4077
4079
4080
4081
4082
4083
4085
4086
4087
4090
4095
4098
4100
4102
4108
4111
4112
4113
4114
4115
4116
4117
4118
4119
4122
4123
4124
4125
4126
4127
4128
4131
4132
4133
4135
4136
4138
4139
4141
4142
4143
4145
4147
4148
4149
4150
4153
4155
4161
4162
4165
4166
4168
4169
4171
4173
4179
4181
4186
4188
4190
4192
4193
4194
4196
4197
4202
4203
4204
4205
4209
4210
4214
4215
4221
4224
4227
4228
4229
4230
4231
4233
4234
4235
4236
4237
4246
4249
4250
4251
4252
4254
4255
4258
4259
4260
4261
4264
4265
4266
4267
4268
4269
4271
4272
4273
4274
4276
4279
4280
4286
4287
4289
4291
4292
4293
4297
4298
4300
4303
4304
4307
4308
4311
4312
4318
4319
4320
4321
4322
4328
4329
4331
4332
4334
4335
4336
4337
4338
4339
4341
4342
4343
4346
4347
4348
4351
4357
4360
4362
4364
4366
4368
4370
4371
4374
4375
4376
4378
4379
4386
4387
4389
4391
4394
4395
4398
4399
4400
4401
4403
4404
4405
4406
4412
4413
4419
4420
4424
4425
4426
4427
4428
4434
0
3
7
12
21
24
25
28
46
51
62
63
74
78
79
83
90
93
94
95
99
100
103
105
111
112
115
116
120
123
126
127
131
136
146
150
151
153
160
164
165
167
168
174
180
181
183
193
197
199
201
207
209
213
216
222
225
230
236
237
239
256
266
275
280
281
282
284
288
292
307
313
321
324
325
327
329
331
334
337
343
350
356
363
374
375
382
387
389
395
397
400
403
404
409
417
419
421
423
424
428
430
433
437
439
447
448
449
451
460
462
466
469
492
495
497
504
508
515
523
525
537
544
550
560
571
573
577
586
591
592
594
595
604
605
606
608
612
613
614
617
622
623
624
625
626
627
630
637
640
645
647
650
656
659
660
662
664
669
671
673
681
691
694
695
696
697
698
699
705
707
709
714
729
730
732
734
736
738
739
741
742
747
749
753
754
755
756
761
765
770
771
777
780
787
790
797
798
802
804
807
808
816
821
824
827
830
833
834
837
844
845
848
851
853
857
858
860
869
870
885
894
901
902
903
907
908
911
919
920
922
928
931
941
945
947
950
952
956
959
967
968
973
975
1006
1011
1019
1020
1024
1028
1033
1034
1035
1040
1046
1053
1066
1071
1072
1090
1092
1102
1107
1111
1113
1121
1125
1130
1131
1133
1134
1149
1152
1153
1159
1162
1167
1169
1177
1178
1179
1181
1186
1194
1198
1201
1202
1204
1207
1208
1209
1214
1219
1221
1233
1241
1243
1247
1250
1253
1274
1286
1289
1291
1298
1305
1307
1308
1309
1320
1321
1331
1333
1337
1342
1344
1353
1360
1365
1369
1375
1383
1384
1389
1391
1392
1394
1398
1400
1401
1402
1404
1408
1409
1413
1415
1416
1425
1429
1433
1434
1437
1438
1439
1440
1442
1443
1447
1468
1469
1472
1479
1480
1481
1483
1488
1502
1508
1510
1517
1522
1524
1527
1531
1532
1534
1542
1545
1546
1551
1552
1557
1561
1562
1574
1576
1582
1584
1589
1600
1605
1607
1608
1609
1614
1616
1623
1629
1630
1634
1638
1640
1641
1645
1653
1659
1671
1672
1684
1685
1688
1690
1701
1705
1706
1707
1711
1720
1722
1727
1731
1734
1740
1741
1743
1745
1747
1755
1769
1777
1782
1792
1795
1796
1797
1799
1803
1805
1807
1810
1812
1814
1821
1823
1838
1842
1847
1849
1860
1862
1863
1868
1870
1871
1873
1874
1879
1882
1889
1890
1891
1896
1904
1908
1909
1910
1911
1913
1921
1924
1926
1932
1933
1937
1938
1941
1954
1956
1960
1963
1967
1971
1973
1975
1986
1987
1993
1996
2002
2003
2006
2007
2008
2021
2022
2023
2040
2042
2046
2051
2059
2068
2069
2080
2086
2098
2105
2107
2120
2121
2127
2129
2135
2136
2138
2145
2149
2150
2152
2153
2157
2163
2167
2173
2176
2177
2186
2187
2191
2195
2197
2199
2206
2214
2217
2220
2221
2222
2227
2228
2236
2237
2247
2251
2253
2256
2257
2261
2264
2269
2273
2274
2276
2282
2283
2286
2290
2292
2296
2298
2303
2304
2309
2311
2317
2322
2335
2336
2338
2341
2344
2349
2352
2353
2354
2364
2371
2375
2376
2380
2386
2387
2389
2391
2392
2393
2394
2397
2400
2405
2413
2414
2418
2419
2421
2428
2431
2435
2437
2440
2442
2444
2446
2451
2458
2461
2463
2467
2469
2477
2489
2492
2495
2496
2499
2502
2508
2511
2517
2520
2524
2532
2536
2538
2541
2544
2546
2547
2555
2557
2562
2571
2576
2579
2589
2593
2595
2598
2599
2603
2607
2608
2609
2610
2614
2633
2634
2636
2639
2646
2647
2649
2659
2660
2662
2665
2671
2676
2679
2681
2683
2684
2685
2687
2691
2710
2711
2712
2721
2723
2731
2732
2733
2738
2739
2742
2745
2748
2750
2757
2763
2766
2767
2775
2778
2786
2787
2789
2798
2799
2811
2813
2814
2820
2822
2827
2831
2832
2850
2852
2860
2863
2867
2870
2874
2881
2882
2893
2894
2897
2899
2903
2904
2908
2912
2915
2922
2924
2925
2927
2930
2934
2937
2952
2956
2957
2960
2963
2965
2974
2977
2982
2987
2989
2993
2995
2997
2999
3000
3017
3024
3026
3041
3046
3057
3060
3067
3070
3078
3085
3087
3089
3091
3096
3102
3105
3107
3109
3110
3114
3115
3116
3123
3125
3128
3132
3134
3136
3137
3142
3143
3146
3148
3150
3165
3168
3186
3187
3189
3190
3191
3192
3204
3205
3206
3207
3208
3216
3219
3221
3224
3226
3230
3239
3243
3244
3246
3252
3264
3268
3271
3272
3273
3277
3278
3279
3280
3282
3285
3286
3289
3290
3291
3292
3298
3299
3306
3308
3310
3315
3316
3317
3318
3324
3329
3330
3331
3335
3336
3337
3338
3344
3356
3359
3361
3362
3366
3383
3390
3393
3395
3396
3398
3404
3409
3412
3413
3418
3419
3420
3421
3426
3430
3432
3437
3441
3444
3445
3446
3450
3451
3454
3455
3458
3461
3463
3465
3466
3468
3486
3491
3505
3510
3511
3513
3516
3523
3525
3531
3533
3542
3547
3548
3557
3560
3568
3570
3580
3587
3588
3589
3590
3591
3593
3596
3597
3598
3604
3611
3612
3616
3622
3623
3631
3632
3636
3641
3642
3643
3645
3654
3665
3667
3668
3674
3675
3676
3678
3686
3692
3694
3695
3698
3702
3715
3717
3723
3724
3729
3730
3732
3734
3735
3740
3742
3745
3748
3749
3751
3752
3757
3760
3762
3774
3778
3780
3781
3786
3791
3792
3793
3800
3805
3808
3811
3815
3821
3828
3837
3852
3854
3860
3864
3867
3868
3879
3881
3885
3886
3888
3889
3892
3893
3895
3897
3898
3904
3907
3912
3917
3918
3924
3928
3929
3930
3936
3940
3942
3945
3949
3959
3961
3967
3968
3969
3979
3982
3988
3999
4009
4011
4012
4015
4017
4024
4029
4039
4040
4048
4049
4051
4059
4060
4064
4070
4071
4072
4075
4084
4088
4089
4093
4094
4096
4097
4099
4103
4104
4107
4121
4134
4137
4144
4156
4160
4163
4164
4170
4172
4176
4177
4178
4180
4182
4183
4184
4187
4189
4191
4195
4198
4199
4200
4201
4207
4208
4216
4217
4218
4219
4223
4225
4226
4232
4238
4239
4240
4242
4243
4244
4245
4247
4253
4262
4263
4275
4277
4278
4281
4284
4301
4302
4305
4306
4310
4315
4324
4325
4327
4333
4350
4352
4353
4354
4356
4358
4359
4361
4365
4367
4369
4373
4377
4381
4382
4383
4384
4390
4396
4397
4402
4407
4409
4415
4416
4422
4423
4432
4433
1
17
22
23
30
31
33
34
36
39
42
45
49
57
61
70
72
85
86
87
88
92
104
117
118
124
125
130
134
138
142
148
154
156
159
162
170
173
182
185
189
192
195
196
202
203
214
217
218
220
221
223
224
226
227
229
234
241
242
245
246
248
252
253
257
261
263
276
283
286
289
291
294
295
296
298
302
304
308
311
322
326
333
345
346
347
348
352
378
379
380
381
383
398
402
405
408
410
415
418
429
440
444
452
453
457
463
465
467
470
472
480
481
482
483
485
487
489
491
496
499
500
501
502
514
517
520
521
526
527
528
530
531
533
534
536
538
541
543
545
546
548
553
555
556
558
559
562
566
567
569
572
575
576
578
581
582
584
587
598
599
607
615
620
621
629
634
635
636
638
639
641
648
651
661
663
666
667
668
675
678
683
684
685
690
692
704
706
708
712
716
720
727
731
735
748
751
768
773
775
776
788
794
799
803
809
812
817
825
829
836
840
841
842
843
854
861
866
867
871
872
873
878
882
883
888
891
895
896
897
898
900
905
906
910
917
918
925
927
933
935
938
939
944
949
953
961
962
965
971
977
979
980
982
983
985
991
996
998
1001
1002
1005
1009
1012
1021
1022
1042
1043
1051
1056
1062
1065
1068
1069
1073
1077
1082
1084
1085
1091
1095
1098
1104
1109
1114
1115
1116
1118
1119
1120
1127
1141
1144
1148
1160
1161
1163
1170
1172
1176
1185
1190
1206
1220
1224
1232
1237
1239
1242
1246
1248
1259
1261
1262
1267
1271
1273
1275
1276
1277
1282
1287
1290
1300
1303
1319
1326
1327
1328
1330
1332
1334
1336
1343
1349
1351
1357
1362
1366
1367
1368
1376
1379
1380
1382
1385
1386
1387
1390
1399
1410
1412
1418
1419
1427
1428
1430
1431
1432
1441
1445
1450
1460
1461
1464
1470
1471
1473
1474
1475
1478
1482
1487
1489
1490
1493
1494
1495
1497
1501
1504
1505
1507
1513
1519
1525
1529
1530
1533
1535
1536
1540
1544
1547
1556
1559
1563
1564
1566
1569
1571
1580
1581
1583
1586
1601
1602
1615
1618
1621
1625
1632
1652
1657
1660
1662
1666
1667
1669
1670
1687
1691
1692
1699
1700
1702
1708
1712
1713
1715
1718
1721
1726
1732
1736
1738
1749
1750
1751
1752
1757
1759
1762
1768
1770
1772
1775
1783
1784
1789
1790
1793
1794
1800
1804
1811
1813
1815
1819
1824
1825
1828
1829
1830
1831
1835
1836
1837
1839
1850
1855
1856
1861
1865
1867
1869
1872
1875
1877
1886
1887
1888
1899
1900
1902
1914
1916
1928
1931
1936
1945
1948
1949
1951
1952
1955
1961
1969
1972
1974
1977
1979
1982
1989
1990
1992
1997
1999
2000
2012
2013
2019
2024
2025
2027
2031
2034
2038
2041
2044
2047
2048
2052
2060
2065
2066
2072
2075
2088
2094
2100
2101
2104
2112
2117
2118
2123
2125
2134
2137
2139
2142
2151
2161
2164
2169
2171
2174
2178
2180
2185
2193
2194
2196
2201
2203
2204
2211
2223
2226
2234
2240
2243
2250
2252
2258
2260
2270
2272
2277
2278
2281
2285
2287
2293
2299
2301
2307
2315
2318
2319
2323
2329
2332
2343
2345
2346
2350
2359
2361
2362
2368
2369
2370
2373
2378
2383
2385
2396
2404
2406
2415
2423
2427
2433
2434
2447
2448
2450
2452
2453
2457
2459
2460
2464
2470
2471
2475
2478
2480
2486
2487
2488
2494
2500
2507
2509
2513
2519
2523
2525
2526
2531
2534
2537
2540
2543
2549
2550
2556
2565
2569
2570
2573
2577
2580
2586
2588
2590
2594
2600
2601
2604
2605
2611
2613
2617
2620
2622
2623
2628
2635
2642
2644
2648
2653
2655
2657
2658
2661
2663
2670
2675
2689
2697
2699
2700
2701
2705
2719
2724
2730
2734
2736
2743
2744
2751
2752
2753
2755
2756
2759
2768
2770
2771
2774
2779
2781
2788
2790
2791
2794
2795
2797
2805
2806
2807
2808
2816
2817
2818
2824
2825
2833
2835
2837
2840
2847
2854
2855
2858
2861
2864
2872
2873
2875
2876
2878
2885
2890
2892
2896
2898
2902
2905
2907
2909
2913
2914
2916
2917
2918
2923
2928
2933
2938
2944
2947
2949
2951
2958
2962
2964
2967
2968
2969
2971
2972
2976
2978
2979
2983
2984
2985
2992
2994
3001
3003
3006
3015
3023
3038
3040
3048
3049
3050
3055
3061
3063
3065
3072
3074
3079
3080
3081
3083
3090
3093
3095
3099
3101
3112
3118
3121
3124
3144
3149
3151
3154
3155
3156
3157
3160
3162
3166
3172
3178
3180
3196
3210
3212
3214
3217
3220
3223
3225
3227
3233
3235
3238
3241
3250
3251
3253
3259
3265
3266
3267
3269
3275
3283
3284
3294
3295
3296
3300
3302
3305
3311
3319
3320
3321
3322
3326
3327
3328
3332
3339
3342
3347
3349
3350
3352
3358
3364
3369
3373
3374
3384
3389
3391
3394
3402
3403
3410
3411
3415
3424
3427
3428
3431
3433
3436
3440
3442
3447
3449
3457
3467
3470
3478
3480
3482
3483
3492
3508
3509
3518
3520
3521
3524
3529
3530
3532
3534
3536
3538
3540
3541
3549
3550
3556
3558
3565
3566
3567
3578
3581
3582
3583
3586
3592
3595
3599
3601
3605
3607
3610
3613
3614
3618
3626
3629
3630
3633
3635
3649
3650
3655
3656
3658
3659
3662
3664
3673
3685
3689
3691
3693
3697
3699
3700
3704
3708
3714
3721
3722
3731
3736
3737
3738
3744
3746
3753
3754
3767
3770
3777
3782
3784
3788
3790
3794
3795
3796
3802
3807
3810
3812
3814
3819
3823
3824
3825
3830
3835
3839
3842
3848
3855
3857
3862
3863
3871
3872
3887
3896
3899
3903
3908
3910
3911
3913
3916
3919
3922
3926
3927
3931
3937
3956
3957
3960
3964
3965
3970
3971
3975
3976
3977
3980
3983
3990
3994
3995
3996
4000
4001
4006
4007
4008
4018
4019
4022
4026
4027
4028
4030
4033
4042
4045
4046
4055
4063
4069
4076
4078
4091
4092
4101
4105
4106
4109
4110
4120
4129
4130
4140
4146
4151
4152
4154
4157
4158
4159
4167
4174
4175
4185
4206
4211
4212
4213
4220
4222
4241
4248
4256
4257
4270
4282
4283
4285
4288
4290
4294
4295
4296
4299
4309
4313
4314
4316
4317
4323
4326
4330
4340
4344
4345
4349
4355
4363
4372
4380
4385
4388
4392
4393
4408
4410
4411
4414
4417
4418
4421
4429
4430
4431
