2217
1109
1109
0
3
10
11
12
15
16
20
21
22
25
26
27
30
34
35
36
37
38
41
43
45
46
47
48
49
50
53
55
56
57
60
62
63
71
72
74
75
76
77
78
79
80
81
84
86
87
91
94
95
96
97
98
99
102
105
107
112
113
114
117
122
123
126
127
128
132
135
141
143
144
145
146
147
148
149
151
153
154
158
163
164
165
166
168
169
170
175
176
181
182
184
185
187
189
191
192
193
194
199
201
202
203
204
205
209
210
213
214
215
216
221
223
224
228
230
231
233
235
237
243
244
245
248
251
255
256
257
258
262
263
265
268
269
271
274
275
276
277
278
282
283
285
291
292
293
298
299
302
306
307
309
310
314
316
317
318
319
321
323
325
326
327
328
331
335
336
337
338
339
343
344
345
346
347
351
352
353
354
356
357
362
363
364
365
367
368
369
374
375
379
380
381
383
386
387
388
389
390
393
395
397
398
400
401
402
406
409
410
411
416
417
424
425
428
429
431
432
433
434
436
437
438
439
441
442
443
445
446
447
448
451
453
454
455
458
459
460
462
464
465
466
469
470
471
475
478
479
482
483
488
490
492
493
497
503
506
508
509
514
517
518
519
521
527
528
529
530
531
532
536
539
541
542
548
549
551
554
555
556
558
559
560
561
562
563
564
566
568
569
570
571
573
575
579
581
583
586
587
589
591
593
596
597
599
600
602
609
612
614
617
619
620
621
623
628
630
631
633
634
635
636
637
641
642
643
645
646
647
648
649
650
651
652
655
656
664
665
668
669
670
671
676
680
681
682
683
685
687
688
689
690
691
692
694
696
697
698
699
700
701
702
703
704
705
707
709
712
714
716
717
718
721
722
723
725
726
727
728
730
735
737
738
742
743
744
746
747
748
749
750
753
754
755
756
758
759
760
763
765
769
771
773
774
778
781
782
785
788
789
790
792
795
796
797
799
802
803
809
813
814
815
817
818
819
820
823
824
825
826
828
830
832
833
834
837
838
841
842
843
845
846
849
850
853
854
856
859
861
864
866
868
870
871
872
873
876
879
880
881
882
883
887
889
890
892
895
896
899
901
902
903
904
906
907
908
909
910
914
915
917
918
920
921
923
929
930
931
932
934
937
938
939
942
943
944
947
952
955
956
960
961
964
966
967
968
970
973
974
975
976
980
984
986
988
989
995
996
997
999
1002
1003
1007
1008
1010
1011
1012
1016
1018
1020
1021
1022
1023
1024
1027
1029
1030
1031
1036
1038
1040
1041
1042
1043
1045
1046
1047
1048
1053
1054
1056
1057
1058
1063
1065
1069
1071
1072
1073
1074
1075
1076
1082
1083
1084
1085
1088
1094
1096
1097
1099
1102
1103
1104
1106
1108
1111
1112
1113
1115
1117
1119
1120
1121
1123
1124
1125
1126
1129
1132
1133
1135
1138
1139
1141
1142
1144
1150
1151
1152
1154
1156
1157
1162
1163
1164
1165
1170
1172
1174
1175
1177
1178
1181
1182
1183
1186
1187
1189
1190
1191
1194
1195
1199
1200
1202
1203
1204
1206
1208
1209
1210
1214
1219
1224
1226
1227
1231
1232
1233
1234
1235
1237
1238
1242
1243
1245
1246
1247
1248
1252
1253
1255
1256
1258
1260
1262
1264
1265
1267
1268
1271
1274
1276
1278
1282
1283
1284
1285
1286
1287
1292
1293
1295
1296
1297
1298
1299
1301
1302
1304
1305
1309
1310
1311
1314
1315
1316
1317
1318
1321
1323
1325
1326
1327
1328
1329
1331
1333
1337
1338
1339
1340
1343
1344
1347
1348
1351
1352
1355
1357
1364
1369
1371
1372
1374
1375
1376
1378
1379
1380
1382
1388
1392
1394
1398
1399
1403
1404
1405
1406
1407
1409
1413
1414
1415
1416
1417
1418
1420
1425
1428
1430
1431
1433
1435
1441
1443
1444
1446
1447
1448
1449
1450
1451
1452
1454
1455
1456
1457
1461
1462
1464
1466
1467
1468
1469
1470
1473
1474
1475
1476
1478
1481
1482
1483
1486
1487
1489
1490
1491
1495
1497
1499
1507
1509
1510
1514
1515
1516
1517
1521
1523
1524
1525
1526
1527
1529
1530
1535
1538
1539
1542
1543
1544
1545
1547
1551
1554
1557
1560
1562
1563
1565
1567
1572
1573
1577
1582
1584
1585
1586
1589
1592
1596
1598
1599
1601
1602
1603
1604
1605
1607
1610
1613
1620
1622
1623
1628
1629
1630
1632
1635
1637
1638
1640
1643
1644
1645
1646
1650
1654
1658
1661
1662
1663
1664
1667
1673
1676
1680
1681
1682
1683
1684
1685
1686
1688
1689
1690
1693
1694
1695
1697
1698
1699
1700
1702
1703
1706
1707
1708
1710
1711
1712
1714
1717
1718
1720
1722
1725
1726
1730
1732
1733
1734
1740
1742
1743
1750
1751
1752
1753
1754
1755
1756
1758
1769
1772
1774
1776
1777
1778
1780
1785
1789
1791
1794
1796
1800
1801
1802
1804
1806
1807
1808
1809
1811
1812
1814
1816
1818
1823
1825
1827
1829
1830
1832
1834
1837
1843
1844
1848
1849
1851
1853
1854
1857
1858
1860
1865
1866
1867
1869
1870
1871
1874
1878
1879
1881
1882
1884
1885
1886
1887
1888
1890
1891
1892
1894
1899
1900
1901
1902
1904
1907
1909
1913
1914
1915
1917
1918
1922
1924
1929
1931
1933
1934
1935
1937
1939
1941
1943
1947
1948
1949
1951
1952
1954
1955
1957
1959
1960
1964
1965
1968
1970
1972
1973
1974
1977
1980
1988
1990
1992
1993
1994
1998
2001
2002
2003
2004
2005
2006
2009
2010
2011
2013
2014
2015
2018
2019
2024
2025
2026
2029
2030
2031
2032
2035
2037
2039
2043
2045
2049
2051
2052
2053
2054
2055
2056
2057
2060
2061
2062
2064
2065
2066
2067
2069
2074
2075
2077
2079
2080
2083
2086
2087
2088
2094
2096
2097
2098
2099
2100
2102
2110
2114
2116
2118
2119
2120
2121
2122
2123
2124
2125
2127
2128
2129
2130
2132
2135
2137
2140
2141
2145
2148
2149
2150
2151
2153
2154
2155
2156
2157
2158
2159
2160
2162
2164
2166
2167
2169
2172
2174
2178
2180
2183
2184
2185
2187
2190
2192
2196
2197
2198
2200
2203
2204
2205
2207
2208
2209
2210
2212
2219
2223
2224
2229
2230
2231
2232
2233
2236
2237
2238
2239
2240
2241
2245
2248
2249
2252
2253
2255
2258
2260
2262
2263
2264
2265
2266
2268
2269
2270
2273
2274
2275
2278
2279
2285
2288
2289
2294
2295
2296
2301
2302
2303
2304
2305
2307
2314
2315
2316
2318
2325
2328
2331
2333
2335
2337
2339
2340
2341
2342
2343
2345
2347
2349
2350
2352
2354
2355
2356
2361
2362
2364
2366
2372
2377
2378
2379
2381
2382
2383
2384
2386
2389
2399
2402
2404
2407
2409
2410
2411
2413
2415
2416
2417
2421
2423
2425
2426
2427
2429
2431
2438
2439
2440
2442
2443
2448
2449
2451
2455
2458
2459
2462
2464
2471
2472
2475
2477
2478
2480
2482
2483
2484
2485
2486
2488
2489
2491
2492
2494
2496
2498
2499
2501
2503
2505
2506
2507
2508
2511
2514
2518
2520
2523
2525
2526
2528
2529
2531
2533
2534
2539
2540
2541
2542
2544
2547
2550
2551
2552
2556
2558
2562
2564
2565
2568
2572
2573
2574
2575
2576
2579
2582
2586
2587
2592
2593
2596
2600
2603
2611
2616
2618
2624
2625
2626
2627
2630
2631
2632
2636
2639
2641
2643
2645
2647
2649
2650
2652
2653
2654
2655
2657
2660
2662
2664
2666
2671
2672
2674
2676
2678
2679
2681
2684
2687
2691
2693
2694
2695
2697
2698
2699
2701
2702
2703
2705
2708
2716
2718
2720
2725
2726
2727
2729
2730
2732
2736
2737
2741
2742
2746
2748
2758
2760
2762
2765
2767
2768
2769
2770
2774
2780
2781
2782
2783
2784
2786
2791
2795
2796
2798
2799
2800
2801
2803
2804
2807
2808
2809
2811
2814
2815
2817
2820
2821
2823
2824
2825
2827
2831
2833
2834
2839
2840
2842
2843
2844
2845
2846
2847
2848
2849
2850
2856
2857
2858
2859
2861
2862
2864
2871
2872
2873
2876
2877
2878
2879
2880
2884
2886
2888
2889
2890
2892
2894
2895
2896
2897
2900
2901
2902
2906
2907
2911
2920
2922
2924
2925
2928
2929
2934
2939
2941
2942
2943
2944
2946
2948
2949
2952
2953
2954
2957
2958
2959
2960
2962
2963
2965
2966
2972
2973
2976
2979
2982
2983
2985
2986
2988
2990
2991
2993
2994
3000
3001
3002
3005
3006
3009
3010
3013
3015
3016
3018
3021
3025
3027
3028
3030
3033
3034
3036
3037
3038
3040
3041
3042
3044
3046
3047
3048
3051
3053
3054
3057
3061
3062
3063
3065
3066
3067
3068
3070
3071
3077
3079
3080
3083
3084
3085
3088
3091
3093
3094
3100
3102
3103
3109
3111
3114
3117
3118
3119
3121
3122
3123
3125
3127
3129
3131
3137
3141
3142
3143
3144
3146
3147
3148
3149
3150
3151
3152
3153
3157
3158
3159
3161
3163
3167
3169
3170
3172
3173
3175
3177
3180
3182
3183
3186
3188
3189
3190
3191
3192
3194
3195
3196
3198
3199
3201
3204
3206
3207
3209
3210
3211
3212
3213
3215
3216
3217
3218
3220
3221
3223
3225
3227
3229
3230
3231
3232
3233
3234
3235
3237
3238
3239
3240
3245
3250
3251
3256
3257
3258
3260
3264
3267
3268
3272
3273
3274
3275
3279
3280
3283
3285
3286
3288
3290
3291
3292
3293
3298
3300
3302
3305
3306
3307
3308
3309
3310
3313
3314
3315
3316
3317
3320
3321
3322
3323
3325
3328
3329
3333
3335
3337
3338
3345
3347
3348
3349
3355
3356
3358
3359
3360
3363
3364
3365
3366
3368
3370
3371
3372
3374
3376
3377
3378
3380
3381
3382
3385
3387
3389
3391
3392
3395
3402
3405
3406
3409
3410
3413
3417
3419
3421
3423
3424
3425
3427
3430
3431
3432
3434
3438
3441
3446
3450
3451
3452
3453
3458
3460
3461
3462
3463
3464
3471
3473
3481
3482
3484
3485
3486
3487
3488
3489
3492
3494
3497
3500
3503
3506
3508
3509
3510
3511
3512
3514
3516
3517
3519
3520
3523
3524
3527
3530
3533
3534
3535
3536
3537
3538
3540
3541
3543
3545
3550
3551
3554
3557
3561
3563
3564
3566
3567
3568
3569
3574
3575
3577
3578
3579
3584
3591
3593
3595
3596
3598
3600
3601
3602
3603
3604
3606
3607
3608
3611
3613
3614
3617
3618
3619
3620
3621
3624
3629
3632
3634
3636
3637
3642
3643
3644
3645
3646
3648
3649
3650
3651
3659
3660
3662
3664
3665
3666
3668
3669
3673
3674
3675
3677
3680
3683
3684
3685
3687
3688
3690
3691
3692
3694
3697
3700
3701
3702
3705
3708
3709
3716
3718
3729
3730
3734
3735
3736
3740
3744
3746
3749
3751
3753
3754
3755
3757
3760
3761
3762
3763
3765
3768
3770
3773
3774
3775
3777
3779
3780
3781
3786
3788
3789
3790
3792
3794
3795
3797
3799
3800
3802
3806
3809
3813
3814
3816
3818
3819
3820
3821
3823
3825
3826
3829
3830
3831
3832
3833
3836
3842
3843
3845
3847
3851
3853
3855
3856
3857
3859
3862
3863
3865
3866
3869
3873
3876
3877
3881
3882
3887
3889
3892
3893
3894
3895
3897
3898
3901
3902
3904
3906
3907
3908
3909
3911
3912
3913
3914
3915
3916
3918
3919
3920
3921
3922
3924
3925
3926
3929
3930
3932
3935
3937
3938
3940
3941
3944
3948
3950
3951
3952
3953
3956
3958
3959
3960
3961
3962
3964
3967
3969
3971
3972
3977
3979
3980
3982
3984
3985
3987
3988
3989
3991
3992
3997
4001
4005
4006
4007
4009
4010
4013
4016
4018
4023
4025
4026
4032
4034
4041
4043
4045
4046
4048
4050
4051
4052
4053
4055
4057
4059
4061
4062
4064
4065
4067
4068
4069
4070
4071
4073
4075
4076
4078
4080
4085
4089
4092
4096
4097
4098
4099
4100
4104
4105
4106
4109
4111
4116
4118
4119
4121
4124
4125
4126
4128
4130
4131
4135
4137
4138
4139
4141
4142
4145
4148
4151
4153
4154
4155
4156
4158
4160
4165
4166
4167
4171
4172
4173
4175
4178
4183
4184
4191
4196
4197
4199
4200
4201
4202
4203
4206
4207
4212
4214
4215
4216
4227
4228
4229
4230
4231
4232
4233
4236
4238
4240
4249
4253
4255
4258
4259
4267
4269
4270
4271
4272
4273
4274
4275
4278
4279
4288
4289
4290
4293
4295
4296
4297
4299
4300
4301
4304
4305
4306
4307
4308
4312
4314
4319
4320
4321
4322
4326
4337
4338
4339
4340
4341
4343
4344
4345
4346
4347
4350
4351
4352
4355
4359
4360
4362
4364
4365
4366
4367
4368
4369
4370
4371
4372
4374
4379
4382
4385
4387
4388
4391
4393
4394
4395
4396
4397
4398
4399
4401
4406
4407
4408
4409
4412
4414
4415
4418
4420
4422
4426
4427
4428
4430
4431
7
13
14
17
18
24
28
33
39
42
51
54
58
59
61
65
66
67
68
73
83
85
88
89
92
93
101
103
104
106
108
109
116
119
124
129
131
133
138
139
142
150
155
157
159
160
162
167
171
173
179
183
188
196
197
198
200
206
211
212
217
218
219
222
225
229
232
236
238
240
241
242
246
249
250
252
253
259
260
261
266
267
272
273
287
289
294
295
296
300
303
304
305
311
312
313
320
322
324
334
350
358
359
366
370
373
376
377
378
382
385
396
399
403
404
405
415
418
419
421
423
426
427
430
452
456
461
463
467
474
476
480
481
484
485
489
491
495
496
499
500
501
502
505
507
512
520
522
523
525
526
533
538
540
544
552
553
557
567
576
577
578
582
585
594
595
603
605
606
607
608
610
613
618
624
626
632
638
639
640
644
654
657
658
660
662
663
666
672
674
677
678
684
686
695
706
708
710
711
720
732
733
736
751
752
757
768
770
775
776
777
779
783
786
794
801
806
807
808
811
822
835
839
840
847
848
852
857
860
862
863
865
869
874
877
884
885
891
894
897
900
905
911
913
916
922
928
933
936
940
946
948
949
953
958
972
977
978
979
982
990
991
993
1000
1001
1004
1009
1013
1014
1017
1025
1034
1035
1037
1039
1055
1060
1062
1064
1077
1078
1080
1086
1087
1089
1090
1091
1093
1100
1101
1105
1107
1110
1122
1128
1130
1134
1136
1140
1143
1145
1146
1149
1153
1158
1159
1160
1166
1167
1168
1179
1180
1184
1205
1211
1213
1216
1217
1220
1221
1222
1236
1239
1241
1244
1251
1254
1261
1263
1266
1270
1272
1273
1279
1280
1281
1288
1289
1290
1291
1300
1306
1308
1313
1320
1322
1324
1330
1334
1336
1350
1353
1358
1362
1363
1365
1366
1368
1370
1377
1381
1384
1385
1387
1389
1393
1400
1402
1408
1410
1412
1421
1422
1423
1426
1429
1434
1437
1438
1439
1445
1458
1460
1465
1471
1472
1477
1479
1480
1492
1493
1494
1500
1501
1502
1504
1511
1513
1518
1519
1522
1528
1533
1536
1540
1548
1549
1552
1558
1559
1569
1571
1574
1576
1578
1579
1580
1581
1583
1588
1590
1594
1595
1600
1606
1608
1614
1616
1619
1621
1625
1627
1631
1633
1636
1639
1642
1648
1649
1655
1656
1657
1660
1668
1669
1670
1675
1691
1692
1704
1705
1713
1716
1721
1724
1727
1728
1735
1736
1739
1744
1745
1747
1748
1749
1757
1759
1760
1762
1768
1775
1782
1784
1786
1787
1795
1798
1805
1810
1813
1815
1822
1826
1828
1831
1833
1835
1836
1838
1840
1845
1846
1850
1855
1856
1861
1862
1864
1872
1873
1876
1877
1883
1895
1897
1903
1906
1910
1911
1912
1916
1925
1926
1927
1928
1930
1932
1936
1938
1942
1950
1956
1958
1966
1967
1971
1975
1978
1979
1981
1984
1985
1991
1995
1999
2000
2007
2008
2016
2021
2022
2041
2042
2046
2047
2058
2063
2071
2072
2084
2085
2090
2091
2092
2101
2104
2107
2111
2112
2131
2134
2136
2138
2146
2147
2152
2163
2165
2170
2173
2175
2176
2177
2181
2186
2188
2191
2193
2195
2201
2202
2211
2218
2220
2221
2226
2228
2242
2243
2246
2257
2259
2261
2277
2282
2283
2290
2292
2293
2299
2300
2309
2310
2311
2312
2317
2321
2323
2330
2332
2344
2353
2357
2358
2359
2360
2363
2365
2373
2380
2387
2390
2391
2392
2394
2397
2401
2403
2405
2408
2418
2419
2422
2433
2434
2436
2441
2446
2450
2452
2454
2465
2466
2467
2468
2470
2473
2476
2479
2490
2493
2495
2500
2504
2512
2513
2515
2516
2517
2521
2532
2535
2536
2537
2538
2545
2546
2548
2554
2559
2560
2561
2570
2577
2585
2590
2591
2597
2598
2599
2601
2606
2607
2608
2610
2612
2613
2622
2628
2634
2640
2642
2646
2648
2651
2658
2665
2668
2669
2677
2680
2682
2683
2686
2688
2689
2690
2692
2696
2707
2709
2711
2712
2713
2719
2722
2724
2728
2735
2743
2744
2745
2747
2749
2750
2751
2756
2761
2763
2772
2773
2776
2787
2790
2792
2793
2802
2806
2810
2812
2818
2819
2828
2832
2835
2841
2852
2853
2854
2867
2870
2874
2882
2883
2885
2887
2891
2893
2899
2904
2905
2909
2913
2915
2916
2917
2918
2923
2927
2930
2931
2932
2935
2937
2938
2940
2945
2951
2956
2961
2964
2967
2970
2974
2977
2981
2987
2995
2998
3003
3007
3014
3017
3019
3020
3024
3026
3031
3032
3035
3045
3049
3052
3055
3059
3064
3072
3074
3081
3082
3089
3090
3092
3097
3098
3099
3105
3106
3112
3115
3116
3124
3130
3134
3138
3139
3156
3162
3164
3168
3174
3179
3193
3197
3208
3214
3219
3236
3242
3243
3247
3249
3252
3255
3259
3262
3263
3269
3276
3277
3278
3281
3282
3289
3296
3297
3301
3311
3312
3318
3324
3327
3331
3334
3340
3343
3350
3352
3353
3354
3361
3362
3367
3369
3373
3375
3386
3388
3393
3399
3403
3404
3408
3418
3428
3429
3435
3436
3440
3442
3455
3465
3474
3476
3480
3483
3491
3496
3502
3507
3522
3525
3526
3542
3546
3548
3549
3552
3556
3565
3571
3572
3573
3576
3583
3585
3586
3589
3597
3609
3610
3612
3615
3623
3625
3626
3628
3647
3655
3657
3661
3667
3671
3676
3693
3699
3703
3704
3707
3710
3713
3715
3717
3722
3724
3732
3737
3748
3750
3752
3756
3764
3766
3767
3771
3776
3778
3783
3793
3801
3803
3805
3811
3812
3815
3827
3828
3834
3838
3839
3840
3841
3846
3850
3854
3864
3868
3870
3872
3874
3878
3884
3888
3890
3896
3900
3903
3927
3928
3933
3939
3943
3946
3949
3954
3955
3983
3993
3995
3998
3999
4000
4002
4003
4012
4014
4015
4017
4019
4020
4022
4033
4035
4038
4040
4049
4054
4056
4060
4063
4066
4077
4079
4081
4084
4086
4087
4091
4094
4095
4103
4108
4112
4113
4129
4136
4144
4146
4147
4149
4152
4157
4163
4164
4174
4179
4181
4188
4189
4190
4192
4193
4194
4209
4213
4217
4219
4220
4225
4226
4234
4239
4242
4245
4246
4250
4251
4254
4256
4264
4265
4281
4282
4285
4286
4287
4291
4292
4298
4302
4313
4316
4317
4324
4325
4327
4334
4335
4342
4353
4354
4357
4358
4361
4363
4375
4380
4383
4384
4386
4389
4392
4400
4405
4411
4419
4421
4423
4425
1
2
4
5
6
8
9
19
23
29
31
32
40
44
52
64
69
70
82
90
100
110
111
115
118
120
121
125
130
134
136
137
140
152
156
161
172
174
177
178
180
186
190
195
207
208
220
226
227
234
239
247
254
264
270
279
280
281
284
286
288
290
297
301
308
315
329
330
332
333
340
341
342
348
349
355
360
361
371
372
384
391
392
394
407
408
412
413
414
420
422
435
440
444
449
450
457
468
472
473
477
486
487
494
498
504
510
511
513
515
516
524
534
535
537
543
545
546
547
550
565
572
574
580
584
588
590
592
598
601
604
611
615
616
622
625
627
629
653
659
661
667
673
675
679
693
713
715
719
724
729
731
734
739
740
741
745
761
762
764
766
767
772
780
784
787
791
793
798
800
804
805
810
812
816
821
827
829
831
836
844
851
855
858
867
875
878
886
888
893
898
912
919
924
925
926
927
935
941
945
950
951
954
957
959
962
963
965
969
971
981
983
985
987
992
994
998
1005
1006
1015
1019
1026
1028
1032
1033
1044
1049
1050
1051
1052
1059
1061
1066
1067
1068
1070
1079
1081
1092
1095
1098
1109
1114
1116
1118
1127
1131
1137
1147
1148
1155
1161
1169
1171
1173
1176
1185
1188
1192
1193
1196
1197
1198
1201
1207
1212
1215
1218
1223
1225
1228
1229
1230
1240
1249
1250
1257
1259
1269
1275
1277
1294
1303
1307
1312
1319
1332
1335
1341
1342
1345
1346
1349
1354
1356
1359
1360
1361
1367
1373
1383
1386
1390
1391
1395
1396
1397
1401
1411
1419
1424
1427
1432
1436
1440
1442
1453
1459
1463
1484
1485
1488
1496
1498
1503
1505
1506
1508
1512
1520
1531
1532
1534
1537
1541
1546
1550
1553
1555
1556
1561
1564
1566
1568
1570
1575
1587
1591
1593
1597
1609
1611
1612
1615
1617
1618
1624
1626
1634
1641
1647
1651
1652
1653
1659
1665
1666
1671
1672
1674
1677
1678
1679
1687
1696
1701
1709
1715
1719
1723
1729
1731
1737
1738
1741
1746
1761
1763
1764
1765
1766
1767
1770
1771
1773
1779
1781
1783
1788
1790
1792
1793
1797
1799
1803
1817
1819
1820
1821
1824
1839
1841
1842
1847
1852
1859
1863
1868
1875
1880
1889
1893
1896
1898
1905
1908
1919
1920
1921
1923
1940
1944
1945
1946
1953
1961
1962
1963
1969
1976
1982
1983
1986
1987
1989
1996
1997
2012
2017
2020
2023
2027
2028
2033
2034
2036
2038
2040
2044
2048
2050
2059
2068
2070
2073
2076
2078
2081
2082
2089
2093
2095
2103
2105
2106
2108
2109
2113
2115
2117
2126
2133
2139
2142
2143
2144
2161
2168
2171
2179
2182
2189
2194
2199
2206
2213
2214
2215
2216
2217
2222
2225
2227
2234
2235
2244
2247
2250
2251
2254
2256
2267
2271
2272
2276
2280
2281
2284
2286
2287
2291
2297
2298
2306
2308
2313
2319
2320
2322
2324
2326
2327
2329
2334
2336
2338
2346
2348
2351
2367
2368
2369
2370
2371
2374
2375
2376
2385
2388
2393
2395
2396
2398
2400
2406
2412
2414
2420
2424
2428
2430
2432
2435
2437
2444
2445
2447
2453
2456
2457
2460
2461
2463
2469
2474
2481
2487
2497
2502
2509
2510
2519
2522
2524
2527
2530
2543
2549
2553
2555
2557
2563
2566
2567
2569
2571
2578
2580
2581
2583
2584
2588
2589
2594
2595
2602
2604
2605
2609
2614
2615
2617
2619
2620
2621
2623
2629
2633
2635
2637
2638
2644
2656
2659
2661
2663
2667
2670
2673
2675
2685
2700
2704
2706
2710
2714
2715
2717
2721
2723
2731
2733
2734
2738
2739
2740
2752
2753
2754
2755
2757
2759
2764
2766
2771
2775
2777
2778
2779
2785
2788
2789
2794
2797
2805
2813
2816
2822
2826
2829
2830
2836
2837
2838
2851
2855
2860
2863
2865
2866
2868
2869
2875
2881
2898
2903
2908
2910
2912
2914
2919
2921
2926
2933
2936
2947
2950
2955
2968
2969
2971
2975
2978
2980
2984
2989
2992
2996
2997
2999
3004
3008
3011
3012
3022
3023
3029
3039
3043
3050
3056
3058
3060
3069
3073
3075
3076
3078
3086
3087
3095
3096
3101
3104
3107
3108
3110
3113
3120
3126
3128
3132
3133
3135
3136
3140
3145
3154
3155
3160
3165
3166
3171
3176
3178
3181
3184
3185
3187
3200
3202
3203
3205
3222
3224
3226
3228
3241
3244
3246
3248
3253
3254
3261
3265
3266
3270
3271
3284
3287
3294
3295
3299
3303
3304
3319
3326
3330
3332
3336
3339
3341
3342
3344
3346
3351
3357
3379
3383
3384
3390
3394
3396
3397
3398
3400
3401
3407
3411
3412
3414
3415
3416
3420
3422
3426
3433
3437
3439
3443
3444
3445
3447
3448
3449
3454
3456
3457
3459
3466
3467
3468
3469
3470
3472
3475
3477
3478
3479
3490
3493
3495
3498
3499
3501
3504
3505
3513
3515
3518
3521
3528
3529
3531
3532
3539
3544
3547
3553
3555
3558
3559
3560
3562
3570
3580
3581
3582
3587
3588
3590
3592
3594
3599
3605
3616
3622
3627
3630
3631
3633
3635
3638
3639
3640
3641
3652
3653
3654
3656
3658
3663
3670
3672
3678
3679
3681
3682
3686
3689
3695
3696
3698
3706
3711
3712
3714
3719
3720
3721
3723
3725
3726
3727
3728
3731
3733
3738
3739
3741
3742
3743
3745
3747
3758
3759
3769
3772
3782
3784
3785
3787
3791
3796
3798
3804
3807
3808
3810
3817
3822
3824
3835
3837
3844
3848
3849
3852
3858
3860
3861
3867
3871
3875
3879
3880
3883
3885
3886
3891
3899
3905
3910
3917
3923
3931
3934
3936
3942
3945
3947
3957
3963
3965
3966
3968
3970
3973
3974
3975
3976
3978
3981
3986
3990
3994
3996
4004
4008
4011
4021
4024
4027
4028
4029
4030
4031
4036
4037
4039
4042
4044
4047
4058
4072
4074
4082
4083
4088
4090
4093
4101
4102
4107
4110
4114
4115
4117
4120
4122
4123
4127
4132
4133
4134
4140
4143
4150
4159
4161
4162
4168
4169
4170
4176
4177
4180
4182
4185
4186
4187
4195
4198
4204
4205
4208
4210
4211
4218
4221
4222
4223
4224
4235
4237
4241
4243
4244
4247
4248
4252
4257
4260
4261
4262
4263
4266
4268
4276
4277
4280
4283
4284
4294
4303
4309
4310
4311
4315
4318
4323
4328
4329
4330
4331
4332
4333
4336
4348
4349
4356
4373
4376
4377
4378
4381
4390
4402
4403
4404
4410
4413
4416
4417
4424
4429
4432
4433
4434
