2217
1109
1109
0
4
5
7
9
10
11
14
15
19
20
21
22
23
27
28
30
34
35
38
42
43
44
48
49
52
53
54
55
57
59
62
63
67
69
70
71
72
74
76
77
78
80
82
83
84
85
86
88
89
90
91
92
95
96
101
104
105
106
108
109
110
112
113
116
117
118
119
123
125
126
127
129
130
132
136
137
141
145
146
148
149
151
152
153
154
155
157
158
159
160
162
163
165
166
168
169
174
175
177
178
179
181
182
185
186
187
188
192
193
194
199
202
203
205
206
208
209
210
212
214
215
218
219
222
226
229
234
235
238
240
241
245
247
252
253
254
255
256
258
259
260
262
263
265
266
268
270
271
274
275
276
278
279
280
283
284
285
287
291
299
300
301
309
310
311
313
315
317
318
319
320
325
326
327
328
334
339
340
341
344
345
346
348
349
350
351
352
353
354
355
358
359
360
361
362
365
366
368
372
373
376
378
379
382
384
387
388
389
392
393
395
396
399
400
405
406
408
411
412
413
417
418
420
422
424
425
428
431
432
434
437
439
442
443
444
453
454
456
458
460
462
463
466
467
471
472
473
474
475
477
479
480
481
484
486
490
491
493
496
498
499
500
502
503
507
508
509
512
517
518
520
521
522
526
529
535
538
539
543
545
546
547
548
550
552
554
556
559
560
561
563
564
566
567
569
571
572
573
578
580
583
584
593
594
595
599
600
601
602
603
606
607
608
609
613
616
617
618
622
623
624
626
627
628
631
632
633
634
637
638
644
645
647
648
649
651
654
655
656
659
660
661
662
663
665
666
667
671
673
675
676
679
681
682
683
685
687
688
689
690
693
695
696
697
698
699
700
701
702
704
710
711
714
715
717
718
719
720
722
723
724
725
727
728
729
731
732
733
734
736
741
742
744
746
748
749
750
751
755
756
759
762
765
766
767
769
771
773
774
776
777
778
780
782
783
786
789
792
794
799
800
801
803
806
808
811
813
814
816
817
818
821
823
824
825
829
830
832
833
834
837
840
844
846
847
848
849
852
856
859
860
861
865
868
873
877
878
879
881
883
884
885
887
888
889
890
894
896
902
903
905
906
907
914
915
916
917
921
922
925
926
928
930
931
932
936
937
943
946
947
948
950
951
953
957
958
959
961
962
963
965
967
971
972
973
974
975
976
977
978
982
983
984
987
991
992
996
1001
1003
1006
1009
1011
1015
1016
1018
1020
1021
1030
1031
1032
1034
1036
1038
1039
1040
1041
1044
1045
1046
1047
1049
1051
1052
1053
1056
1057
1060
1061
1062
1064
1065
1066
1068
1069
1071
1072
1073
1074
1077
1080
1081
1085
1086
1088
1089
1091
1092
1093
1094
1095
1096
1101
1103
1108
1113
1114
1115
1116
1118
1119
1120
1122
1125
1126
1128
1130
1131
1133
1135
1136
1141
1142
1144
1146
1147
1148
1155
1160
1162
1165
1170
1172
1174
1176
1177
1178
1180
1181
1184
1185
1187
1189
1191
1192
1193
1194
1196
1200
1201
1202
1204
1206
1207
1209
1210
1212
1213
1214
1216
1217
1221
1223
1225
1228
1230
1231
1232
1233
1238
1239
1240
1241
1242
1248
1250
1251
1253
1255
1257
1259
1261
1266
1267
1268
1269
1270
1271
1272
1273
1274
1275
1277
1278
1279
1281
1282
1286
1290
1291
1292
1293
1295
1296
1297
1298
1304
1305
1306
1307
1310
1314
1317
1320
1321
1323
1324
1328
1330
1331
1334
1335
1336
1338
1340
1341
1347
1348
1349
1352
1355
1356
1358
1359
1363
1367
1369
1373
1374
1377
1378
1380
1383
1385
1386
1390
1391
1393
1394
1395
1396
1397
1401
1402
1405
1406
1407
1409
1410
1411
1414
1415
1421
1424
1426
1427
1429
1430
1433
1436
1439
1443
1444
1446
1448
1450
1451
1458
1462
1463
1465
1468
1469
1477
1479
1480
1482
1483
1486
1490
1491
1492
1493
1495
1498
1499
1500
1502
1504
1506
1509
1511
1512
1514
1515
1516
1518
1521
1522
1525
1527
1528
1529
1531
1532
1533
1537
1538
1539
1541
1544
1548
1549
1550
1553
1554
1556
1557
1558
1560
1561
1562
1564
1565
1568
1570
1574
1577
1578
1580
1581
1582
1584
1585
1588
1589
1592
1593
1597
1600
1603
1605
1606
1609
1612
1613
1615
1619
1620
1622
1623
1624
1625
1626
1628
1631
1635
1641
1644
1647
1648
1649
1651
1655
1656
1658
1662
1665
1667
1668
1671
1673
1675
1677
1680
1681
1682
1683
1684
1685
1687
1688
1690
1694
1696
1698
1701
1702
1704
1705
1706
1707
1710
1713
1718
1720
1724
1725
1726
1728
1730
1733
1734
1735
1737
1738
1742
1743
1745
1747
1748
1749
1750
1751
1753
1754
1755
1756
1759
1761
1762
1764
1765
1767
1768
1770
1772
1774
1775
1776
1779
1781
1783
1785
1787
1788
1792
1793
1794
1796
1799
1801
1802
1805
1806
1809
1811
1812
1814
1816
1817
1818
1819
1821
1822
1824
1828
1833
1835
1838
1839
1844
1845
1852
1853
1857
1858
1861
1862
1864
1866
1869
1871
1875
1876
1878
1880
1882
1886
1888
1892
1893
1894
1895
1896
1897
1899
1901
1903
1904
1906
1907
1910
1912
1914
1921
1922
1926
1927
1928
1930
1932
1934
1937
1940
1942
1947
1948
1952
1955
1956
1961
1962
1963
1965
1966
1967
1969
1971
1973
1975
1978
1979
1982
1983
1986
1988
1989
1990
1991
1995
1999
2000
2001
2004
2006
2007
2008
2009
2012
2013
2014
2015
2018
2019
2021
2024
2026
2027
2031
2032
2038
2039
2040
2042
2043
2044
2046
2048
2050
2052
2056
2059
2070
2072
2073
2074
2077
2079
2080
2081
2083
2084
2085
2090
2092
2093
2094
2096
2097
2099
2100
2102
2103
2107
2108
2109
2110
2111
2113
2116
2117
2123
2124
2125
2126
2127
2130
2131
2136
2137
2147
2148
2149
2150
2154
2155
2156
2158
2159
2161
2162
2163
2164
2168
2169
2171
2173
2180
2181
2182
2186
2189
2192
2196
2203
2204
2205
2207
2213
2215
2216
2218
2220
2223
2226
2227
2228
2230
2232
2235
2237
2238
2241
2243
2244
2249
2250
2251
2257
2260
2262
2263
2264
2265
2266
2269
2270
2271
2272
2274
2279
2280
2281
2282
2283
2284
2285
2289
2292
2294
2295
2296
2297
2302
2303
2309
2311
2312
2314
2319
2320
2322
2323
2326
2328
2329
2331
2334
2336
2337
2338
2341
2342
2347
2349
2350
2352
2353
2354
2355
2356
2358
2360
2361
2362
2365
2367
2368
2369
2374
2376
2379
2380
2381
2383
2384
2385
2387
2388
2389
2391
2394
2395
2402
2404
2405
2406
2407
2408
2410
2413
2414
2416
2419
2423
2427
2428
2429
2432
2433
2440
2441
2442
2443
2446
2447
2451
2452
2456
2458
2459
2461
2463
2466
2468
2471
2472
2473
2474
2475
2480
2484
2485
2486
2488
2490
2494
2495
2496
2500
2501
2502
2504
2505
2507
2509
2510
2511
2513
2514
2515
2516
2517
2520
2522
2523
2524
2525
2530
2531
2532
2533
2534
2535
2540
2542
2547
2548
2549
2552
2557
2563
2565
2566
2567
2568
2569
2570
2572
2573
2574
2575
2576
2578
2580
2581
2582
2583
2584
2585
2588
2589
2590
2591
2592
2594
2597
2599
2600
2603
2604
2605
2608
2610
2613
2614
2616
2619
2621
2622
2624
2626
2627
2628
2630
2633
2634
2639
2642
2643
2645
2646
2647
2648
2649
2650
2652
2653
2654
2656
2658
2661
2662
2663
2666
2672
2674
2675
2679
2680
2682
2683
2686
2689
2692
2693
2694
2695
2697
2699
2700
2702
2703
2704
2705
2706
2707
2708
2709
2718
2719
2721
2722
2723
2724
2725
2727
2728
2730
2734
2738
2739
2742
2748
2749
2750
2751
2753
2755
2756
2759
2760
2762
2764
2766
2767
2770
2771
2772
2773
2774
2776
2777
2778
2779
2784
2785
2786
2788
2791
2793
2797
2799
2800
2801
2805
2811
2813
2814
2817
2818
2819
2820
2821
2823
2824
2827
2829
2830
2831
2833
2836
2838
2839
2840
2843
2847
2848
2850
2851
2855
2856
2857
2858
2860
2861
2862
2863
2865
2866
2868
2869
2871
2876
2877
2879
2880
2881
2882
2883
2884
2889
2890
2894
2896
2897
2899
2901
2903
2904
2905
2906
2907
2908
2912
2913
2917
2918
2919
2922
2925
2926
2928
2929
2931
2935
2937
2938
2941
2943
2944
2946
2948
2950
2951
2952
2953
2954
2955
2961
2962
2967
2972
2973
2974
2977
2978
2979
2982
2983
2984
2985
2986
2987
2988
2992
2993
2994
2996
2998
3000
3004
3006
3012
3019
3020
3024
3025
3029
3031
3032
3034
3036
3040
3041
3042
3043
3046
3047
3048
3049
3052
3053
3054
3055
3056
3058
3062
3063
3064
3065
3066
3071
3073
3074
3075
3077
3080
3082
3084
3086
3089
3093
3094
3095
3098
3099
3100
3101
3105
3107
3108
3111
3113
3115
3117
3119
3120
3121
3124
3126
3127
3130
3132
3137
3138
3139
3140
3142
3144
3145
3150
3151
3152
3153
3155
3156
3157
3161
3162
3164
3166
3167
3170
3172
3173
3174
3176
3177
3178
3180
3181
3183
3184
3185
3189
3191
3198
3200
3201
3203
3204
3206
3207
3210
3213
3215
3217
3219
3221
3223
3225
3227
3230
3231
3237
3239
3240
3241
3245
3249
3250
3254
3258
3261
3267
3268
3269
3270
3271
3274
3282
3283
3285
3288
3292
3293
3294
3297
3298
3300
3302
3304
3311
3312
3313
3317
3318
3319
3320
3322
3326
3327
3328
3331
3333
3337
3339
3343
3344
3350
3351
3352
3354
3355
3356
3357
3358
3359
3361
3363
3365
3367
3368
3369
3370
3371
3375
3377
3379
3382
3384
3385
3386
3387
3388
3390
3391
3394
3395
3398
3399
3401
3402
3405
3407
3409
3410
3412
3418
3419
3421
3426
3427
3428
3429
3432
3435
3436
3438
3440
3441
3442
3443
3444
3446
3447
3448
3453
3458
3460
3462
3464
3465
3466
3468
3470
3471
3475
3477
3478
3479
3480
3481
3484
3485
3487
3488
3489
3491
3493
3494
3495
3496
3498
3500
3503
3505
3507
3508
3511
3512
3513
3514
3515
3518
3525
3528
3529
3534
3536
3537
3539
3540
3541
3546
3547
3548
3549
3552
3554
3561
3562
3564
3565
3569
3570
3573
3574
3575
3576
3577
3581
3582
3583
3584
3587
3590
3593
3594
3596
3597
3600
3601
3603
3604
3605
3606
3607
3610
3611
3612
3614
3617
3618
3619
3623
3627
3628
3629
3631
3632
3633
3634
3636
3639
3643
3649
3653
3656
3658
3661
3663
3664
3668
3669
3671
3672
3673
3676
3677
3678
3679
3680
3681
3682
3686
3687
3688
3689
3691
3693
3695
3696
3699
3701
3702
3703
3704
3707
3710
3711
3712
3713
3716
3719
3722
3725
3727
3729
3732
3734
3737
3739
3746
3748
3749
3750
3751
3752
3754
3757
3758
3759
3763
3764
3766
3771
3773
3774
3775
3778
3780
3782
3784
3787
3790
3791
3792
3799
3800
3801
3802
3803
3804
3805
3806
3808
3809
3810
3812
3813
3814
3815
3816
3823
3824
3826
3827
3828
3832
3837
3838
3841
3842
3846
3847
3849
3850
3852
3854
3855
3859
3860
3861
3863
3865
3868
3869
3875
3876
3877
3879
3885
3886
3888
3891
3895
3896
3897
3899
3901
3902
3905
3906
3907
3908
3909
3912
3913
3914
3915
3917
3918
3919
3920
3922
3925
3931
3938
3939
3942
3943
3944
3947
3948
3949
3950
3952
3955
3959
3960
3962
3963
3964
3965
3970
3974
3975
3977
3978
3982
3983
3984
3985
3987
3991
3997
3998
4000
4001
4002
4003
4004
4005
4006
4008
4012
4014
4015
4020
4021
4022
4024
4027
4029
4034
4035
4040
4041
4044
4046
4048
4051
4053
4056
4065
4067
4070
4075
4076
4079
4081
4084
4087
4096
4097
4099
4100
4101
4102
4104
4107
4108
4109
4114
4115
4116
4117
4118
4119
4120
4121
4123
4124
4127
4128
4129
4135
4137
4138
4143
4144
4149
4150
4153
4154
4158
4159
4160
4161
4162
4166
4169
4170
4174
4176
4181
4182
4184
4185
4186
4189
4190
4191
4193
4194
4195
4197
4198
4199
4201
4204
4205
4207
4212
4214
4218
4220
4221
4222
4223
4224
4225
4227
4228
4229
4234
4236
4237
4241
4242
4243
4246
4248
4251
4252
4255
4256
4259
4261
4263
4264
4265
4271
4272
4273
4275
4276
4278
4280
4281
4282
4284
4286
4288
4289
4290
4291
4293
4294
4295
4301
4303
4306
4307
4309
4312
4313
4315
4316
4319
4321
4326
4329
4331
4332
4334
4336
4337
4339
4343
4344
4347
4350
4355
4357
4359
4361
4363
4365
4368
4371
4372
4374
4375
4376
4378
4380
4381
4382
4383
4385
4390
4391
4393
4394
4395
4397
4398
4401
4404
4406
4412
4414
4417
4420
4421
4423
4424
4425
4427
4429
4430
4432
4433
1
3
6
8
16
17
18
26
29
31
32
33
39
41
45
46
51
58
65
81
87
97
98
100
102
103
107
115
122
128
131
133
138
142
144
147
150
156
161
164
170
172
173
180
183
195
196
197
198
201
204
207
213
223
224
228
230
231
232
239
242
251
257
264
267
277
292
293
294
295
297
298
306
312
314
321
322
324
336
337
369
371
375
380
385
386
394
397
404
409
414
419
426
427
430
433
436
438
441
449
451
452
455
457
459
461
478
483
485
487
488
495
497
501
504
506
510
511
516
524
525
527
528
530
531
533
534
540
541
544
551
555
558
568
570
579
582
585
586
587
589
590
591
596
597
604
611
614
620
621
625
629
630
635
636
640
641
650
653
657
668
669
677
680
686
691
705
706
708
709
716
721
726
730
737
738
739
747
752
757
758
760
772
775
779
787
788
796
797
798
802
804
805
809
826
828
831
836
838
839
841
843
850
862
863
864
867
869
870
874
875
876
882
886
892
893
895
897
901
904
909
910
911
920
933
934
935
938
941
944
945
949
952
956
960
964
968
969
970
980
981
985
990
993
994
997
998
1000
1002
1008
1010
1012
1013
1014
1019
1022
1023
1027
1029
1033
1042
1043
1048
1050
1054
1058
1078
1082
1087
1090
1097
1099
1102
1104
1109
1112
1123
1132
1134
1137
1145
1149
1150
1152
1153
1156
1157
1158
1161
1163
1164
1168
1171
1175
1179
1186
1190
1197
1198
1208
1211
1215
1220
1222
1229
1235
1236
1237
1243
1254
1256
1262
1264
1265
1280
1283
1284
1299
1301
1303
1311
1315
1316
1319
1326
1327
1329
1343
1344
1353
1357
1360
1361
1362
1364
1365
1366
1370
1371
1372
1375
1376
1381
1382
1384
1388
1399
1408
1412
1416
1423
1425
1431
1434
1435
1437
1438
1440
1442
1445
1447
1464
1471
1473
1475
1476
1481
1484
1487
1488
1494
1497
1501
1503
1507
1513
1520
1523
1524
1530
1536
1540
1543
1547
1552
1559
1563
1566
1567
1569
1571
1573
1575
1576
1579
1590
1591
1594
1595
1596
1598
1604
1607
1617
1627
1629
1634
1639
1640
1646
1654
1657
1660
1666
1670
1672
1674
1692
1693
1697
1700
1703
1708
1711
1712
1714
1716
1719
1721
1731
1740
1744
1752
1757
1763
1766
1771
1773
1780
1784
1795
1800
1803
1804
1807
1808
1810
1813
1826
1830
1831
1832
1834
1836
1843
1847
1849
1851
1854
1855
1865
1867
1879
1883
1884
1887
1889
1890
1898
1902
1909
1913
1924
1925
1935
1941
1943
1949
1954
1957
1958
1959
1964
1968
1976
1981
1984
1985
1987
1993
1996
1997
1998
2003
2005
2010
2017
2020
2022
2025
2034
2041
2045
2047
2049
2057
2061
2063
2065
2067
2068
2069
2071
2078
2086
2095
2112
2115
2119
2121
2129
2133
2135
2138
2141
2146
2152
2157
2179
2185
2187
2191
2194
2201
2209
2211
2214
2217
2219
2224
2225
2229
2234
2242
2248
2252
2254
2255
2258
2261
2267
2268
2275
2277
2287
2291
2293
2299
2300
2305
2307
2315
2316
2321
2325
2327
2332
2333
2335
2340
2363
2371
2375
2378
2386
2390
2396
2398
2399
2400
2409
2411
2412
2415
2422
2424
2425
2430
2431
2436
2438
2439
2448
2453
2457
2460
2465
2467
2470
2478
2483
2489
2491
2493
2497
2498
2499
2506
2508
2518
2536
2537
2538
2539
2541
2544
2545
2546
2550
2551
2553
2555
2556
2560
2571
2579
2587
2593
2595
2598
2601
2602
2611
2615
2617
2618
2620
2625
2635
2638
2640
2641
2655
2657
2659
2660
2669
2670
2671
2676
2677
2681
2685
2687
2690
2698
2701
2710
2712
2713
2714
2726
2729
2731
2732
2736
2741
2744
2745
2746
2757
2758
2761
2765
2768
2769
2781
2783
2790
2792
2794
2795
2802
2807
2808
2815
2816
2825
2828
2832
2834
2837
2842
2844
2845
2846
2849
2852
2853
2854
2859
2870
2872
2873
2875
2885
2886
2887
2891
2892
2893
2895
2898
2900
2902
2910
2914
2915
2916
2920
2921
2933
2939
2940
2949
2956
2958
2959
2963
2966
2970
2980
2997
3001
3002
3005
3007
3008
3010
3011
3013
3014
3017
3018
3023
3026
3030
3033
3037
3038
3044
3050
3051
3059
3061
3069
3072
3078
3083
3087
3088
3096
3097
3103
3104
3109
3112
3116
3118
3125
3129
3133
3136
3141
3143
3149
3159
3160
3169
3179
3182
3188
3190
3192
3193
3197
3205
3208
3211
3220
3222
3232
3236
3243
3244
3246
3251
3253
3255
3256
3259
3260
3262
3263
3265
3272
3273
3275
3276
3277
3280
3281
3287
3296
3299
3301
3306
3314
3316
3321
3323
3325
3330
3332
3334
3336
3338
3340
3341
3342
3364
3372
3373
3374
3383
3389
3392
3393
3400
3403
3406
3408
3411
3413
3416
3422
3423
3425
3431
3433
3434
3437
3439
3451
3452
3454
3455
3457
3459
3461
3463
3474
3492
3501
3502
3504
3519
3521
3522
3523
3524
3526
3535
3545
3557
3559
3566
3568
3572
3579
3586
3588
3591
3592
3595
3598
3599
3608
3609
3616
3622
3624
3626
3630
3638
3640
3642
3645
3650
3651
3655
3657
3659
3667
3674
3675
3683
3692
3697
3705
3706
3708
3709
3715
3720
3724
3726
3735
3740
3742
3744
3753
3755
3756
3762
3765
3767
3769
3770
3772
3776
3777
3779
3785
3786
3788
3794
3798
3807
3817
3818
3819
3820
3821
3822
3831
3833
3834
3836
3840
3844
3848
3851
3853
3858
3862
3864
3867
3871
3872
3873
3878
3882
3884
3887
3889
3890
3892
3900
3903
3910
3923
3924
3929
3934
3936
3937
3941
3951
3953
3954
3956
3957
3966
3968
3980
3981
3986
3988
3989
3990
3993
3995
3999
4007
4009
4010
4016
4019
4023
4025
4026
4030
4031
4032
4033
4039
4043
4045
4049
4050
4052
4055
4057
4062
4063
4064
4066
4068
4071
4073
4074
4078
4083
4085
4088
4091
4092
4093
4106
4111
4112
4122
4132
4133
4134
4136
4139
4148
4151
4152
4155
4156
4163
4165
4167
4172
4175
4188
4200
4203
4210
4211
4217
4226
4231
4232
4238
4240
4244
4249
4250
4254
4257
4258
4260
4270
4274
4277
4285
4292
4296
4297
4298
4299
4308
4311
4317
4320
4325
4327
4341
4342
4346
4348
4349
4351
4352
4353
4356
4362
4366
4367
4377
4384
4386
4388
4389
4392
4396
4402
4405
4407
4411
4413
4415
4428
4431
4434
2
12
13
24
25
36
37
40
47
50
56
60
61
64
66
68
73
75
79
93
94
99
111
114
120
121
124
134
135
139
140
143
167
171
176
184
189
190
191
200
211
216
217
220
221
225
227
233
236
237
243
244
246
248
249
250
261
269
272
273
281
282
286
288
289
290
296
302
303
304
305
307
308
316
323
329
330
331
332
333
335
338
342
343
347
356
357
363
364
367
370
374
377
381
383
390
391
398
401
402
403
407
410
415
416
421
423
429
435
440
445
446
447
448
450
464
465
468
469
470
476
482
489
492
494
505
513
514
515
519
523
532
536
537
542
549
553
557
562
565
574
575
576
577
581
588
592
598
605
610
612
615
619
639
642
643
646
652
658
664
670
672
674
678
684
692
694
703
707
712
713
735
740
743
745
753
754
761
763
764
768
770
781
784
785
790
791
793
795
807
810
812
815
819
820
822
827
835
842
845
851
853
854
855
857
858
866
871
872
880
891
898
899
900
908
912
913
918
919
923
924
927
929
939
940
942
954
955
966
979
986
988
989
995
999
1004
1005
1007
1017
1024
1025
1026
1028
1035
1037
1055
1059
1063
1067
1070
1075
1076
1079
1083
1084
1098
1100
1105
1106
1107
1110
1111
1117
1121
1124
1127
1129
1138
1139
1140
1143
1151
1154
1159
1166
1167
1169
1173
1182
1183
1188
1195
1199
1203
1205
1218
1219
1224
1226
1227
1234
1244
1245
1246
1247
1249
1252
1258
1260
1263
1276
1285
1287
1288
1289
1294
1300
1302
1308
1309
1312
1313
1318
1322
1325
1332
1333
1337
1339
1342
1345
1346
1350
1351
1354
1368
1379
1387
1389
1392
1398
1400
1403
1404
1413
1417
1418
1419
1420
1422
1428
1432
1441
1449
1452
1453
1454
1455
1456
1457
1459
1460
1461
1466
1467
1470
1472
1474
1478
1485
1489
1496
1505
1508
1510
1517
1519
1526
1534
1535
1542
1545
1546
1551
1555
1572
1583
1586
1587
1599
1601
1602
1608
1610
1611
1614
1616
1618
1621
1630
1632
1633
1636
1637
1638
1642
1643
1645
1650
1652
1653
1659
1661
1663
1664
1669
1676
1678
1679
1686
1689
1691
1695
1699
1709
1715
1717
1722
1723
1727
1729
1732
1736
1739
1741
1746
1758
1760
1769
1777
1778
1782
1786
1789
1790
1791
1797
1798
1815
1820
1823
1825
1827
1829
1837
1840
1841
1842
1846
1848
1850
1856
1859
1860
1863
1868
1870
1872
1873
1874
1877
1881
1885
1891
1900
1905
1908
1911
1915
1916
1917
1918
1919
1920
1923
1929
1931
1933
1936
1938
1939
1944
1945
1946
1950
1951
1953
1960
1970
1972
1974
1977
1980
1992
1994
2002
2011
2016
2023
2028
2029
2030
2033
2035
2036
2037
2051
2053
2054
2055
2058
2060
2062
2064
2066
2075
2076
2082
2087
2088
2089
2091
2098
2101
2104
2105
2106
2114
2118
2120
2122
2128
2132
2134
2139
2140
2142
2143
2144
2145
2151
2153
2160
2165
2166
2167
2170
2172
2174
2175
2176
2177
2178
2183
2184
2188
2190
2193
2195
2197
2198
2199
2200
2202
2206
2208
2210
2212
2221
2222
2231
2233
2236
2239
2240
2245
2246
2247
2253
2256
2259
2273
2276
2278
2286
2288
2290
2298
2301
2304
2306
2308
2310
2313
2317
2318
2324
2330
2339
2343
2344
2345
2346
2348
2351
2357
2359
2364
2366
2370
2372
2373
2377
2382
2392
2393
2397
2401
2403
2417
2418
2420
2421
2426
2434
2435
2437
2444
2445
2449
2450
2454
2455
2462
2464
2469
2476
2477
2479
2481
2482
2487
2492
2503
2512
2519
2521
2526
2527
2528
2529
2543
2554
2558
2559
2561
2562
2564
2577
2586
2596
2606
2607
2609
2612
2623
2629
2631
2632
2636
2637
2644
2651
2664
2665
2667
2668
2673
2678
2684
2688
2691
2696
2711
2715
2716
2717
2720
2733
2735
2737
2740
2743
2747
2752
2754
2763
2775
2780
2782
2787
2789
2796
2798
2803
2804
2806
2809
2810
2812
2822
2826
2835
2841
2864
2867
2874
2878
2888
2909
2911
2923
2924
2927
2930
2932
2934
2936
2942
2945
2947
2957
2960
2964
2965
2968
2969
2971
2975
2976
2981
2989
2990
2991
2995
2999
3003
3009
3015
3016
3021
3022
3027
3028
3035
3039
3045
3057
3060
3067
3068
3070
3076
3079
3081
3085
3090
3091
3092
3102
3106
3110
3114
3122
3123
3128
3131
3134
3135
3146
3147
3148
3154
3158
3163
3165
3168
3171
3175
3186
3187
3194
3195
3196
3199
3202
3209
3212
3214
3216
3218
3224
3226
3228
3229
3233
3234
3235
3238
3242
3247
3248
3252
3257
3264
3266
3278
3279
3284
3286
3289
3290
3291
3295
3303
3305
3307
3308
3309
3310
3315
3324
3329
3335
3345
3346
3347
3348
3349
3353
3360
3362
3366
3376
3378
3380
3381
3396
3397
3404
3414
3415
3417
3420
3424
3430
3445
3449
3450
3456
3467
3469
3472
3473
3476
3482
3483
3486
3490
3497
3499
3506
3509
3510
3516
3517
3520
3527
3530
3531
3532
3533
3538
3542
3543
3544
3550
3551
3553
3555
3556
3558
3560
3563
3567
3571
3578
3580
3585
3589
3602
3613
3615
3620
3621
3625
3635
3637
3641
3644
3646
3647
3648
3652
3654
3660
3662
3665
3666
3670
3684
3685
3690
3694
3698
3700
3714
3717
3718
3721
3723
3728
3730
3731
3733
3736
3738
3741
3743
3745
3747
3760
3761
3768
3781
3783
3789
3793
3795
3796
3797
3811
3825
3829
3830
3835
3839
3843
3845
3856
3857
3866
3870
3874
3880
3881
3883
3893
3894
3898
3904
3911
3916
3921
3926
3927
3928
3930
3932
3933
3935
3940
3945
3946
3958
3961
3967
3969
3971
3972
3973
3976
3979
3992
3994
3996
4011
4013
4017
4018
4028
4036
4037
4038
4042
4047
4054
4058
4059
4060
4061
4069
4072
4077
4080
4082
4086
4089
4090
4094
4095
4098
4103
4105
4110
4113
4125
4126
4130
4131
4140
4141
4142
4145
4146
4147
4157
4164
4168
4171
4173
4177
4178
4179
4180
4183
4187
4192
4196
4202
4206
4208
4209
4213
4215
4216
4219
4230
4233
4235
4239
4245
4247
4253
4262
4266
4267
4268
4269
4279
4283
4287
4300
4302
4304
4305
4310
4314
4318
4322
4323
4324
4328
4330
4333
4335
4338
4340
4345
4354
4358
4360
4364
4369
4370
4373
4379
4387
4399
4400
4403
4408
4409
4410
4416
4418
4419
4422
4426
