2217
1109
1109
0
1
2
5
9
10
11
13
14
15
17
18
19
20
21
23
24
26
27
28
29
31
33
34
35
38
43
44
45
46
47
48
49
50
51
55
56
58
61
62
65
66
68
69
71
72
73
74
76
78
79
80
83
87
89
92
93
94
97
102
104
111
112
114
118
120
121
124
125
127
128
129
130
131
133
138
139
140
144
155
158
159
161
163
164
166
167
169
172
174
175
176
177
178
179
180
182
184
185
186
187
191
192
196
197
198
199
200
206
208
210
211
212
215
217
220
221
227
228
231
232
234
236
237
238
239
242
243
244
246
247
248
251
252
253
254
258
259
262
263
264
266
269
270
273
274
275
279
280
281
284
286
287
291
292
293
295
296
297
298
299
300
310
311
313
317
318
320
322
323
324
328
329
330
332
335
336
337
339
340
341
343
345
348
350
351
354
355
357
358
360
362
365
366
367
370
371
372
374
376
379
381
383
384
391
392
393
396
398
400
401
402
403
405
406
408
412
414
417
418
420
421
429
433
434
437
438
439
448
453
455
456
459
460
461
462
463
464
465
466
468
473
474
476
477
478
481
486
487
488
489
492
498
499
501
504
505
506
507
508
511
515
517
518
519
520
521
522
525
526
529
531
532
536
538
539
542
550
555
562
564
565
566
568
569
572
573
575
576
577
581
582
588
589
590
591
593
597
599
600
601
603
604
605
606
608
609
616
618
619
622
623
624
626
627
630
631
633
634
635
642
643
645
647
650
652
654
655
657
658
662
665
667
668
670
671
672
675
676
678
680
682
686
688
689
693
696
699
703
705
706
707
711
712
713
719
720
722
724
727
728
730
731
733
734
735
736
739
740
742
745
747
751
758
762
765
766
768
769
771
778
779
780
782
785
789
790
793
794
795
797
800
802
803
804
807
808
810
811
813
815
817
818
820
821
823
826
828
831
832
836
839
841
842
843
846
848
849
850
853
854
856
857
858
859
860
862
863
865
866
869
871
873
875
878
882
884
886
887
888
893
894
895
897
898
900
903
904
905
907
909
910
911
914
919
920
922
923
924
928
929
930
932
933
935
936
938
941
942
943
944
945
947
950
955
957
959
961
962
963
964
965
966
970
972
973
977
986
988
989
991
994
997
999
1000
1003
1007
1008
1009
1010
1014
1015
1017
1018
1019
1020
1023
1024
1025
1027
1029
1030
1033
1036
1038
1043
1044
1046
1051
1055
1056
1058
1061
1062
1063
1065
1066
1068
1076
1078
1079
1082
1084
1085
1086
1087
1090
1091
1092
1093
1095
1097
1100
1103
1104
1105
1106
1108
1116
1117
1118
1122
1124
1125
1126
1130
1131
1133
1136
1137
1138
1139
1141
1143
1146
1148
1149
1150
1152
1154
1155
1157
1159
1160
1161
1164
1165
1169
1170
1172
1174
1176
1180
1181
1182
1183
1185
1187
1189
1190
1191
1194
1195
1196
1197
1198
1200
1202
1203
1205
1207
1209
1210
1211
1212
1216
1217
1218
1223
1224
1226
1232
1234
1237
1238
1243
1244
1245
1246
1250
1255
1263
1266
1267
1270
1276
1278
1279
1280
1282
1286
1287
1292
1293
1294
1300
1301
1304
1305
1307
1308
1309
1311
1314
1315
1316
1317
1318
1320
1323
1324
1325
1326
1327
1328
1331
1334
1335
1336
1337
1339
1340
1341
1343
1344
1348
1349
1350
1353
1354
1356
1358
1361
1362
1365
1366
1369
1371
1373
1374
1375
1377
1378
1380
1381
1382
1384
1385
1388
1391
1396
1400
1405
1406
1407
1411
1413
1416
1417
1418
1420
1421
1422
1423
1424
1425
1426
1428
1430
1431
1433
1434
1435
1436
1437
1438
1439
1442
1443
1447
1448
1449
1450
1451
1452
1454
1455
1456
1457
1462
1470
1472
1476
1479
1482
1485
1488
1489
1490
1493
1495
1498
1502
1503
1504
1505
1506
1507
1508
1509
1510
1512
1515
1519
1520
1521
1524
1527
1528
1534
1535
1538
1540
1544
1545
1546
1550
1551
1552
1556
1557
1558
1560
1561
1562
1563
1564
1566
1568
1569
1571
1572
1575
1581
1584
1585
1586
1587
1589
1590
1591
1594
1595
1596
1597
1598
1599
1600
1601
1602
1603
1605
1606
1607
1609
1610
1615
1617
1620
1622
1623
1625
1628
1629
1631
1634
1638
1641
1644
1645
1646
1648
1649
1651
1652
1653
1656
1658
1662
1663
1665
1667
1668
1670
1672
1674
1675
1679
1681
1683
1686
1689
1690
1694
1698
1699
1700
1701
1702
1705
1706
1707
1708
1709
1710
1711
1712
1715
1718
1719
1720
1723
1724
1728
1729
1736
1737
1739
1740
1741
1742
1744
1747
1752
1753
1754
1763
1765
1770
1775
1778
1779
1780
1781
1783
1785
1787
1791
1795
1796
1798
1802
1803
1806
1807
1809
1812
1814
1816
1817
1819
1821
1822
1825
1827
1828
1832
1835
1837
1839
1840
1841
1842
1844
1845
1848
1849
1852
1853
1854
1856
1857
1860
1861
1863
1864
1865
1866
1871
1874
1877
1878
1880
1882
1883
1885
1886
1887
1889
1892
1893
1894
1898
1901
1904
1905
1907
1908
1909
1911
1912
1914
1915
1918
1919
1922
1923
1924
1929
1930
1931
1932
1934
1936
1940
1941
1942
1945
1946
1947
1948
1949
1952
1954
1956
1963
1965
1966
1967
1968
1971
1973
1974
1975
1976
1977
1978
1980
1981
1982
1984
1985
1987
1988
1989
1991
1993
1994
1998
1999
2006
2008
2009
2010
2011
2012
2013
2014
2017
2018
2019
2022
2024
2025
2026
2027
2032
2036
2037
2038
2039
2042
2045
2046
2049
2052
2053
2054
2057
2060
2062
2064
2069
2070
2071
2073
2075
2076
2077
2080
2083
2086
2087
2088
2089
2093
2094
2098
2101
2104
2105
2107
2109
2110
2115
2116
2117
2118
2119
2120
2121
2123
2124
2126
2127
2129
2130
2131
2133
2134
2135
2136
2137
2138
2139
2141
2142
2144
2147
2149
2150
2151
2152
2154
2158
2161
2162
2164
2165
2167
2168
2169
2170
2171
2173
2175
2177
2179
2181
2183
2185
2187
2188
2189
2190
2191
2192
2194
2197
2200
2201
2204
2205
2207
2208
2210
2211
2212
2213
2214
2219
2220
2223
2224
2225
2227
2229
2231
2234
2236
2238
2239
2240
2241
2244
2245
2247
2248
2251
2254
2256
2259
2262
2263
2264
2265
2266
2268
2269
2271
2272
2273
2276
2278
2280
2281
2282
2284
2285
2286
2287
2289
2291
2294
2295
2300
2302
2303
2305
2306
2307
2309
2310
2311
2313
2317
2318
2320
2322
2323
2324
2326
2328
2329
2330
2332
2333
2340
2342
2344
2346
2347
2350
2352
2353
2354
2355
2356
2361
2363
2364
2365
2369
2371
2372
2374
2377
2378
2382
2384
2385
2386
2388
2389
2390
2391
2392
2394
2396
2397
2398
2399
2402
2407
2413
2414
2415
2416
2418
2419
2421
2426
2430
2431
2432
2434
2438
2440
2442
2446
2447
2449
2452
2454
2458
2459
2462
2463
2464
2465
2467
2468
2470
2472
2473
2475
2482
2483
2487
2488
2490
2492
2495
2496
2498
2500
2503
2504
2506
2508
2509
2511
2512
2513
2516
2517
2518
2520
2522
2523
2526
2527
2528
2529
2531
2532
2536
2537
2539
2542
2543
2544
2545
2546
2549
2550
2553
2555
2557
2558
2561
2563
2564
2565
2566
2568
2569
2570
2571
2572
2573
2574
2576
2577
2578
2581
2582
2583
2584
2589
2590
2593
2594
2595
2596
2598
2599
2603
2607
2611
2614
2615
2616
2618
2620
2623
2625
2628
2629
2630
2631
2638
2639
2640
2641
2642
2644
2645
2646
2647
2648
2649
2650
2651
2652
2655
2656
2658
2660
2661
2664
2667
2668
2669
2671
2673
2675
2677
2678
2680
2682
2683
2684
2685
2686
2689
2690
2692
2693
2694
2695
2696
2697
2698
2700
2705
2707
2713
2714
2716
2717
2718
2719
2720
2721
2723
2724
2727
2728
2729
2734
2736
2738
2739
2740
2741
2742
2743
2745
2747
2751
2757
2758
2759
2760
2761
2762
2763
2764
2765
2769
2770
2771
2772
2774
2775
2776
2777
2780
2781
2782
2784
2786
2789
2791
2793
2795
2796
2798
2802
2805
2806
2809
2814
2816
2817
2818
2821
2822
2825
2828
2829
2830
2832
2835
2837
2839
2840
2841
2843
2845
2847
2849
2850
2853
2854
2857
2860
2864
2865
2866
2867
2868
2869
2872
2873
2874
2876
2877
2878
2879
2882
2886
2888
2889
2893
2894
2896
2897
2899
2900
2901
2904
2907
2908
2911
2912
2916
2918
2922
2923
2929
2932
2936
2937
2943
2944
2946
2947
2948
2949
2951
2954
2956
2957
2966
2967
2971
2973
2980
2983
2984
2985
2986
2988
2991
2992
2993
2994
2997
2999
3000
3002
3004
3007
3008
3009
3012
3014
3015
3016
3017
3018
3020
3025
3027
3028
3030
3031
3033
3035
3036
3039
3042
3046
3049
3051
3055
3057
3059
3064
3068
3070
3071
3072
3073
3075
3076
3078
3082
3087
3093
3095
3096
3098
3105
3106
3107
3109
3112
3113
3118
3120
3121
3123
3124
3125
3127
3128
3129
3130
3132
3134
3136
3138
3141
3144
3147
3148
3149
3151
3153
3157
3159
3162
3163
3164
3165
3166
3167
3168
3171
3174
3176
3177
3179
3181
3183
3184
3185
3188
3189
3195
3197
3198
3200
3204
3208
3209
3210
3213
3215
3216
3217
3224
3226
3227
3229
3231
3232
3233
3236
3237
3238
3239
3240
3241
3244
3245
3251
3252
3254
3255
3257
3258
3261
3262
3263
3265
3268
3270
3275
3276
3277
3278
3284
3285
3286
3292
3294
3295
3297
3298
3300
3301
3303
3305
3306
3307
3308
3309
3311
3313
3315
3316
3319
3320
3323
3325
3329
3330
3331
3333
3334
3336
3337
3341
3343
3346
3349
3350
3351
3354
3359
3361
3362
3368
3369
3370
3371
3372
3373
3375
3376
3378
3380
3381
3383
3384
3385
3387
3390
3391
3392
3396
3397
3398
3399
3402
3404
3405
3406
3407
3408
3409
3410
3412
3416
3421
3422
3423
3424
3428
3429
3430
3431
3433
3435
3437
3439
3440
3442
3447
3450
3453
3454
3455
3459
3462
3468
3471
3472
3474
3476
3478
3479
3480
3486
3489
3491
3495
3498
3502
3504
3506
3509
3510
3514
3516
3517
3518
3520
3522
3523
3524
3525
3526
3527
3530
3531
3532
3534
3539
3540
3541
3544
3545
3546
3547
3549
3550
3551
3553
3556
3558
3561
3564
3565
3566
3568
3570
3572
3573
3575
3577
3578
3579
3581
3582
3583
3585
3588
3591
3592
3593
3598
3599
3601
3602
3604
3606
3607
3608
3609
3614
3615
3619
3622
3623
3626
3628
3630
3634
3636
3637
3638
3640
3642
3643
3644
3646
3649
3651
3654
3658
3661
3663
3664
3666
3667
3673
3674
3678
3679
3681
3683
3684
3685
3686
3692
3693
3694
3697
3699
3705
3707
3709
3710
3712
3713
3714
3718
3730
3735
3739
3744
3745
3746
3747
3748
3751
3752
3757
3759
3765
3766
3767
3769
3770
3771
3778
3780
3782
3783
3784
3786
3787
3789
3793
3794
3798
3799
3801
3807
3808
3810
3811
3816
3818
3820
3821
3822
3825
3826
3828
3830
3832
3833
3835
3836
3837
3838
3841
3843
3845
3846
3848
3849
3854
3855
3857
3861
3862
3863
3865
3868
3869
3871
3872
3873
3875
3876
3878
3880
3881
3885
3886
3887
3889
3891
3894
3895
3899
3900
3904
3905
3906
3908
3909
3913
3917
3918
3921
3923
3924
3925
3927
3930
3931
3932
3934
3939
3940
3942
3944
3945
3946
3950
3953
3958
3960
3961
3962
3966
3967
3968
3970
3971
3972
3974
3975
3977
3980
3984
3985
3986
3988
3991
3992
3993
3994
3997
3999
4003
4008
4009
4016
4018
4019
4021
4022
4023
4025
4027
4029
4030
4033
4035
4037
4039
4040
4043
4045
4047
4048
4051
4052
4055
4061
4065
4066
4068
4070
4072
4074
4076
4077
4081
4086
4087
4088
4089
4093
4099
4103
4110
4111
4112
4116
4117
4118
4120
4124
4126
4130
4131
4134
4139
4140
4141
4143
4146
4148
4150
4151
4154
4156
4157
4161
4166
4170
4172
4173
4174
4178
4179
4182
4186
4187
4192
4193
4194
4195
4197
4198
4200
4202
4205
4206
4207
4208
4209
4210
4211
4213
4216
4219
4220
4221
4222
4223
4224
4225
4226
4227
4229
4230
4231
4232
4234
4236
4238
4241
4242
4246
4247
4251
4256
4260
4261
4264
4266
4268
4272
4274
4278
4281
4282
4285
4286
4288
4289
4291
4292
4293
4294
4295
4296
4297
4300
4302
4303
4304
4306
4308
4310
4313
4314
4318
4321
4327
4328
4330
4332
4334
4335
4337
4340
4342
4343
4344
4345
4346
4348
4349
4350
4351
4352
4354
4356
4357
4359
4360
4364
4366
4367
4369
4370
4374
4380
4382
4385
4389
4391
4393
4394
4398
4401
4403
4404
4405
4408
4409
4410
4411
4412
4413
4414
4415
4417
4418
4419
4428
4429
4430
4431
4433
3
8
25
32
39
42
54
59
60
64
67
70
77
81
84
85
86
90
91
100
101
109
110
113
116
122
123
126
134
136
142
143
145
156
157
160
162
168
170
183
189
190
194
201
202
203
205
216
222
226
233
235
241
245
250
255
256
268
271
282
283
289
290
294
301
302
306
314
319
326
342
349
353
356
359
361
369
375
377
380
382
385
387
388
394
399
404
407
409
410
411
413
415
422
424
426
427
428
432
441
443
446
450
451
454
458
467
469
470
471
472
479
484
485
490
491
493
494
495
496
497
500
502
513
524
527
528
533
534
535
537
540
543
547
549
552
554
556
558
559
560
561
563
567
570
580
585
595
598
607
611
615
620
625
632
636
640
646
649
651
653
656
659
660
661
663
664
673
674
679
683
684
692
694
701
702
704
714
715
716
717
718
726
738
743
746
750
752
755
760
770
772
773
774
776
787
788
791
792
796
806
809
814
816
819
824
827
830
833
834
835
838
845
864
870
872
874
876
877
880
891
896
901
913
915
916
917
918
921
925
926
931
939
948
949
951
953
956
958
960
967
968
971
974
979
980
984
990
992
993
995
996
1001
1005
1006
1011
1016
1021
1026
1031
1032
1037
1039
1040
1041
1042
1045
1047
1053
1054
1059
1060
1074
1075
1077
1083
1088
1089
1094
1096
1098
1101
1102
1111
1112
1114
1115
1119
1121
1123
1127
1128
1129
1132
1140
1142
1144
1145
1153
1156
1158
1162
1167
1173
1179
1192
1193
1199
1201
1206
1208
1214
1220
1221
1225
1227
1231
1233
1240
1241
1247
1249
1251
1253
1256
1257
1258
1259
1260
1261
1269
1273
1274
1285
1288
1289
1290
1297
1303
1310
1312
1313
1319
1321
1322
1332
1338
1342
1345
1347
1352
1355
1363
1364
1372
1376
1379
1386
1387
1389
1390
1392
1393
1395
1397
1402
1403
1404
1408
1409
1419
1429
1440
1444
1445
1453
1461
1463
1464
1466
1468
1473
1475
1477
1483
1484
1486
1487
1494
1496
1500
1501
1511
1513
1514
1525
1526
1532
1536
1539
1542
1543
1549
1553
1554
1559
1565
1573
1576
1577
1582
1592
1613
1614
1621
1624
1626
1630
1632
1637
1639
1642
1647
1655
1666
1671
1682
1684
1688
1691
1693
1695
1696
1716
1721
1722
1725
1726
1727
1730
1731
1733
1734
1738
1743
1749
1755
1757
1759
1760
1761
1764
1766
1767
1768
1769
1771
1772
1776
1777
1784
1786
1788
1794
1797
1799
1804
1805
1810
1811
1813
1815
1820
1824
1829
1831
1833
1834
1836
1847
1850
1855
1858
1859
1867
1868
1870
1873
1879
1881
1884
1890
1897
1899
1902
1903
1927
1937
1938
1944
1955
1957
1959
1960
1964
1979
1986
1992
1996
2000
2003
2004
2005
2007
2020
2030
2034
2040
2041
2047
2051
2055
2063
2072
2074
2078
2079
2081
2084
2090
2095
2096
2100
2102
2103
2106
2108
2114
2132
2145
2146
2156
2163
2174
2182
2186
2193
2209
2217
2222
2226
2232
2237
2243
2250
2253
2255
2258
2260
2267
2290
2292
2293
2296
2297
2299
2308
2316
2334
2335
2336
2337
2339
2341
2345
2349
2357
2358
2359
2360
2362
2367
2368
2370
2373
2375
2376
2380
2393
2400
2401
2405
2406
2409
2412
2422
2423
2435
2436
2437
2441
2443
2445
2453
2456
2474
2478
2481
2484
2485
2491
2493
2494
2499
2501
2502
2505
2514
2519
2524
2530
2538
2540
2541
2548
2551
2554
2562
2567
2575
2586
2588
2591
2592
2600
2601
2605
2606
2608
2612
2617
2619
2621
2622
2632
2633
2635
2665
2670
2706
2708
2710
2711
2712
2715
2722
2726
2730
2731
2732
2733
2737
2744
2748
2750
2752
2755
2768
2783
2785
2787
2788
2790
2792
2797
2799
2801
2803
2807
2811
2819
2820
2823
2824
2826
2827
2836
2846
2855
2862
2870
2880
2883
2884
2890
2891
2895
2902
2903
2905
2906
2909
2913
2914
2915
2917
2924
2925
2927
2928
2930
2933
2935
2939
2941
2952
2958
2959
2960
2962
2963
2968
2970
2975
2976
2977
2978
2979
2981
3001
3005
3006
3010
3011
3013
3019
3021
3022
3026
3029
3032
3034
3037
3038
3045
3047
3048
3053
3056
3063
3069
3074
3079
3088
3089
3091
3094
3097
3103
3108
3110
3115
3116
3119
3122
3131
3142
3143
3145
3154
3155
3158
3160
3170
3173
3178
3182
3190
3191
3192
3196
3199
3203
3205
3207
3211
3218
3219
3223
3228
3235
3242
3243
3246
3248
3249
3250
3253
3256
3259
3260
3266
3267
3271
3280
3287
3289
3290
3291
3293
3299
3302
3304
3312
3317
3324
3326
3332
3339
3345
3347
3352
3353
3355
3356
3357
3363
3365
3366
3367
3374
3379
3382
3386
3389
3393
3395
3400
3401
3411
3414
3418
3420
3438
3441
3444
3445
3446
3448
3449
3451
3452
3456
3458
3463
3466
3473
3475
3477
3481
3482
3483
3484
3485
3492
3493
3500
3501
3503
3505
3507
3508
3511
3512
3513
3515
3519
3528
3529
3535
3543
3548
3555
3559
3560
3562
3563
3571
3576
3580
3584
3586
3587
3594
3595
3596
3603
3605
3610
3617
3620
3621
3624
3625
3632
3635
3641
3647
3652
3656
3665
3668
3672
3676
3682
3687
3689
3691
3696
3702
3711
3716
3719
3720
3722
3723
3726
3728
3731
3733
3734
3736
3740
3742
3743
3749
3754
3755
3756
3761
3763
3772
3775
3776
3777
3779
3781
3785
3790
3791
3795
3797
3803
3806
3809
3813
3814
3815
3817
3824
3840
3844
3858
3859
3867
3870
3882
3884
3890
3893
3896
3898
3902
3903
3907
3910
3919
3920
3922
3926
3933
3935
3948
3949
3952
3955
3956
3963
3973
3976
3982
3987
3990
3995
3996
4000
4001
4002
4005
4010
4011
4014
4017
4024
4028
4032
4038
4042
4044
4049
4050
4053
4057
4060
4062
4063
4064
4079
4080
4092
4094
4095
4098
4101
4102
4104
4105
4107
4108
4113
4114
4115
4121
4127
4128
4132
4137
4142
4145
4155
4158
4159
4163
4164
4165
4168
4175
4177
4181
4183
4184
4185
4188
4191
4196
4204
4217
4235
4237
4240
4245
4250
4252
4253
4255
4258
4259
4267
4271
4273
4275
4276
4277
4280
4283
4290
4316
4320
4322
4323
4326
4329
4331
4333
4336
4338
4341
4347
4358
4361
4363
4365
4371
4378
4379
4381
4386
4388
4390
4397
4400
4402
4406
4416
4420
4424
4425
4426
4434
4
6
7
12
16
22
30
36
37
40
41
52
53
57
63
75
82
88
95
96
98
99
103
105
106
107
108
115
117
119
132
135
137
141
146
147
148
149
150
151
152
153
154
165
171
173
181
188
193
195
204
207
209
213
214
218
219
223
224
225
229
230
240
249
257
260
261
265
267
272
276
277
278
285
288
303
304
305
307
308
309
312
315
316
321
325
327
331
333
334
338
344
346
347
352
363
364
368
373
378
386
389
390
395
397
416
419
423
425
430
431
435
436
440
442
444
445
447
449
452
457
475
480
482
483
503
509
510
512
514
516
523
530
541
544
545
546
548
551
553
557
571
574
578
579
583
584
586
587
592
594
596
602
610
612
613
614
617
621
628
629
637
638
639
641
644
648
666
669
677
681
685
687
690
691
695
697
698
700
708
709
710
721
723
725
729
732
737
741
744
748
749
753
754
756
757
759
761
763
764
767
775
777
781
783
784
786
798
799
801
805
812
822
825
829
837
840
844
847
851
852
855
861
867
868
879
881
883
885
889
890
892
899
902
906
908
912
927
934
937
940
946
952
954
969
975
976
978
981
982
983
985
987
998
1002
1004
1012
1013
1022
1028
1034
1035
1048
1049
1050
1052
1057
1064
1067
1069
1070
1071
1072
1073
1080
1081
1099
1107
1109
1110
1113
1120
1134
1135
1147
1151
1163
1166
1168
1171
1175
1177
1178
1184
1186
1188
1204
1213
1215
1219
1222
1228
1229
1230
1235
1236
1239
1242
1248
1252
1254
1262
1264
1265
1268
1271
1272
1275
1277
1281
1283
1284
1291
1295
1296
1298
1299
1302
1306
1329
1330
1333
1346
1351
1357
1359
1360
1367
1368
1370
1383
1394
1398
1399
1401
1410
1412
1414
1415
1427
1432
1441
1446
1458
1459
1460
1465
1467
1469
1471
1474
1478
1480
1481
1491
1492
1497
1499
1516
1517
1518
1522
1523
1529
1530
1531
1533
1537
1541
1547
1548
1555
1567
1570
1574
1578
1579
1580
1583
1588
1593
1604
1608
1611
1612
1616
1618
1619
1627
1633
1635
1636
1640
1643
1650
1654
1657
1659
1660
1661
1664
1669
1673
1676
1677
1678
1680
1685
1687
1692
1697
1703
1704
1713
1714
1717
1732
1735
1745
1746
1748
1750
1751
1756
1758
1762
1773
1774
1782
1789
1790
1792
1793
1800
1801
1808
1818
1823
1826
1830
1838
1843
1846
1851
1862
1869
1872
1875
1876
1888
1891
1895
1896
1900
1906
1910
1913
1916
1917
1920
1921
1925
1926
1928
1933
1935
1939
1943
1950
1951
1953
1958
1961
1962
1969
1970
1972
1983
1990
1995
1997
2001
2002
2015
2016
2021
2023
2028
2029
2031
2033
2035
2043
2044
2048
2050
2056
2058
2059
2061
2065
2066
2067
2068
2082
2085
2091
2092
2097
2099
2111
2112
2113
2122
2125
2128
2140
2143
2148
2153
2155
2157
2159
2160
2166
2172
2176
2178
2180
2184
2195
2196
2198
2199
2202
2203
2206
2215
2216
2218
2221
2228
2230
2233
2235
2242
2246
2249
2252
2257
2261
2270
2274
2275
2277
2279
2283
2288
2298
2301
2304
2312
2314
2315
2319
2321
2325
2327
2331
2338
2343
2348
2351
2366
2379
2381
2383
2387
2395
2403
2404
2408
2410
2411
2417
2420
2424
2425
2427
2428
2429
2433
2439
2444
2448
2450
2451
2455
2457
2460
2461
2466
2469
2471
2476
2477
2479
2480
2486
2489
2497
2507
2510
2515
2521
2525
2533
2534
2535
2547
2552
2556
2559
2560
2579
2580
2585
2587
2597
2602
2604
2609
2610
2613
2624
2626
2627
2634
2636
2637
2643
2653
2654
2657
2659
2662
2663
2666
2672
2674
2676
2679
2681
2687
2688
2691
2699
2701
2702
2703
2704
2709
2725
2735
2746
2749
2753
2754
2756
2766
2767
2773
2778
2779
2794
2800
2804
2808
2810
2812
2813
2815
2831
2833
2834
2838
2842
2844
2848
2851
2852
2856
2858
2859
2861
2863
2871
2875
2881
2885
2887
2892
2898
2910
2919
2920
2921
2926
2931
2934
2938
2940
2942
2945
2950
2953
2955
2961
2964
2965
2969
2972
2974
2982
2987
2989
2990
2995
2996
2998
3003
3023
3024
3040
3041
3043
3044
3050
3052
3054
3058
3060
3061
3062
3065
3066
3067
3077
3080
3081
3083
3084
3085
3086
3090
3092
3099
3100
3101
3102
3104
3111
3114
3117
3126
3133
3135
3137
3139
3140
3146
3150
3152
3156
3161
3169
3172
3175
3180
3186
3187
3193
3194
3201
3202
3206
3212
3214
3220
3221
3222
3225
3230
3234
3247
3264
3269
3272
3273
3274
3279
3281
3282
3283
3288
3296
3310
3314
3318
3321
3322
3327
3328
3335
3338
3340
3342
3344
3348
3358
3360
3364
3377
3388
3394
3403
3413
3415
3417
3419
3425
3426
3427
3432
3434
3436
3443
3457
3460
3461
3464
3465
3467
3469
3470
3487
3488
3490
3494
3496
3497
3499
3521
3533
3536
3537
3538
3542
3552
3554
3557
3567
3569
3574
3589
3590
3597
3600
3611
3612
3613
3616
3618
3627
3629
3631
3633
3639
3645
3648
3650
3653
3655
3657
3659
3660
3662
3669
3670
3671
3675
3677
3680
3688
3690
3695
3698
3700
3701
3703
3704
3706
3708
3715
3717
3721
3724
3725
3727
3729
3732
3737
3738
3741
3750
3753
3758
3760
3762
3764
3768
3773
3774
3788
3792
3796
3800
3802
3804
3805
3812
3819
3823
3827
3829
3831
3834
3839
3842
3847
3850
3851
3852
3853
3856
3860
3864
3866
3874
3877
3879
3883
3888
3892
3897
3901
3911
3912
3914
3915
3916
3928
3929
3936
3937
3938
3941
3943
3947
3951
3954
3957
3959
3964
3965
3969
3978
3979
3981
3983
3989
3998
4004
4006
4007
4012
4013
4015
4020
4026
4031
4034
4036
4041
4046
4054
4056
4058
4059
4067
4069
4071
4073
4075
4078
4082
4083
4084
4085
4090
4091
4096
4097
4100
4106
4109
4119
4122
4123
4125
4129
4133
4135
4136
4138
4144
4147
4149
4152
4153
4160
4162
4167
4169
4171
4176
4180
4189
4190
4199
4201
4203
4212
4214
4215
4218
4228
4233
4239
4243
4244
4248
4249
4254
4257
4262
4263
4265
4269
4270
4279
4284
4287
4298
4299
4301
4305
4307
4309
4311
4312
4315
4317
4319
4324
4325
4339
4353
4355
4362
4368
4372
4373
4375
4376
4377
4383
4384
4387
4392
4395
4396
4399
4407
4421
4422
4423
4427
4432
