2217
1109
1109
0
4
6
9
13
17
18
19
20
21
22
23
24
31
32
34
35
36
37
41
45
52
57
58
59
62
65
66
68
69
70
71
72
74
75
82
88
89
92
93
94
95
96
98
99
100
103
104
105
106
110
112
113
117
119
120
121
122
123
125
126
127
128
129
133
134
137
139
141
146
147
151
159
160
163
166
169
171
172
175
177
183
184
190
195
198
199
200
207
208
214
215
216
217
218
220
221
222
225
227
228
229
230
231
234
236
237
238
240
241
242
244
247
248
249
250
251
252
253
254
258
261
263
264
270
271
272
273
275
276
277
282
283
284
285
287
290
293
294
296
298
299
300
303
308
309
311
312
315
317
319
321
322
324
328
329
331
333
334
335
337
338
342
344
348
349
352
353
354
355
361
367
371
372
373
375
377
378
380
382
383
384
385
386
388
394
397
399
400
401
402
403
405
406
407
410
411
412
413
414
415
418
420
423
424
425
431
433
434
435
438
439
441
442
446
449
450
451
453
455
456
458
460
466
469
470
474
475
477
478
485
486
487
488
492
493
494
497
499
500
501
503
504
507
513
514
515
516
518
519
520
521
524
525
527
529
535
536
537
539
540
542
543
546
551
552
557
559
561
562
563
566
567
572
577
578
582
583
584
588
590
594
595
597
598
599
601
602
603
608
611
614
616
617
620
621
623
624
626
631
632
637
638
639
641
642
647
648
651
655
658
659
661
662
665
667
669
670
671
674
675
676
678
679
680
681
682
683
684
685
686
688
691
699
702
703
704
705
706
707
709
710
712
713
714
715
718
730
731
736
739
743
744
745
746
747
749
750
751
752
755
756
758
759
760
762
766
767
771
772
774
775
778
780
785
788
789
790
791
793
794
796
797
799
800
801
802
805
806
807
811
813
815
816
817
821
823
826
828
830
831
835
837
838
839
849
852
853
860
862
864
867
869
872
873
875
876
877
878
879
880
881
882
884
895
896
900
903
906
907
912
913
914
915
916
919
920
921
923
927
929
930
932
933
934
936
937
938
940
941
942
944
948
950
951
952
956
962
964
966
967
970
973
978
980
981
982
987
989
993
995
999
1000
1001
1003
1004
1009
1010
1011
1012
1013
1018
1019
1022
1023
1024
1025
1029
1031
1032
1033
1035
1037
1042
1044
1052
1053
1057
1058
1059
1060
1065
1066
1068
1071
1072
1073
1074
1075
1077
1078
1080
1082
1084
1085
1088
1089
1090
1091
1092
1093
1094
1095
1096
1097
1101
1102
1103
1104
1107
1109
1112
1113
1115
1116
1117
1119
1120
1124
1127
1130
1133
1134
1137
1139
1140
1143
1144
1146
1147
1148
1149
1152
1153
1155
1158
1161
1165
1169
1170
1172
1173
1174
1180
1185
1186
1189
1190
1191
1193
1196
1197
1199
1205
1209
1210
1211
1212
1214
1216
1217
1219
1220
1223
1228
1229
1230
1231
1232
1233
1234
1235
1237
1238
1241
1242
1243
1245
1247
1249
1250
1252
1254
1256
1259
1261
1263
1265
1268
1269
1272
1275
1276
1279
1280
1281
1288
1289
1291
1293
1296
1298
1301
1304
1305
1307
1308
1310
1311
1312
1314
1315
1317
1320
1321
1322
1325
1326
1329
1330
1331
1335
1338
1341
1342
1343
1346
1348
1350
1351
1352
1353
1358
1359
1360
1362
1363
1364
1366
1367
1368
1369
1371
1373
1374
1375
1376
1378
1379
1380
1381
1382
1383
1385
1390
1392
1393
1397
1399
1405
1406
1408
1409
1410
1411
1412
1413
1415
1416
1418
1419
1423
1424
1425
1428
1429
1430
1436
1437
1439
1441
1443
1445
1446
1447
1448
1451
1452
1453
1454
1455
1461
1462
1464
1465
1467
1468
1471
1472
1474
1476
1477
1479
1480
1481
1482
1485
1488
1490
1491
1492
1493
1494
1495
1499
1500
1503
1504
1507
1511
1512
1514
1516
1518
1519
1520
1524
1525
1526
1527
1529
1534
1536
1538
1539
1540
1541
1543
1545
1546
1551
1552
1555
1556
1557
1559
1560
1561
1566
1567
1568
1569
1576
1577
1578
1579
1580
1582
1584
1586
1588
1590
1591
1592
1593
1594
1595
1596
1597
1598
1600
1602
1605
1609
1614
1616
1618
1619
1622
1628
1630
1631
1632
1635
1639
1642
1644
1645
1646
1648
1650
1651
1652
1654
1656
1657
1660
1661
1665
1668
1670
1672
1674
1676
1678
1680
1681
1682
1684
1685
1687
1688
1694
1695
1696
1700
1701
1702
1703
1706
1708
1709
1711
1712
1713
1714
1717
1723
1726
1727
1728
1730
1732
1735
1737
1740
1741
1743
1744
1746
1747
1748
1749
1752
1757
1758
1762
1764
1765
1766
1767
1769
1770
1772
1776
1777
1779
1785
1787
1788
1789
1792
1794
1795
1797
1800
1801
1802
1804
1806
1808
1809
1810
1814
1818
1819
1821
1826
1827
1828
1829
1832
1834
1835
1836
1838
1839
1841
1844
1845
1846
1847
1849
1851
1852
1855
1857
1858
1859
1861
1862
1866
1871
1873
1874
1878
1879
1880
1882
1884
1885
1887
1890
1892
1894
1897
1898
1900
1905
1908
1910
1911
1912
1916
1918
1922
1926
1929
1930
1932
1934
1935
1936
1937
1938
1939
1940
1941
1942
1944
1946
1948
1949
1951
1952
1953
1957
1958
1960
1963
1968
1969
1972
1973
1974
1976
1978
1979
1983
1984
1986
1987
1988
1992
1993
1994
1999
2001
2006
2007
2009
2011
2012
2013
2016
2019
2020
2022
2028
2030
2033
2034
2035
2039
2051
2052
2053
2054
2058
2059
2065
2068
2069
2071
2072
2074
2076
2078
2079
2080
2083
2087
2088
2089
2090
2092
2095
2099
2102
2104
2105
2106
2108
2109
2112
2114
2115
2117
2120
2121
2122
2124
2126
2129
2131
2133
2134
2138
2141
2142
2147
2148
2152
2153
2156
2157
2159
2160
2161
2162
2163
2166
2167
2169
2171
2172
2176
2177
2178
2179
2183
2185
2186
2188
2190
2191
2194
2195
2196
2199
2202
2204
2207
2209
2210
2212
2214
2218
2222
2223
2226
2229
2230
2231
2232
2233
2236
2237
2238
2244
2246
2249
2250
2252
2253
2255
2256
2260
2261
2262
2263
2265
2268
2269
2270
2273
2274
2278
2279
2281
2282
2285
2286
2288
2289
2293
2294
2296
2297
2301
2303
2305
2306
2307
2310
2311
2312
2313
2314
2319
2320
2326
2327
2328
2329
2332
2333
2334
2335
2336
2338
2340
2341
2342
2343
2347
2348
2350
2352
2353
2355
2356
2358
2360
2364
2365
2371
2373
2375
2377
2378
2379
2382
2391
2392
2395
2396
2399
2400
2401
2402
2403
2407
2408
2409
2410
2412
2413
2414
2415
2416
2418
2419
2420
2421
2423
2424
2428
2433
2435
2436
2438
2439
2440
2446
2450
2451
2452
2456
2457
2459
2460
2461
2463
2469
2471
2472
2474
2475
2476
2478
2479
2480
2483
2487
2488
2491
2492
2493
2494
2497
2500
2504
2505
2506
2509
2511
2514
2517
2518
2520
2521
2522
2524
2525
2531
2534
2536
2537
2538
2540
2544
2547
2548
2549
2551
2552
2555
2556
2557
2563
2564
2566
2568
2569
2572
2573
2575
2577
2580
2582
2583
2585
2586
2587
2588
2589
2592
2595
2596
2598
2599
2601
2603
2605
2606
2609
2610
2611
2612
2621
2622
2623
2624
2625
2626
2627
2629
2630
2634
2635
2636
2637
2638
2639
2640
2641
2644
2649
2652
2653
2654
2655
2657
2658
2659
2660
2662
2664
2665
2666
2667
2669
2670
2671
2673
2676
2677
2679
2680
2684
2685
2686
2688
2689
2691
2692
2694
2696
2697
2698
2699
2700
2702
2703
2706
2707
2713
2714
2715
2717
2718
2723
2725
2728
2729
2733
2734
2736
2737
2738
2745
2748
2750
2751
2752
2757
2758
2759
2762
2763
2764
2765
2766
2767
2770
2771
2772
2774
2775
2776
2778
2779
2780
2783
2784
2786
2787
2788
2790
2793
2798
2800
2803
2806
2807
2808
2810
2816
2817
2820
2824
2825
2826
2828
2829
2831
2832
2833
2834
2835
2838
2839
2840
2844
2845
2846
2847
2848
2850
2852
2854
2856
2858
2859
2860
2864
2866
2869
2871
2875
2876
2879
2880
2881
2884
2887
2893
2896
2898
2899
2900
2902
2903
2906
2907
2908
2909
2910
2913
2915
2917
2918
2923
2924
2926
2927
2928
2933
2935
2939
2940
2942
2944
2946
2948
2950
2951
2952
2955
2957
2958
2959
2961
2962
2963
2965
2967
2969
2970
2971
2972
2973
2974
2975
2976
2977
2978
2981
2983
2984
2992
2995
2996
2997
2998
3000
3002
3003
3004
3009
3011
3012
3013
3014
3015
3017
3019
3021
3023
3024
3028
3030
3031
3032
3033
3036
3038
3042
3047
3048
3051
3052
3056
3058
3059
3060
3063
3065
3068
3070
3073
3076
3077
3078
3079
3083
3087
3089
3091
3093
3095
3096
3101
3102
3108
3109
3111
3117
3120
3121
3125
3126
3127
3129
3130
3131
3132
3135
3140
3142
3143
3144
3148
3156
3162
3163
3164
3165
3167
3168
3169
3170
3171
3172
3174
3175
3177
3179
3180
3181
3182
3183
3184
3185
3191
3192
3195
3199
3200
3201
3202
3204
3212
3213
3214
3215
3217
3219
3220
3221
3224
3225
3226
3228
3230
3231
3234
3239
3240
3241
3242
3246
3250
3253
3254
3255
3260
3261
3262
3264
3265
3266
3268
3274
3275
3277
3278
3282
3284
3288
3290
3293
3294
3298
3299
3300
3302
3303
3304
3305
3313
3317
3322
3325
3326
3327
3331
3335
3336
3337
3338
3339
3340
3345
3346
3347
3348
3351
3352
3353
3354
3355
3358
3368
3369
3371
3372
3373
3374
3376
3377
3379
3382
3383
3387
3393
3394
3396
3400
3401
3402
3404
3406
3411
3412
3417
3419
3420
3421
3423
3426
3428
3429
3432
3433
3434
3435
3438
3439
3441
3443
3445
3446
3447
3450
3452
3456
3457
3458
3459
3461
3462
3464
3465
3470
3471
3474
3475
3476
3477
3478
3479
3482
3483
3486
3487
3488
3489
3491
3492
3494
3495
3496
3497
3498
3500
3501
3504
3505
3506
3508
3509
3510
3511
3512
3513
3514
3515
3517
3518
3519
3523
3525
3528
3529
3531
3532
3535
3542
3543
3545
3546
3547
3549
3550
3551
3552
3554
3555
3557
3558
3559
3562
3566
3567
3568
3569
3570
3571
3573
3576
3577
3578
3579
3580
3581
3582
3583
3584
3588
3590
3591
3594
3595
3596
3604
3605
3610
3611
3613
3614
3615
3618
3619
3620
3621
3623
3624
3625
3628
3630
3631
3633
3635
3636
3638
3639
3646
3651
3652
3654
3659
3662
3665
3666
3667
3672
3674
3675
3682
3688
3693
3694
3695
3696
3701
3702
3703
3708
3710
3711
3712
3717
3719
3721
3722
3724
3725
3729
3730
3734
3735
3736
3738
3742
3744
3745
3746
3747
3748
3749
3750
3756
3758
3759
3762
3763
3764
3765
3766
3767
3768
3771
3773
3776
3777
3780
3781
3789
3790
3791
3792
3793
3796
3797
3798
3799
3800
3803
3804
3808
3814
3815
3818
3820
3821
3822
3823
3825
3826
3827
3832
3834
3835
3836
3838
3839
3840
3841
3842
3843
3844
3845
3846
3849
3852
3854
3855
3858
3859
3860
3861
3866
3867
3868
3869
3871
3872
3873
3874
3876
3879
3883
3885
3890
3891
3892
3894
3901
3902
3904
3907
3908
3909
3911
3913
3914
3916
3917
3918
3919
3922
3923
3924
3927
3931
3932
3933
3938
3939
3942
3944
3945
3946
3947
3948
3951
3952
3953
3955
3958
3959
3964
3968
3969
3970
3973
3974
3975
3976
3977
3978
3982
3986
3987
3988
3993
4000
4001
4002
4003
4008
4009
4010
4011
4012
4016
4017
4020
4023
4026
4027
4028
4030
4031
4032
4033
4034
4035
4036
4038
4039
4040
4041
4043
4044
4047
4050
4052
4053
4054
4055
4056
4058
4059
4063
4065
4067
4068
4069
4071
4072
4074
4077
4079
4080
4081
4084
4086
4087
4088
4091
4092
4094
4096
4097
4098
4099
4100
4101
4102
4103
4105
4109
4110
4114
4117
4118
4120
4121
4122
4124
4125
4126
4128
4129
4130
4131
4134
4135
4138
4140
4143
4146
4147
4148
4150
4152
4153
4154
4156
4157
4159
4160
4163
4164
4165
4168
4173
4176
4178
4180
4184
4185
4186
4189
4191
4193
4194
4195
4196
4198
4201
4203
4206
4207
4209
4211
4214
4215
4217
4219
4221
4222
4225
4226
4227
4228
4232
4234
4236
4238
4239
4241
4242
4243
4245
4246
4247
4252
4253
4256
4257
4259
4260
4264
4265
4266
4267
4268
4269
4270
4271
4280
4281
4282
4283
4286
4288
4290
4291
4295
4296
4298
4301
4305
4307
4308
4317
4318
4325
4326
4327
4328
4329
4330
4331
4332
4334
4335
4339
4340
4344
4345
4349
4350
4352
4354
4355
4356
4359
4361
4368
4370
4371
4373
4376
4377
4379
4381
4384
4386
4389
4390
4391
4393
4395
4396
4398
4401
4402
4404
4408
4409
4411
4415
4416
4418
4419
4423
4424
4425
4427
4429
4430
4434
3
5
7
8
10
12
15
16
26
30
38
39
43
48
49
50
51
53
54
56
61
64
67
80
81
84
86
91
97
101
102
109
115
131
136
138
144
145
150
153
157
158
161
164
167
174
176
178
182
185
186
187
189
191
194
206
209
211
212
213
223
233
239
245
246
259
262
267
269
274
278
279
280
288
295
297
304
306
307
314
325
327
332
339
340
341
346
357
360
365
379
391
392
393
396
404
408
416
421
427
429
430
432
437
440
447
452
457
459
461
465
467
471
472
473
476
480
490
496
498
502
505
508
509
512
517
523
528
530
532
533
534
538
550
553
556
558
560
565
568
569
571
574
581
585
591
592
600
604
605
606
607
609
610
612
615
619
625
627
628
629
633
635
640
645
650
653
654
656
657
660
663
664
666
673
687
692
693
695
700
701
708
711
717
721
722
723
725
727
733
734
735
738
742
748
753
761
764
773
776
777
783
792
803
810
812
814
820
825
833
843
844
845
846
847
848
855
856
861
863
865
866
870
874
886
887
893
897
898
901
902
904
911
917
922
926
939
943
945
947
957
958
959
965
968
969
974
975
976
977
983
986
994
996
997
1002
1007
1015
1017
1026
1027
1030
1034
1036
1038
1039
1040
1041
1046
1048
1050
1054
1055
1061
1062
1067
1069
1087
1099
1105
1108
1118
1122
1125
1135
1138
1145
1151
1156
1162
1163
1166
1168
1179
1181
1182
1183
1187
1194
1200
1201
1202
1203
1206
1207
1208
1213
1227
1239
1240
1248
1253
1255
1257
1262
1264
1267
1273
1274
1278
1282
1283
1284
1285
1287
1292
1294
1295
1297
1299
1300
1302
1306
1313
1316
1318
1319
1323
1327
1332
1334
1340
1344
1345
1347
1349
1354
1355
1356
1357
1365
1384
1387
1388
1395
1398
1401
1402
1404
1414
1417
1427
1432
1434
1440
1442
1444
1449
1450
1458
1459
1460
1463
1469
1473
1475
1478
1483
1497
1498
1502
1506
1513
1522
1523
1530
1531
1533
1535
1542
1549
1550
1553
1554
1563
1570
1572
1575
1581
1583
1585
1587
1599
1601
1604
1607
1615
1621
1625
1626
1633
1636
1641
1643
1647
1649
1653
1658
1671
1673
1683
1689
1690
1691
1693
1697
1698
1707
1710
1715
1716
1719
1720
1722
1724
1725
1729
1731
1734
1739
1753
1754
1755
1756
1768
1771
1774
1780
1782
1783
1786
1793
1799
1805
1807
1811
1812
1816
1820
1822
1823
1833
1837
1840
1843
1854
1856
1867
1868
1869
1872
1876
1881
1883
1886
1888
1896
1899
1901
1902
1903
1906
1907
1915
1917
1920
1931
1945
1950
1955
1956
1965
1967
1975
1977
1981
1982
1985
1989
1990
1991
1995
1998
2002
2003
2023
2025
2031
2036
2038
2049
2057
2060
2063
2066
2067
2077
2084
2085
2091
2093
2096
2097
2100
2101
2107
2113
2116
2118
2123
2127
2128
2130
2132
2139
2144
2145
2146
2149
2150
2154
2155
2164
2168
2174
2175
2192
2197
2200
2201
2203
2205
2206
2216
2219
2220
2225
2227
2241
2242
2243
2247
2248
2251
2254
2259
2277
2284
2287
2290
2292
2298
2299
2300
2309
2317
2321
2331
2337
2344
2345
2351
2354
2357
2359
2362
2366
2369
2370
2380
2381
2383
2384
2385
2388
2389
2390
2393
2397
2422
2427
2430
2431
2432
2441
2447
2448
2449
2458
2465
2467
2473
2477
2481
2482
2484
2490
2495
2496
2498
2499
2501
2503
2507
2508
2510
2512
2513
2516
2519
2523
2526
2530
2535
2539
2541
2550
2558
2559
2560
2562
2565
2570
2574
2576
2579
2590
2594
2597
2602
2604
2607
2613
2615
2616
2617
2619
2631
2642
2645
2646
2651
2656
2663
2668
2674
2675
2678
2681
2683
2687
2693
2695
2704
2711
2724
2727
2730
2731
2739
2740
2742
2746
2747
2755
2760
2761
2768
2773
2777
2785
2789
2791
2795
2796
2797
2799
2801
2802
2804
2809
2811
2812
2814
2821
2823
2827
2830
2836
2842
2853
2855
2863
2867
2870
2873
2874
2877
2883
2885
2888
2889
2891
2895
2911
2914
2916
2920
2921
2925
2930
2934
2936
2937
2938
2941
2945
2953
2954
2956
2960
2966
2980
2986
2987
2989
2994
3008
3010
3018
3020
3025
3026
3027
3029
3035
3037
3039
3040
3044
3045
3046
3053
3054
3055
3061
3062
3066
3067
3074
3080
3081
3085
3086
3092
3100
3107
3112
3113
3118
3119
3124
3128
3136
3139
3145
3147
3149
3151
3153
3154
3157
3159
3160
3176
3187
3189
3198
3203
3206
3208
3209
3216
3222
3223
3229
3235
3236
3245
3249
3256
3257
3258
3263
3270
3271
3276
3281
3285
3286
3289
3291
3292
3295
3296
3297
3308
3310
3311
3314
3315
3316
3318
3319
3320
3321
3323
3324
3328
3329
3330
3332
3342
3356
3359
3364
3365
3370
3375
3381
3386
3388
3389
3395
3397
3398
3405
3408
3410
3414
3415
3416
3422
3425
3427
3431
3436
3440
3442
3444
3451
3453
3454
3455
3460
3463
3466
3468
3472
3480
3481
3503
3520
3522
3524
3527
3530
3533
3537
3540
3548
3563
3585
3587
3589
3597
3598
3606
3607
3608
3609
3617
3634
3642
3643
3647
3648
3650
3653
3655
3656
3657
3658
3668
3669
3670
3671
3673
3676
3678
3684
3686
3689
3690
3691
3697
3698
3699
3700
3705
3707
3720
3723
3726
3727
3733
3737
3739
3741
3743
3760
3774
3775
3778
3779
3782
3783
3784
3785
3786
3794
3795
3801
3802
3809
3811
3816
3817
3819
3824
3828
3831
3833
3853
3856
3857
3862
3864
3865
3870
3875
3877
3880
3882
3884
3886
3888
3889
3895
3896
3897
3898
3899
3900
3903
3905
3912
3915
3921
3926
3928
3929
3935
3937
3954
3956
3963
3965
3967
3972
3979
3983
3985
3989
3991
3992
3994
3995
3996
3997
3999
4006
4007
4013
4014
4018
4019
4021
4024
4025
4048
4060
4061
4073
4075
4076
4078
4082
4083
4085
4089
4093
4107
4108
4111
4112
4116
4119
4127
4132
4133
4136
4137
4142
4158
4166
4170
4175
4177
4182
4187
4188
4199
4200
4204
4205
4210
4212
4216
4218
4220
4223
4229
4231
4235
4261
4262
4272
4275
4278
4284
4287
4293
4294
4304
4309
4311
4312
4313
4314
4315
4316
4337
4343
4348
4360
4363
4364
4365
4366
4372
4375
4378
4383
4385
4388
4394
4397
4399
4406
4407
4410
4414
4417
4420
4421
4428
4431
4433
1
2
11
14
25
27
28
29
33
40
42
44
46
47
55
60
63
73
76
77
78
79
83
85
87
90
107
108
111
114
116
118
124
130
132
135
140
142
143
148
149
152
154
155
156
162
165
168
170
173
179
180
181
188
192
193
196
197
201
202
203
204
205
210
219
224
226
232
235
243
255
256
257
260
265
266
268
281
286
289
291
292
301
302
305
310
313
316
318
320
323
326
330
336
343
345
347
350
351
356
358
359
362
363
364
366
368
369
370
374
376
381
387
389
390
395
398
409
417
419
422
426
428
436
443
444
445
448
454
462
463
464
468
479
481
482
483
484
489
491
495
506
510
511
522
526
531
541
544
545
547
548
549
554
555
564
570
573
575
576
579
580
586
587
589
593
596
613
618
622
630
634
636
643
644
646
649
652
668
672
677
689
690
694
696
697
698
716
719
720
724
726
728
729
732
737
740
741
754
757
763
765
768
769
770
779
781
782
784
786
787
795
798
804
808
809
818
819
822
824
827
829
832
834
836
840
841
842
850
851
854
857
858
859
868
871
883
885
888
889
890
891
892
894
899
905
908
909
910
918
924
925
928
931
935
946
949
953
954
955
960
961
963
971
972
979
984
985
988
990
991
992
998
1005
1006
1008
1014
1016
1020
1021
1028
1043
1045
1047
1049
1051
1056
1063
1064
1070
1076
1079
1081
1083
1086
1098
1100
1106
1110
1111
1114
1121
1123
1126
1128
1129
1131
1132
1136
1141
1142
1150
1154
1157
1159
1160
1164
1167
1171
1175
1176
1177
1178
1184
1188
1192
1195
1198
1204
1215
1218
1221
1222
1224
1225
1226
1236
1244
1246
1251
1258
1260
1266
1270
1271
1277
1286
1290
1303
1309
1324
1328
1333
1336
1337
1339
1361
1370
1372
1377
1386
1389
1391
1394
1396
1400
1403
1407
1420
1421
1422
1426
1431
1433
1435
1438
1456
1457
1466
1470
1484
1486
1487
1489
1496
1501
1505
1508
1509
1510
1515
1517
1521
1528
1532
1537
1544
1547
1548
1558
1562
1564
1565
1571
1573
1574
1589
1603
1606
1608
1610
1611
1612
1613
1617
1620
1623
1624
1627
1629
1634
1637
1638
1640
1655
1659
1662
1663
1664
1666
1667
1669
1675
1677
1679
1686
1692
1699
1704
1705
1718
1721
1733
1736
1738
1742
1745
1750
1751
1759
1760
1761
1763
1773
1775
1778
1781
1784
1790
1791
1796
1798
1803
1813
1815
1817
1824
1825
1830
1831
1842
1848
1850
1853
1860
1863
1864
1865
1870
1875
1877
1889
1891
1893
1895
1904
1909
1913
1914
1919
1921
1923
1924
1925
1927
1928
1933
1943
1947
1954
1959
1961
1962
1964
1966
1970
1971
1980
1996
1997
2000
2004
2005
2008
2010
2014
2015
2017
2018
2021
2024
2026
2027
2029
2032
2037
2040
2041
2042
2043
2044
2045
2046
2047
2048
2050
2055
2056
2061
2062
2064
2070
2073
2075
2081
2082
2086
2094
2098
2103
2110
2111
2119
2125
2135
2136
2137
2140
2143
2151
2158
2165
2170
2173
2180
2181
2182
2184
2187
2189
2193
2198
2208
2211
2213
2215
2217
2221
2224
2228
2234
2235
2239
2240
2245
2257
2258
2264
2266
2267
2271
2272
2275
2276
2280
2283
2291
2295
2302
2304
2308
2315
2316
2318
2322
2323
2324
2325
2330
2339
2346
2349
2361
2363
2367
2368
2372
2374
2376
2386
2387
2394
2398
2404
2405
2406
2411
2417
2425
2426
2429
2434
2437
2442
2443
2444
2445
2453
2454
2455
2462
2464
2466
2468
2470
2485
2486
2489
2502
2515
2527
2528
2529
2532
2533
2542
2543
2545
2546
2553
2554
2561
2567
2571
2578
2581
2584
2591
2593
2600
2608
2614
2618
2620
2628
2632
2633
2643
2647
2648
2650
2661
2672
2682
2690
2701
2705
2708
2709
2710
2712
2716
2719
2720
2721
2722
2726
2732
2735
2741
2743
2744
2749
2753
2754
2756
2769
2781
2782
2792
2794
2805
2813
2815
2818
2819
2822
2837
2841
2843
2849
2851
2857
2861
2862
2865
2868
2872
2878
2882
2886
2890
2892
2894
2897
2901
2904
2905
2912
2919
2922
2929
2931
2932
2943
2947
2949
2964
2968
2979
2982
2985
2988
2990
2991
2993
2999
3001
3005
3006
3007
3016
3022
3034
3041
3043
3049
3050
3057
3064
3069
3071
3072
3075
3082
3084
3088
3090
3094
3097
3098
3099
3103
3104
3105
3106
3110
3114
3115
3116
3122
3123
3133
3134
3137
3138
3141
3146
3150
3152
3155
3158
3161
3166
3173
3178
3186
3188
3190
3193
3194
3196
3197
3205
3207
3210
3211
3218
3227
3232
3233
3237
3238
3243
3244
3247
3248
3251
3252
3259
3267
3269
3272
3273
3279
3280
3283
3287
3301
3306
3307
3309
3312
3333
3334
3341
3343
3344
3349
3350
3357
3360
3361
3362
3363
3366
3367
3378
3380
3384
3385
3390
3391
3392
3399
3403
3407
3409
3413
3418
3424
3430
3437
3448
3449
3467
3469
3473
3484
3485
3490
3493
3499
3502
3507
3516
3521
3526
3534
3536
3538
3539
3541
3544
3553
3556
3560
3561
3564
3565
3572
3574
3575
3586
3592
3593
3599
3600
3601
3602
3603
3612
3616
3622
3626
3627
3629
3632
3637
3640
3641
3644
3645
3649
3660
3661
3663
3664
3677
3679
3680
3681
3683
3685
3687
3692
3704
3706
3709
3713
3714
3715
3716
3718
3728
3731
3732
3740
3751
3752
3753
3754
3755
3757
3761
3769
3770
3772
3787
3788
3805
3806
3807
3810
3812
3813
3829
3830
3837
3847
3848
3850
3851
3863
3878
3881
3887
3893
3906
3910
3920
3925
3930
3934
3936
3940
3941
3943
3949
3950
3957
3960
3961
3962
3966
3971
3980
3981
3984
3990
3998
4004
4005
4015
4022
4029
4037
4042
4045
4046
4049
4051
4057
4062
4064
4066
4070
4090
4095
4104
4106
4113
4115
4123
4139
4141
4144
4145
4149
4151
4155
4161
4162
4167
4169
4171
4172
4174
4179
4181
4183
4190
4192
4197
4202
4208
4213
4224
4230
4233
4237
4240
4244
4248
4249
4250
4251
4254
4255
4258
4263
4273
4274
4276
4277
4279
4285
4289
4292
4297
4299
4300
4302
4303
4306
4310
4319
4320
4321
4322
4323
4324
4333
4336
4338
4341
4342
4346
4347
4351
4353
4357
4358
4362
4367
4369
4374
4380
4382
4387
4392
4400
4403
4405
4412
4413
4422
4426
4432
